4.427323524580135
4.177711020131915
3.9976891250081272
3.671743557921276
3.6985874936662526
3.4786830243149387
3.7960042266967164
3.2900089711448963
3.181459338393299
3.2020234312714018
3.2684535822596565
3.165447302751412
2.8852711886021205
2.955873580765162
2.7132812624357063
2.817647009058238
2.6790874132070885
2.6002065148032605
2.6376584297390044
2.7620775375936746
2.4840586811889778
2.376069710310986
2.3914821933727852
2.4927867251874214
2.482526308846754
2.4400386076192757
2.3805301328720914
2.534421740213914
2.3579664464297627
2.1667497073909945
2.267501611223163
2.273277690012859
2.1958016191732446
2.1694208724155963
2.303451675813476
2.117560239437314
2.0349852264651793
2.110934530238585
2.060793005645724
2.0443845920013275
1.9902332521632204
1.865957897883303
1.849938394961794
1.9430262693961051
1.925259837190854
1.7948826257626815
1.8861164913779724
1.7898624846105435
1.8686795646906262
1.9439817055684308
1.7370668830442857
1.8030678728750307
1.5931679592303394
1.7119891670357945
1.5948733756825944
1.6709486198459143
1.6832346675761312
1.74397837950672
1.4742730282887213
1.546386715674472
1.6114628304502105
1.5790112750239516
1.387777012847831
1.476095704461001
1.4870237655334833
1.4043290434134537
1.3688190926281758
1.376179467820677
1.3848887945595663
1.095049819417062
1.4024171025602075
1.183798195962749
1.4255596739582894
1.268867930290122
1.1858336028989358
1.1820640622971523
1.0492576538040532
1.104340799074602
1.2476242875369543
1.0324040438025808
0.9238018901668779
1.0775353766231772
1.1288932570364836
1.1064736175239698
1.0193689549233937
1.0417956880749528
0.8620662047176246
1.0370058895338623
0.9431224161351889
0.9347601995057575
0.8725467405698911
0.8606065255902801
0.8988716287032339
0.8740600096354452
0.9479966604207807
0.9096140028181574
0.8842733806071864
0.9040310507703302
0.881973326087693
0.8741604823820859
0.668531043838721
0.7566773056894047
0.8168083563474685
0.7927767622375615
0.9014408657362931
0.7412728160925146
0.8254801290535575
0.7779413053369829
0.7279749553643138
0.7586094429744228
0.7877489967916773
0.6877180548307786
0.6746154330429899
0.6322447662249612
0.7334449260142952
0.6886812931178333
0.5554104092810613
0.5633218508632306
0.6738212770105434
0.670121845236533
0.5925553248440989
0.6653873789345116
0.6171342279921135
0.6325843771432523
0.535696851263692
0.5710379171933355
0.5334267685769267
0.4649476266640146
0.5717953260711827
0.5206635585733513
0.6124970787417399
0.515398897215126
0.5432845812230351
0.4204736945785851
0.5069325397012485
0.5423921627846482
0.5213372630339428
0.5032508594246471
0.4672978700513662
0.4884099565104473
0.5012796988712377
0.40824742975308326
0.33002220696900936
0.4339997531168577
0.4283087555348898
0.39753652412363294
0.46001258172994886
0.44123545651501717
0.3916751236671658
0.45407241832032064
0.40224312625689385
0.46323441662126746
0.3529695502716018
0.3937920154313596
0.30280145468636643
0.3529462342715803
0.34436869110470975
0.4020905116143081
0.37673364685210814
0.32498598421745034
0.3228427444771521
0.3523942508752685
0.3447368343702834
0.3700288710512264
0.33666185102550344
0.32884257385786203
0.3304603495996684
0.3540988025346325
0.31467002216777173
0.24791696373178965
0.32337472864867767
0.35212290369056165
0.3620223732763681
0.3134543157498417
0.4016451723077469
0.3224063438657741
0.30361446024898886
0.2906542935523267
0.2594167633714161
0.31702392017177206
0.3028504244902872
0.27873872728348237
0.25755609598448664
0.2804026610204187
0.3221457519186836
0.2730991836305051
0.30476667840216237
0.3385102044608702
0.2704147481969212
0.27967644777952955
0.3061788407538839
0.27843222362877107
0.24816450315664068
0.21912991156940215
0.2238675064311797
0.2928758585042391
0.3228096952828285
0.2393552096366744
0.30338594154086984
0.2536928028395787
0.24661977533250293
0.2846137928706658
0.24278479778351633
0.2921765054586006
0.1941808012729158
0.27671986250763136
0.20184415174345643
0.22707949285735757
0.2458537491778995
0.27059267574398405
0.2637835609232187
0.19637785773679425
0.24545361825218254
0.21536308531260043
0.2318497445193107
0.23455400761962303
0.18223275958881371
0.2036726589941107
0.16309022947694046
0.1905026268936893
0.21692153691692967
0.20028093490130114
0.1939849673781268
0.1712413919300435
0.18069712365065121
0.24049618332652228
0.19410739567131993
0.24392760415763357
0.1811670471626971
0.22026303051314738
0.19287713391054395
0.20893263505816811
0.22106847703973637
0.22066837498724054
0.18172725058883543
0.2235071541821351
0.19258756389108456
0.1877081130595034
0.21015357662313985
0.16156308565130206
0.16882257395083755
0.16121305176361045
0.22443882352629535
0.17475353595522403
0.18663546703929496
0.15322057358638638
0.1880796188837775
0.17563886995027966
0.15793742153757534
0.13229098779036444
0.17922385416555225
0.18706706696572345
0.1940775698046217
0.18697138019817858
0.12425611045195976
0.1477947971619868
0.18354466152285095
0.20303690713117456
0.17771079719677355
0.19065156417214676
0.1484849524263726
0.16829189362969693
0.17381419777444362
0.213086137042233
0.18706687091794835
0.16010645918248126
0.13735490096842448
0.15477545048249197
0.11828065373272478
0.12250489393590291
0.1717364780743428
0.15003251625915096
0.13526709267727344
0.12920538649679117
0.1338327171750153
0.1559917253043261
0.21303897467109084
0.1825299987152133
0.1451737562425738
0.1597607790085088
0.16690026477038328
0.14572118989013372
0.13526158249512843
0.12085515635601876
0.13820148596324242
0.13777031150677188
0.1432773881152461
0.12007986894622813
0.1556161645596102
0.10068950731172943
0.17099371466156602
0.12927950579617295
0.18204478884886374
0.1433997602098635
0.13113058740853498
0.12058857390937143
0.10222005135201276
0.13104556260850939
0.15922411402167364
0.13217482748658177
0.1163848523774039
0.12562918625135716
0.1341509879794782
0.1176989076954773
0.1272804134987892
0.1113269727107175
0.11501134789292318
0.09443797840508548
0.1805591627825142
0.0888572017996956
0.1180989650342807
0.1090708292757423
0.12649548086387236
0.15138324472485282
0.1281470839899049
0.10750987949664333
0.14644223946319482
0.13138138819769887
0.17541666176420367
0.12448719971749082
0.17378190603522334
0.0806642259368628
0.07976179658781539
0.10897009505849194
0.10160419844666965
0.11341892732786019
0.14185870675683424
0.1263898768822241
0.08459756154709894
0.12409335024312225
0.11416181434246667
0.13466625247810732
0.09212098088970652
0.12694006214594436
0.10855301415182869
0.12610637298718183
0.09594555300081206
0.11207625778293664
0.08626619589526657
0.0961126831217278
0.07678409462910663
0.08287531153594949
0.14161373022589085
0.13282395844901262
0.14134318829821735
0.11673309586494343
0.11536808009673441
0.10330158295363052
0.09913438850887263
0.10637604425387051
0.10084868172152228
0.11412728524536583
0.13024080910420763
0.11016323986002616
0.09167184865239737
0.09315254666250415
0.11854147470059598
0.09887906761264993
0.10599742805266021
0.07597293902968467
0.09357666803952056
0.10081980492839293
0.08113520861047074
0.10780686606267127
0.09260491952621625
0.09102159966780145
0.07999581743839815
0.09468501175705972
0.11025872358590476
0.09617661664050846
0.09726812092347707
0.07445218586222237
0.0686987277691992
0.11700140559221758
0.08769984387896071
0.11134068909701274
0.12200231981818706
0.085766859393234
0.07897875601813523
0.10391310661459233
0.07555038376248038
0.1056889565709997
0.0716764695796378
0.08446327305782621
0.07468810260859257
0.09157145562106826
0.11720401040591714
0.07366226045673621
0.06647959935229997
0.0691939195017445
0.0762954250606729
0.10697340196504843
0.07471428560475027
0.09351979864548311
0.09752024398757828
0.0982015043625772
0.08709191082907326
0.11306965817320287
0.07684950370162028
0.08315183557365077
