1.376975941946583
1.1484368956581645
1.169573579057517
1.2138948591597212
1.1053963741715083
0.821891342493178
0.9590083134219969
1.119453651747313
1.0868607063257172
1.04458449994797
0.973550255574579
0.7132116061080455
0.9138010321508399
0.8163647211066694
0.7175262890577335
0.7583999821437687
0.7869432939324086
0.6211173000080836
0.6408719128268279
0.7273480589749718
0.7091871027764463
0.5631020503789184
0.4491198201655652
0.7218391973607401
0.5695107235799949
0.52606863603523
0.4912088723944096
0.41739297214061744
0.40431699208569444
0.4611502892647188
0.5778381033566256
0.402955702473902
0.2372795420869384
0.4245831408080655
0.2652316288291776
0.4371175315051592
0.2992430634285304
0.3337410430150799
0.21083680926711437
0.3352901922389057
0.26528985394882565
0.22595633547390218
0.3079097306945411
0.2881952742235314
0.2630867057263466
0.1894318723502094
0.26379096756439374
0.20859851840407825
0.23936395937265192
0.18048631519575636
0.21594729566151433
0.18381819377587819
0.13594265014057452
0.1628688303865607
0.20512835183337805
0.20717333805063515
0.13666918369281564
0.18686975758514104
0.1588199496458999
0.1452004945715003
0.16875757187432222
0.12343534681218626
0.11619089359943832
0.12805733053506696
0.1498840654049708
0.1266083816325918
0.16139042713379254
0.09516560631019794
0.15006187800976006
0.11336103969063929
0.12418573082544168
0.09308379077325311
0.15259588080580178
0.16117093660629098
0.13563501290277033
0.08337781908377394
0.12606745133430633
0.11242318206387736
0.12100066431917227
0.11416799462827738
0.09207938580063997
0.10149882569730602
0.11154052260818437
0.10680324702129025
0.09741222592462018
0.08241010476743957
0.09134051617456436
0.10218323726018139
0.08209281110242186
0.07674680068421663
0.08727443121482233
0.1012434246117186
0.10236804328779794
0.0588766295009846
0.07745392812585314
0.06815633708279684
0.08807670735653154
0.08245833795148358
0.10830093633448512
0.0924695973796604
0.0841997648488437
0.06768902227247926
0.07233620414143713
0.0971435712143282
0.06404665395864158
0.07953894986028202
0.07721081578601967
0.07789441949406392
0.0701844075069878
0.06929613009162562
0.060276848911840576
0.08447482957602921
0.059706794721754795
0.06412297173489115
0.05761893379157873
0.058637127869268356
0.058497560160127825
0.07161847140811296
0.04818563501740384
0.05419932451968447
0.04030150701260366
0.06424438751651944
0.05070953406659906
0.051462677141897194
0.046773900026557756
0.05087552063571432
0.06326506645167289
0.03873364907497117
0.05635160648294146
0.03512211197455712
0.04952564110491027
0.04815421968680706
0.03343494347706689
0.046973855118680956
0.05622562243589142
0.05819243900526737
0.04694805003492644
0.055133660263724994
0.050078929121140536
0.06946826479817995
0.04749355522568625
0.046705066322478596
0.04715294941687668
0.04808065084176169
0.044117821805786855
0.046624378324899796
0.04893988879443585
0.03814503374770008
0.044571446024983925
0.04292930432011205
0.04134351548752705
0.03467910057680566
0.04512634760488228
0.0400353170806663
0.036814267657495583
0.05305174232273878
0.04384498143267067
0.041535552293453
0.03249137286757901
0.04134884919870174
0.03323468519924312
0.03962484356416214
0.03666631029957352
0.04465808914809146
0.03194546674733209
0.04399846269487295
0.037159292532316805
0.04185322023737677
0.03253333609178437
0.03053690616594979
0.03684632246521527
0.034740946558225946
0.03357291320526352
0.0400566098470747
0.034515107158950356
0.03199847811614329
0.04310381841318216
0.04929226664280572
0.03182634956615389
0.04412868590514822
0.03485470416413557
0.03724652387081517
0.026920001562120092
0.03173672925498407
0.03868784076978658
0.02853189128812782
0.034867449592618935
0.025168269128155108
0.027058315278973316
0.03582204877644039
0.0355163350114145
0.03540284101524155
0.025307083767903256
0.035637228571182296
0.03861736833236161
0.03334658707658989
0.024456840483077866
0.034977578768023494
0.024185955329502858
0.02236003238823865
0.03869842752198946
0.03434649364201474
0.028038336579035483
0.023186000736322147
0.03680328973966078
0.0335715999747412
0.040671675962242665
0.028053357955884158
0.03207385730308941
0.024127344808936992
0.035838697865082925
0.03409976778075051
0.03692772302259674
0.028590907483545695
0.028490225677056908
0.03279587353102304
0.029441083687215874
0.03567680663044215
0.037850950238015
0.02773886724327802
0.024146109862198555
0.027708762716837566
0.04049908426512423
0.019960961635426176
0.03517417729857891
0.027841835679206804
0.0210872815725693
0.029787344039870295
0.026090072390062436
0.032778075451977404
0.02512986159617907
0.031202306454126954
0.026833610302520572
0.03284930791559617
0.03243615016497797
0.03832986057576836
0.02950183652886506
0.03544240033336213
0.0278920156396187
0.028555339040265186
0.034312288785882814
0.025985230082600043
0.021404381636656717
0.03057227796980594
0.07059038056927154
0.02965665567351733
0.03233611214175471
0.03642419864767099
0.036256602342303365
0.03985367960088955
0.027784186568617263
0.02112565292780531
0.024649560159664956
0.04269162433500853
0.04008608523361908
0.022273699242301305
0.031285104382968755
0.029635218028004617
0.03695292413429576
0.029932927656339176
0.04051628873423328
0.027310862338359963
0.040522393723438924
0.03570519725792485
0.025372013637176238
0.03611316462823401
0.037435304911648495
0.031052911365084795
0.03304005257490822
0.029291446345718324
0.027200336642798795
0.0296211875293017
0.02422330608138584
0.026381708847195977
0.023455009774929876
0.03649933651907926
0.028811779889894563
0.02814271243141085
0.02751042700711826
0.027511912802426108
0.028168123369934
0.02410165572378003
0.024725041128814088
0.030976548235984596
0.02444537618616224
0.0242846265272609
0.026573048487090294
0.024308952497939598
0.024961848261217785
0.02314035741183201
0.0257070263096719
0.024000468543948557
0.02667401657966557
0.029039849342670947
0.026689368135498315
0.029828771143983086
0.02423865307023012
0.03546973749143896
0.02981385380248191
0.02941884675385163
0.032516139254862284
0.028787676835846227
0.023060492952942237
0.02152303591429112
0.034845244705640877
0.027739280022133016
0.017862519508067554
0.022717514876711233
0.025106173735498265
0.024563399141008684
0.02608273673506876
0.025353525509855156
0.030872423764878566
0.026664632298899104
0.02333261258477617
0.025512612796121048
0.02227153079875882
0.02615659792749565
0.031778977875405706
0.015453303239971534
0.02362475613900838
0.02891209747872655
0.02466385347718641
0.03000732212901438
0.022016451013736067
0.028653723875972613
0.029819946586970236
0.024288779154568625
0.027193520637696634
0.023310971273605836
0.024929049720850027
0.02786567359858482
0.031031057349779134
0.027585769268037165
0.028859154499151236
0.0234209912170427
0.024093337036659314
0.029897508716586706
0.029356283835888737
0.023601121476153966
0.02931489918627475
0.03136906016520384
0.024801106933284352
0.024479132415768556
0.02566186642061582
0.019891316086548337
0.022688010884164604
0.021714679702437047
0.022323414614754653
0.028724645212302592
0.02583040785449121
0.025180144537775794
0.027754005868774207
0.020912089185068854
0.02253544270764992
0.02366390554196978
0.01739290781529926
0.01888902361590228
0.024575911633782248
0.03264615544904756
0.0379587845490136
0.020785748480932127
0.025325203094609245
0.022214488788161665
0.0375112164859262
0.02440236123077067
0.030503917902781525
0.02860199489876733
0.026345316187261207
0.028872589226730434
0.02437931763022516
0.025220422299677952
0.02546411918323669
0.025691533153752666
0.04996380249052757
0.027183596705390285
0.0243676930865513
0.025996456313935924
0.026037545906615688
0.043230609747035846
0.03099948144206413
0.029064011502224568
0.02976415187189254
0.019633800631997437
0.03250560376329483
0.028628179036091113
0.024125528092552397
0.041011345241025746
0.021796081247403225
0.023597499936642903
0.02717892883268133
0.026071743128397523
0.02853845417549273
0.035182070453837554
0.0237935865275462
0.02716282487468727
0.025923790122844115
0.02835428263753174
0.02510355900280057
0.018783735705116555
