1.2193797452699144
0.999477230575738
0.9918437061056748
0.9689966869213313
1.0733067632428954
0.8021664737092518
0.8628411487538168
0.6402929931206413
0.8216427463774355
0.6957427921287329
0.8756073145397126
0.7281896127190195
0.651691816580084
0.6461995912527139
0.5069868843417589
0.6605271395431906
0.7675021742471269
0.5343845117807556
0.48414429471988163
0.5785169518401931
0.5682241886338713
0.5165347598525554
0.5781682598858032
0.5665090735398761
0.553951271291153
0.5462338400831139
0.5397571498769932
0.6799521183008685
0.4971367542768842
0.5374091417409066
0.5464615581477416
0.5490625931973625
0.48857975426109
0.4450490420617575
0.4761080249918779
0.3377887191770256
0.41182035199180156
0.3282335852497599
0.3973070364750122
0.3956604226185212
0.3278405014428288
0.3934623964947118
0.4221428108449567
0.345832064288146
0.29992419357551275
0.40126606636681394
0.44928034808626593
0.3427932116960769
0.41279040607410333
0.35411143990035643
0.27699710377692993
0.385806113508336
0.36726528857551743
0.40104776343694193
0.3744180072383295
0.3321084099840459
0.3517803955100701
0.39010951363197555
0.36650537167552033
0.34876275192323924
0.3562996518055972
0.3705920209728294
0.32479485870146607
0.3066116980362168
0.2931315892069584
0.30761393334622456
0.29838887941294395
0.34710110083544526
0.22474263865808183
0.25546477111258936
0.35400024933438745
0.35401416407374786
0.2766800848498541
0.19952517425722588
0.2762391861422584
0.2792007973627154
0.331018393780716
0.25834871562230655
0.3314706944618383
0.3685948777723683
0.29898491004423083
0.3196186947317226
0.30534216365175776
0.28787457712063036
0.2953480995912075
0.2522536346898177
0.2802309608285077
0.3247357775629967
0.28734403827265825
0.28656188612862155
0.2741803498074834
0.24577057572340003
0.1992148370016547
0.2945635059547874
0.2357180496614219
0.2989025754959545
0.19765973214758797
0.2344881102898979
0.32120669082032627
0.3229479702977172
0.33432270774018624
0.27586620190470656
0.3138799577757938
0.29721923311654475
0.224806150960786
0.28856898453800167
0.2159171366235378
0.23731685663009428
0.22141990639568734
0.22180410283909086
0.21838086809414237
0.23117239543091336
0.31776733489225734
0.2569250413527718
0.23712999238927232
0.18956751811107436
0.18998875891952613
0.2106449904305856
0.2609348045458052
0.21521176460116767
0.17991733128460513
0.2086346496559166
0.25476851483738133
0.23506616441992242
0.28396709929481667
0.28919779384377675
0.2661037679968795
0.17438049831184754
0.2054113813608386
0.2306811905026586
0.2489653629309682
0.21350573537866735
0.2120475500565024
0.1627405335821715
0.26094356973394783
0.17087791888650528
0.1510629527333083
0.17033163360699174
0.2790090279122127
0.22653034064412472
0.190886264842207
0.21530885408934758
0.20914503261766537
0.19887435783625948
0.2255437567132783
0.2822387536204987
0.2071296628807439
0.2024561082040616
0.22980606441986545
0.2593613443094909
0.19153409708009178
0.14299774981141672
0.21753283766162523
0.21457353271835117
0.2378346928298003
0.18336259444043954
0.16518303597954992
0.17308837723341047
0.15437526148832442
0.14914260147451996
0.1694844879318027
0.20600286450147798
0.1726226337018389
0.2168686571216411
0.13416608326830304
0.1628840853769702
0.1851287774339892
0.2396239890296284
0.20687622189129598
0.19653531611050645
0.2130895023715686
0.17365341794733727
0.20266899724144433
0.14911340829105474
0.1668540596414209
0.1657764667669848
0.14566713759543798
0.17643250031684707
0.14988195522517242
0.16397573737118676
0.154894640159771
0.1666855776023312
0.2068271936981588
0.19082584635890015
0.1788354076070246
0.18729614079557796
0.21261588795729888
0.16532388270940762
0.19758648905462256
0.13811397812665194
0.18134826755966854
0.17339849638286062
0.2225108255872621
0.14804649012001836
0.19036266717117228
0.1823934529202183
0.1772518850905164
0.17541754190676143
0.15752137788689305
0.183796447049224
0.20457013855280226
0.16773031550378353
0.20509425737814926
0.17461626683814435
0.16649550256139625
0.196888825272438
0.16293939714115582
0.1784868693519898
0.19399708571250943
0.1592496594537573
0.16148429526304928
0.14598853628194325
0.16326772378382765
0.12842358458363562
0.12700151078921496
0.16320572184047694
0.11274407052878899
0.11373288113593136
0.17657742898207487
0.12784755998366276
0.17119819754804394
0.1569196317474914
0.17987680542633738
0.16278122673503675
0.08215520458907431
0.17680375726241074
0.14875240996645714
0.14348269764735963
0.20045931539570364
0.201236234173984
0.17674130716584194
0.1348212705986891
0.2023420969584866
0.1430267376942684
0.12910112813009816
0.1066106687291325
0.13457035274212076
0.16490599868073014
0.18773524259645255
0.14191558258683595
0.19453012314672208
0.13586918196632639
0.18183977803803697
0.1840119163803792
0.11570818773021567
0.15691862513956517
0.11195883386605723
0.14206185228679188
0.13736055287881463
0.13712720625597147
0.1395720217354995
0.16889340490045507
0.1362269963602535
0.17910924348092003
0.15215971128781786
0.15405169219029735
0.12934094092311896
0.18334422973742073
0.15491749934920812
0.1619003323776016
0.14074565917970508
0.1455545347283875
0.1727289048884016
0.15879951131209588
0.13098936353140017
0.13750315848149136
0.15192853594013622
0.1596886224130601
0.13762794420170416
0.1454647114897498
0.1459278485780215
0.14346464115248816
0.12282764135685327
0.09527347170776544
0.16306520206673214
0.1086677705359134
0.11423926333199574
0.1163418820393087
0.11313885730557957
0.17264445555190372
0.12794715753120153
0.17033644693838898
0.11993689933191969
0.1249068128340152
0.11509414433913698
0.11865594803000865
0.15526423205411613
0.1445821760984311
0.10720543555316783
0.15675291187760618
0.10027725872003239
0.13427028448088524
0.13689824256135616
0.13522710224324902
0.10854062704796905
0.158307012775198
0.170925886227201
0.15627592296621026
0.12602075261298745
0.12098116647160158
0.1255773447123925
0.1405427831742273
0.15876730611731743
0.147724109652754
0.12625805996623723
0.10910192293078028
0.13426224142300475
0.129868951667027
0.10087932069667813
0.14621795116042985
0.11042692357525936
0.1408719320269717
0.12810106182417566
0.08845633243597587
0.1536733079980998
0.12350062054411723
0.14760605285870296
0.12490204699652577
0.15587154010843102
0.1244655788542089
0.14786274216112893
0.14100551709341816
0.1692899669876238
0.12521925360066116
0.13335551593633382
0.15471586806962845
0.1346630964032685
0.11545458270936093
0.12366328396134336
0.11699002836991641
0.12397314126811483
0.15082712029871576
0.15066186312748311
0.11035576961263778
0.10675271014196815
0.12511756456369774
0.15899693320844807
0.13461085951624946
0.13300454943608866
0.12367238822535451
0.19184979587741796
0.1274478747207963
0.13100888687653398
0.15520524100659716
0.0957072671855033
0.10650011995336459
0.1169085428178416
0.09961138769338308
0.13914555214414143
0.09218515451851518
0.1234338866649827
0.14202034642869416
0.13301207103968252
0.10347737582666676
0.11387239403970342
0.12949921858437835
0.1390775787922903
0.10237721560688004
0.09890751758283926
0.09758346987695712
0.1100616472336525
0.14193236001796566
0.1286190766182538
0.14927851811312462
0.0879977031986943
0.09278006718339349
0.1056309500301074
0.1346742492737799
0.1379438578872673
0.08460795075136043
0.13380562022430437
0.0917782336481376
0.12299037890553262
0.11906689738095717
0.12096117287720547
0.09457225447905569
0.08651125359742336
0.11657354478645587
0.1085687632744381
0.10397083105217526
0.08280813181801798
0.09809515176216682
0.11242618024918674
0.10576711572669709
0.09383626332549527
0.1195233685403265
0.08744944434434865
0.10555749015628133
0.12295463306939632
0.12658049270721533
0.1293490680532634
0.11425541407407995
0.08971055908920775
0.07814288558521584
0.10527070469530564
0.12156504744413862
0.11599556791733612
0.10742273713788628
0.09162828886652279
0.09414107085453081
