1.0215051034202907
1.2331106858940157
1.2323294891719967
1.0522972783805153
0.7924110051582367
1.0238093061324471
1.0233495952005087
0.9495646353055112
0.6020232715601423
0.6725128225580126
0.6442094194363932
0.8476347760194214
0.5782115248623517
0.6566800081172288
0.9472518497869344
0.7167875950244547
0.5422353509897159
0.5454315193424744
0.6432466845854028
0.33125674514165826
0.5289238730458931
0.6062415026951461
0.3657056245801957
0.41001033858263447
0.4047159355725186
0.43441714448144675
0.42521829020190294
0.29682259511398146
0.26046659109928477
0.23294787544779502
0.32109015920585937
0.27795731999268003
0.1841153037577478
0.1913693900879053
0.23165650225938803
0.22754926379893683
0.29014357095973187
0.2540780803370651
0.14430749013739994
0.18018440437414485
0.18227755871500592
0.1733513026751632
0.11378808591630636
0.11099743721405338
0.13625139145658402
0.09637387050319349
0.13635672656283956
0.12438383820871472
0.10082131768862335
0.08003931162755004
0.12773749957855146
0.0850731127190101
0.10282470693249808
0.07553783676281883
0.14219781663101344
0.13053135527381737
0.10011917812661424
0.09702291970566741
0.11363556972911722
0.1067285850188947
0.11547461202975003
0.09004253900388677
0.07792825281408135
0.13252721196101053
0.09042250087355531
0.07529835848309964
0.08897605940486795
0.0711664713492003
0.07067911633295945
0.053463992137839776
0.06858754752740967
0.06728982599520562
0.08133749687633933
0.047315365559588866
0.0702859787927011
0.05657411989140263
0.06075421538409761
0.05362441440391395
0.05431046018568424
0.061323713689478386
0.050197264022005264
0.047818164523677105
0.0691921420788333
0.04646492578280884
0.06308027458670365
0.0434390522899758
0.04903419644417674
0.05618406207794935
0.04694126392749614
0.05775104824463765
0.05088405445263673
0.056432556463017855
0.03820779429650321
0.0335485584553397
0.04420563577987461
0.04629558557144233
0.04326286315435497
0.036472862077077214
0.033975366936807076
0.04415897703868417
0.03969149984535973
0.054494717009922256
0.03354914137102065
0.03748038965569032
0.036158317742350995
0.04456492672275017
0.04450817126273597
0.03053003323842337
0.044120164456303915
0.03127085303965935
0.03702792926673819
0.03471520243130506
0.027147461186917583
0.04517876195405703
0.03950968306606057
0.035715987436452816
0.03290158094868016
0.027603302682159776
0.034285869199240857
0.027173967983073043
0.02265366895556672
0.03131972935751235
0.029897558648448036
0.03881239214916051
0.02575110102951291
0.024303363500826243
0.029844073161332207
0.020447436006611978
0.02494005456944608
0.03449961524070787
0.027959876673636606
0.025733633791731415
0.020347045000693495
0.026655988127968745
0.02173936043375508
0.021693820402389097
0.03643832984851321
0.01743041100445716
0.01925156916505278
0.03585785716837524
0.026317469693071294
0.02755130820769579
0.025545469131363054
0.014634021755799222
0.02667512243276366
0.027413979828087597
0.014946660309835732
0.01096492465027922
0.02446962843702955
0.023598099492379402
0.02873101402131838
0.018843757205313998
0.021821006183467304
0.021938586766204825
0.02135152166378373
0.021545421269321487
0.02240547402303498
0.022159462564364844
0.020616491365750132
0.015476699849942429
0.016986422492378913
0.0255148450298422
0.012521815629314934
0.017711451734507874
0.019442481844991453
0.015890730213374064
0.01647937580114071
0.012398138548679627
0.027834695130216004
0.02598665395014012
0.011996371083918536
0.013854158436302732
0.015440280707432008
0.019466944598310908
0.014090317530088997
0.019070680232232094
0.013370480723087297
0.01979451122329432
0.012678414470049948
0.022021246516729282
0.017391397936488
0.01573533027577213
0.01928137250456396
0.019331584901186298
0.021911564692835513
0.007955623721648111
0.013294466590152973
0.012758481467227339
0.021560230217706623
0.01687879108237535
0.00846822069097019
0.016482088754283686
0.01401548284638714
0.023398067692415446
0.011149074241403203
0.014508788449193491
0.0173463601524043
0.012869726118201686
0.019465811634163766
0.017594862911132905
0.017980737971178336
0.018701503602541452
0.01695145811599198
0.014003695199857594
0.011972056171860479
0.010728952765822326
0.016583794322434536
0.012583878676903798
0.021047076242678934
0.01788823491168503
0.009990076727908656
0.025835154073747413
0.012284742973853001
0.02166790864897104
0.02312357914515034
0.01557751780273626
0.017912598041243757
0.013199173687243129
0.01232836099708424
0.018312027934482174
0.01345686403234681
0.013467817088659928
0.016397562564640446
0.01877740863120738
0.009940194393905083
0.011910741899909328
0.012912299693566286
0.009109718242394512
0.011704192658755132
0.018004989520892738
0.017652725945404655
0.015912019988159495
0.008411476618002097
0.008801810777419289
0.015673897008875663
0.013227562366977585
0.013161708467713326
0.012708112652204107
0.01031665056493524
0.018197798013088674
0.0056441176275916815
0.013063068971327677
0.011911788885832367
0.010061845065740874
0.016143374463523673
0.009488551276898589
0.008873513972218331
0.015240093744633355
0.011843450548958882
0.010024969897969378
0.013141417962517221
0.011765119379899065
0.009066802167407736
0.007891632742821484
0.012970303708414893
0.013389148715797083
0.0113356837209185
0.011259540825711723
0.011707461156498698
0.013303682202518648
0.007184088691103182
0.00977844037987706
0.014215368800051314
0.011104438542092972
0.013843220324189892
0.0126245737093033
0.0061591375996530775
0.016454842305683868
0.012206896977109024
0.011589709023921984
0.014351437457002134
0.00916046831746432
0.009772058949086128
0.007316224999962148
0.015273345294332904
0.006604005844569431
0.0074954402457950405
0.006270190029836298
0.010991294755280937
0.007496755593010088
0.01308283199247344
0.00824825766060968
0.008555875430028404
0.009618078180318245
0.012282063362043438
0.011592312219084723
0.007786392779226289
0.016452356952890844
0.011296119364132518
0.00793846211890589
0.012980793774447972
0.01059130496740669
0.006414108294972494
0.01666503143566677
0.0138267301548095
0.011308272049087909
0.013055875246372629
0.010224407659400817
0.010679044983167211
0.016304426275986137
0.009495308742131484
0.014801520274192754
0.007476043445371991
0.01299341655058984
0.011784286180966459
0.008770593382199304
0.011105507051262354
0.009712846110538471
0.009916311406285298
0.010636502919363229
0.005596099835721494
0.008056432116818033
0.006078419562036577
0.00588636277442218
0.005854095250157521
0.01071986909513651
0.012831505612235927
0.010338155481097611
0.008989700310203392
0.008298774840787747
0.01614462327210122
0.005011009229787647
0.007936178449091504
0.00701689734310793
0.008865637292489527
0.006897453700421848
0.011611407029723114
0.00972626815227855
0.006424980683316717
0.015697075901870174
0.012998366204215558
0.00989340280779189
0.007737013045599435
0.01842609313592837
0.005452444250556296
0.012213557012719731
0.008092041710953691
0.007208979499691434
0.008374160006148379
0.0028824211619051425
0.00424560063970481
0.015201080548171566
0.009707239251734048
0.008346497377546353
0.008474385857544835
0.014294435738095962
0.005970314278567956
0.010743741610287225
0.006165529225990475
0.011587609291651826
0.009057765821386038
0.01206118110528922
0.004993524251660107
0.013342678132616118
0.003050167515411278
0.009002518580886337
0.004731679287439955
0.01144571081926934
0.013344063341208193
0.009437984414308511
0.012268885229728453
0.01235898910124601
0.008450343513914629
0.008804601872278198
0.007978394451522982
0.007326832678208245
0.009895471465543756
0.007071976207474606
0.010226691281853984
0.009076896518879041
0.006230458150270796
0.007589467885488595
0.00591406656044788
0.00742085356197035
0.006011195332512778
0.00725926385642516
0.012214771162769873
0.006882346787096054
0.008262729882378476
0.010393853236451181
0.010710522993901654
0.013179718980227406
0.0028182990860433897
0.009147500389236733
0.008785183837571413
0.010010176478151613
0.008347536563575918
0.006486175582589177
0.004282284030344281
0.005519836737537856
0.01137043640185786
0.008870206326622667
0.006208366492187905
0.008158222746871741
0.0030750527511234837
0.00810346516809585
0.004387026981546992
0.011191628570835156
0.008485373915098609
0.0046304643296448764
