1.5388732790892692
1.251290273857416
1.254197494782058
1.1265764866811936
1.0995285618053434
0.9967169412849015
1.1637546531045113
0.8380969491781318
0.6776678379509241
0.7252059643946499
0.910558195860762
0.8889905322684648
0.7438304314558472
0.628037476328896
0.6474689228328561
0.9205193591427842
0.5366197434562784
0.8508015060912781
0.6289861581054074
0.4562686316549792
0.41715291161458234
0.5369216514855968
0.5920611033520917
0.35973933438955424
0.533387723534277
0.4377887535936624
0.34281447865675874
0.5245800788774146
0.2557420172770769
0.43403605429017356
0.30486897981520383
0.4543681261963788
0.24517341770560397
0.219382631326117
0.22809950907336257
0.2621074699773404
0.2702158590862947
0.2495472488139295
0.22885715686203492
0.15128022716325046
0.20132568274231658
0.21718001353529068
0.2103814120308331
0.15949723627541296
0.28983606437178067
0.19728007660699148
0.2035230147929706
0.25685008764154904
0.17071915514268327
0.13392178267951
0.1649840012858242
0.14558210378522907
0.10304239096296022
0.1215060879154973
0.18131825873524537
0.1296741087259899
0.10683079915244964
0.12071945000282738
0.0871589340036514
0.11157693752850088
0.13539601081207012
0.09073659276456317
0.11112960647360257
0.08678563513734276
0.09866533872192065
0.08723769317198715
0.10480718314302495
0.09215453685133178
0.08020137014056182
0.06532551095712787
0.08048397598360685
0.0756107478949599
0.08393733786171992
0.07016351815328867
0.0822863570358939
0.08423007824932403
0.08244029100403881
0.06859039215601107
0.07733480882397833
0.07274445630956493
0.0995750664167798
0.06314186258162319
0.08778539212068459
0.08165370546885059
0.07017937364960825
0.06528145035909992
0.07170481838024412
0.09893912802632557
0.09919492729144905
0.07820799427364392
0.05997503902918191
0.07941646523241512
0.05553249527877021
0.06605907537721217
0.04639968600129033
0.07119514257354469
0.06029651518089343
0.08499178918278477
0.06710971013642342
0.05066529004728369
0.045797662869639766
0.048761153360049755
0.05225108960479448
0.04943295441913824
0.05689975858612516
0.045706980075246796
0.05420532871088544
0.06717354941655107
0.058764553945857556
0.05345567584273194
0.03727448115413866
0.07523281916598504
0.06301561983474169
0.07074121377154109
0.03993791452464888
0.055140014071121
0.077842980787926
0.051660216930716665
0.053739572604225114
0.043050821438355445
0.047895468618441246
0.04929230268614644
0.044490417783315764
0.057317498358539054
0.05426685380171274
0.052351119052619424
0.04925161382291808
0.04654507970368947
0.040083597280113195
0.04871457177679025
0.05804602362041271
0.04806445977906324
0.05150221401577291
0.04184815533427299
0.0566375611067894
0.03202734098096725
0.04228942116550757
0.037409699967108696
0.0445888495434429
0.05711645353664587
0.038797070713603034
0.03065161699696
0.03227687682385377
0.035197561883523035
0.050473158058731496
0.046842706347235336
0.042821639896179944
0.038421647267636326
0.027527068819531507
0.03542067436399143
0.046673797913176454
0.03922286998505671
0.03628665039273593
0.036945130398670395
0.03952153177625041
0.04273699193277564
0.03689765304169226
0.048178845192233186
0.05073436060163975
0.025761094072899844
0.03489115955150626
0.028931751666454834
0.03587207353835943
0.041328007985210295
0.02638714441171357
0.04006625603968409
0.03730587755624186
0.029055196187190248
0.03973623186946048
0.03659664511232687
0.032668089498081324
0.0288248206133647
0.053473216323432396
0.03550595119648564
0.025913276994071255
0.02759352861648099
0.04703367702428045
0.027509880289228027
0.0355166989239197
0.043282756147552996
0.03683281529486081
0.03889547159214298
0.030140900477289474
0.030055229207926006
0.028525529207811134
0.04657627610792037
0.03646440830863066
0.03186172418957418
0.03900890204013242
0.03261761302713803
0.03352336997645734
0.03789116330357887
0.043729907515260534
0.045921541770355755
0.03676584028080353
0.04317731940659091
0.03681924085268502
0.03156117900078418
0.031924193868213886
0.03234116327653134
0.022139940915559077
0.03508046993427148
0.022284741428806328
0.031328651924281976
0.019403123001326496
0.035617562542527445
0.025355520842259793
0.026590776737675164
0.03258299282476502
0.042485054660961356
0.026873063738829178
0.04205781217948597
0.03815965099144121
0.022599362008391792
0.025912111743071703
0.0311279557034403
0.02718312767652138
0.027548953614420068
0.034924352129590455
0.034727164719973294
0.032330829545226446
0.030779364771012913
0.03185365675517828
0.027110373839139307
0.0258450664752649
0.035208849739389744
0.035807644443722905
0.03895817274620691
0.030135722232285632
0.03562693535072796
0.05823286468913218
0.04093133715246388
0.026788293223517046
0.038440946018636485
0.028097580626115837
0.03162908538202458
0.027322798358903576
0.052362311937405794
0.059371936598866505
0.028669816690796712
0.04390973068498141
0.038475443426019135
0.050141600809556895
0.027532031734357653
0.03169764358286458
0.03400679394948124
0.0321746028448184
0.03841466848842123
0.039763196084007274
0.029597583476652756
0.038126557876633535
0.051326948064675894
0.023892223690769727
0.028091891965006693
0.028792481765374196
0.03145712801100816
0.02819672922843003
0.02992314677417348
0.032032791409018636
0.02805994198099862
0.03536584549392451
0.03617509270994611
0.027547470129037167
0.028802320678109783
0.029263681013563976
0.022560597900071474
0.02748792127890227
0.031908164678369565
0.02972878021414476
0.03275958152635206
0.0312011806528596
0.021998931641536122
0.027717710347363082
0.03026138277392782
0.03486100306342268
0.02552061821180889
0.03484858375000878
0.035934422648709594
0.02585488744926573
0.030474443947901365
0.02240595298211808
0.025190304639520628
0.02213893921468171
0.0258798083305835
0.02335649008280425
0.027058050481977458
0.029864074683121015
0.029293980788216534
0.025183821598207135
0.021594413986380144
0.028306243255009227
0.02668241278242789
0.03848954144433979
0.021273798003101602
0.030214483417707945
0.023970431528955078
0.026216203916554714
0.02319073675492249
0.02626190165044608
0.0212127801541473
0.02226366269273331
0.031592502322470864
0.025971852835178076
0.026161588779649064
0.025713806715682287
0.032063868366450185
0.023104702210800264
0.023372146677946543
0.028711165970292368
0.028464437827447585
0.027842955999782613
0.03031400659021778
0.02671247873094587
0.02378941462887897
0.02911339326458291
0.022894253062027758
0.022256177554092944
0.03786535879488977
0.02566712522304011
0.03556667792359721
0.025685007443495816
0.04128309194921627
0.024035042362699773
0.024318017408548564
0.02754714037142821
0.03422976401421476
0.027711176440027147
0.030617130421806905
0.024053488493851374
0.027820577335619046
0.043762984285658287
0.03092305817398991
0.023385175089543145
0.01641164547649443
0.029424751499068313
0.03465702326891745
0.03244009793518289
0.020577018978499367
0.033169526146502565
0.021679465011474188
0.03481984697928485
0.025621828981627737
0.03359163261006867
0.025437138490781618
0.028405475957554816
0.024098280087371738
0.029413960466639015
0.021893462457520753
0.02684860044523559
0.02415909031704833
0.02724932935768511
0.02311621743942528
0.029401673781397582
0.025988499260873415
0.025521244484825824
0.02865294556886052
0.0198668647924097
0.02530880667153464
0.03782238013652847
0.029928636872691004
0.028958323719675456
0.021707518568331356
0.02343370389462765
0.019937031083238327
0.02479654792013191
0.025694711235187163
0.026731865927877806
0.028789638179359072
0.0261176660184232
0.025286522694878105
0.023957959228830934
0.02743002813508453
0.022267239895815798
0.023624308998579605
0.02503817676397214
0.027202478184441863
0.02110239024150394
0.03207120373710601
0.026531266719603118
0.022733090947515085
0.02532484233146045
0.025103135523917998
0.02560576299701517
0.031449046558514736
0.03149350572546218
0.025284751944788342
0.027014613578753205
0.027683122306363585
0.0224861481120605
0.02590299739534131
0.02614555399927875
0.029459297368645953
0.02920037978484613
0.028743179501737364
0.030830439579516238
0.02769301595872552
0.03101859814941383
0.02445527689116254
0.0252959179588167
0.030083541749291703
