0.6643935879657576
0.6602155347503593
0.5752835967248998
0.5866355871078041
0.48533539290579614
0.47253589712746435
0.4786900057120862
0.370604681837095
0.3937032511807174
0.4218145411452072
0.36009893588595043
0.474086452541804
0.40209921966796164
0.4032408052311186
0.26623123272239857
0.3529395922106619
0.39253682333493767
0.3326877539852628
0.38459221071603705
0.2947706043390787
0.3561713685334344
0.3612138635367897
0.2885911584896453
0.2929819323333638
0.29654938172114176
0.27970651639913024
0.2966249702056875
0.3243766776200063
0.3066872662063635
0.2614094872723561
0.34236074190374305
0.2957658349727696
0.30477009954650025
0.3417791690981259
0.34757045224928834
0.25472346471088736
0.3405993916351925
0.3188456644777164
0.266099775857092
0.2981552712788963
0.28749786484565165
0.2961518359784102
0.2593021745907222
0.2986957767056219
0.25481273834439067
0.3119054830068465
0.2644774106699464
0.29217140673188396
0.23817848251896204
0.2521749958490586
0.25142062121112413
0.22438525401188808
0.25832787915577154
0.23999296313569637
0.3171589988282111
0.2760502391303197
0.23244046646832422
0.2659180236847193
0.2836215910658281
0.22481887356482141
0.28185224558649313
0.22286190524561636
0.23165566597598009
0.24160675702065007
0.2898783876689252
0.24222163478381917
0.21769084086414056
0.21990984962759796
0.25668807000151117
0.18621029173374198
0.23213046370569904
0.2745645936197272
0.1906301950484799
0.24628065579251493
0.21559049355179663
0.19898427196717977
0.25275239349289125
0.21392611501159733
0.2515415888239905
0.24769799629286693
0.2580032812146437
0.21940611650553485
0.20268483485567002
0.18296438214721716
0.22771482163853435
0.20434241370506423
0.2107425989107477
0.2501195094112229
0.21985172652529705
0.2288839641906578
0.2038752665586006
0.2017175732205097
0.1964269467807898
0.20949083900305868
0.229682247930884
0.22302808234483756
0.2595618113254158
0.26182566652637973
0.2716796576682804
0.24668685320917633
0.24202905472059505
0.21323758518335026
0.17694265578758758
0.19204375183787897
0.23948883957394052
0.23550009686190645
0.18509056551244474
0.1956191780513578
0.19645284955095338
0.20367882322928246
0.16822318364292585
0.222228438261103
0.2504123560037491
0.20782157235692936
0.22646042086069168
0.22472381569420077
0.22346730413290827
0.16918624444679395
0.20153766059257078
0.22806849585639047
0.2452547491962569
0.2316820062627563
0.2014970950354515
0.19598916178166703
0.18366081086550887
0.21935616297282615
0.20264825703784037
0.1862609271922615
0.1875170910417056
0.17069672634784025
0.18394719421814298
0.16445791661678416
0.1806959500711225
0.1899317838980795
0.20757542654086608
0.17219557962930404
0.17401881055279272
0.21074644219107053
0.16293118078418684
0.1834503728329296
0.19959277348048748
0.17886014742438822
0.22574805522017752
0.2357466051449862
0.21124268903041582
0.14179156937754783
0.20143987170915773
0.18608717821873932
0.24221414598960328
0.1458040260598181
0.20210556208925565
0.18176404863144568
0.16276251516346346
0.1906975090584831
0.18388026169500044
0.19504718759540807
0.19066047699704397
0.15310308461052655
0.18721057223088827
0.17429826154977432
0.23261287144488763
0.16870364415150785
0.15160900965317528
0.15898143636575707
0.19089395735893894
0.15962437204827776
0.17620137309898615
0.19836984981246658
0.1886303442481366
0.19568630073292612
0.18869323040965608
0.15707343747035657
0.14834657298993265
0.1797031123692162
0.17156356460844488
0.13478383574070937
0.10735341358913102
0.1787446074961339
0.1817132153894582
0.1886394305892551
0.1873613135564611
0.1404925663138386
0.14604331031596976
0.17759161654542316
0.1396361374337805
0.17962697403420744
0.1503376703653811
0.16080069426678184
0.14567960932365928
0.16918802922019197
0.1506244616470978
0.1848293062550956
0.18655015716546766
0.1472034635882678
0.11201885369279589
0.16119700742207174
0.1854096942998777
0.17717510034890388
0.17788222180485516
0.18932227681526065
0.14059866174392632
0.13012453166279994
0.16453681560218683
0.19569227544726678
0.16547707369201614
0.13322102965854962
0.16183018517702172
0.16629307843181423
0.13993169385450582
0.15249413923428004
0.12966947891081543
0.1635560813219332
0.15248943977933577
0.1395098619575969
0.13971236865205178
0.13828956640692477
0.12592445115649686
0.12052065695163253
0.12111006228636803
0.1890530661594783
0.1649676844356736
0.16429041020107468
0.16597876386413637
0.13147081336007077
0.17585020871245638
0.1831547336413307
0.1426096953682268
0.1782621834248628
0.19275436895414547
0.18591265209462243
0.14641705833716886
0.15085553274592567
0.17284523876104588
0.1464865010808905
0.12208821468286561
0.15998457927739396
0.1602327055689325
0.14259079264412758
0.16483671529293742
0.14015277504736923
0.14468657679246108
0.11673300312654848
0.10701889173334656
0.13778316409083344
0.14249614838428964
0.14631072690076266
0.13372554575305104
0.10971742097693245
0.16943178476858572
0.1327944226716365
0.1131487582374728
0.18053710479631296
0.13188663635451842
0.14990844431878808
0.1525580193204587
0.1651011054429488
0.14390758659326958
0.14215067567022438
0.1371675152542196
0.13260710839747727
0.11137228085972699
0.1582835649087383
0.13453364571057208
0.13713914888337933
0.1316142237431497
0.15178528572748223
0.1625976698250232
0.1381115380304864
0.14443105559546238
0.11582434594076252
0.09861718482571365
0.1725958903149952
0.157869247567948
0.12278561581069916
0.12802989679474214
0.10364168665853413
0.16268206534447877
0.14984484977490575
0.14343297479367415
0.13798007963336473
0.14283013297616048
0.12259552367201954
0.1493852138039753
0.17953155695656647
0.15614358572230744
0.12259120052463035
0.1278626004390989
0.1186265887386034
0.1511985788391954
0.09322774662301628
0.13108422822306878
0.17974146349181358
0.13757078368309994
0.14782571669892436
0.134272586940461
0.12719339677991834
0.12432789328406504
0.12263592266162152
0.13151085460145215
0.12413692247333026
0.16272621418906727
0.15133208693472422
0.1198769324522773
0.12780812473374953
0.13049741048901292
0.1135546526164696
0.15325777803341156
0.10075451348141273
0.11866928077536847
0.14197437987212283
0.13209569689977624
0.11991592934237358
0.12174753903797828
0.15299922817364991
0.12430261405739587
0.10624855261887962
0.13780237841842063
0.12807674891720028
0.13197039493224752
0.104679707867083
0.10077981569992314
0.12158699374264345
0.1295496483945728
0.11752858051757627
0.14578147953607357
0.14715792033527475
0.1219477657594992
0.10735312524267901
0.10092805580268963
0.13069433883735015
0.11902522835789046
0.12721625739829792
0.10423895460610547
0.13920963360703284
0.0975916313355433
0.14807712299919368
0.12499458581381513
0.15310656190683297
0.13779237793955265
0.10414538162374154
0.15053200000102168
0.1365519748032144
0.11798922567360523
0.12584256845337455
0.11431883242731296
0.11514970446461456
0.09704202489736032
0.1101583585661912
0.14156062386660642
0.12202471762023656
0.11952682522610066
0.12216697467642683
0.10844125130937284
0.13257345958583586
0.1319325176886977
0.10058771664028662
0.10173348730152561
0.13654200072099199
0.13177750849127884
0.09530436062943068
0.1335769144671306
0.09746341014028143
0.13459705668961122
0.0900206866205457
0.1481973337345301
0.10762828551597996
0.10841898891225255
0.11776609463369876
0.10013752014924124
0.09325103870113045
0.09102992496074623
0.10093493537351536
0.13915206252912832
0.12712760923154376
0.10147620471196003
0.1347808995648819
0.1075960753283276
0.12850965945959886
0.08753825645900651
0.1042689837476635
0.12502338050742054
0.1399485137423579
0.12417459264758049
0.10951659962161271
0.12908765392940633
0.09556163382052707
0.10783568780826044
0.11054164523800189
0.12239919708311053
0.1097019267047978
0.10496599569470029
0.12707890008265973
0.08303050163997493
0.14090321524600263
0.0883825025630254
0.12237955245053819
0.11184864616260297
0.14715947907354415
0.12313352775704316
0.1162220486238692
