1.2920488221054498
1.2148475169597472
1.3239992028329959
1.0616496921852772
0.9688911632767858
0.9212481048047263
0.8713584853431996
0.8651045690198768
0.9276930324254273
0.7939158339419266
0.8868599474038564
0.6688700256192683
0.8787513900415174
0.7214673271202626
0.6825623114519386
0.6564189909022741
0.7522788448782058
0.6461159941634735
0.649999802930559
0.7000136820941619
0.5091384939210275
0.5727118930509497
0.5738110207458381
0.4674897682322726
0.5394775255849872
0.5116049539094856
0.4592204902816811
0.539100344450137
0.5645987872483558
0.5365713796140337
0.554341446727624
0.5658356526950213
0.4756046736662406
0.41620549730074713
0.5396340993049004
0.4635841156081801
0.42435683897172016
0.4494192958543305
0.4593527343927118
0.480677594438923
0.4490511803534928
0.47081850301233497
0.5315906292395873
0.3336782401860489
0.34756017435014414
0.4788016000599929
0.5560446982506314
0.5155723201246468
0.4486548508399085
0.37740251269035757
0.4279043627008132
0.43331147804473763
0.40528782519230394
0.38296977703994356
0.3513566809540839
0.34979614312557594
0.36059041386655816
0.3298573365280653
0.37152612093689447
0.36567529264689946
0.38336200436019224
0.30743300596887563
0.2734095038218205
0.3211029758414182
0.25416280835546884
0.3149403846412311
0.3035502946126788
0.2966360131204423
0.2931870776278429
0.2987339201768533
0.26920227092231086
0.3278965154530492
0.3544644588238234
0.2925640576316714
0.2749476238519579
0.3217680305165204
0.2791953092722286
0.3646544463480656
0.2823797572484924
0.36642913562200435
0.37498337672366566
0.2954044499433238
0.28294654175943557
0.263667180922548
0.29233675486004496
0.2922322248830961
0.23853811379106954
0.3135327103433151
0.27325710814551435
0.24288812403225418
0.21335131588636572
0.2807029279383353
0.20021999547814368
0.2693004034150194
0.2747665442326125
0.2394368520058316
0.2994135337340781
0.2980996922177682
0.24738809880283733
0.2728320044485841
0.251774032249489
0.2578526939703892
0.21167027449604153
0.2178885083618156
0.24036329482450403
0.24209051269361748
0.28831012610760787
0.27351254564020805
0.23520237842807182
0.3398084893838688
0.25093064954863353
0.28189239410610334
0.2524818457827674
0.28176721257261506
0.24894946315669392
0.2565296487615074
0.18217901913764875
0.2824343818782535
0.2505491010269283
0.23266372156458318
0.24063154593412697
0.3193224684397077
0.2789000784211078
0.21781964050425753
0.24647286757669146
0.23714107190896652
0.21063565982691368
0.2790368156973129
0.2356077543833915
0.26176298392461017
0.25933252066250667
0.27048307392985416
0.28282312801490034
0.22273600598797097
0.20930416670176819
0.2397907972644872
0.23972483999492908
0.17800824022005174
0.2486593850361551
0.21527859294520094
0.2098221661583027
0.17940597380034518
0.19783797329924366
0.18080960042093935
0.21197312695526183
0.21764084932298813
0.23780413316778515
0.20582522083443694
0.1921455041707491
0.21407713519790078
0.19249386925671538
0.22798460823401304
0.22206662769761584
0.2851872573241798
0.19127549391888032
0.16295426687339143
0.19277270527584744
0.1916639390259455
0.18723896350938568
0.17750220562951086
0.23908627581818903
0.1717298555667664
0.18954101273265236
0.22421745882730743
0.22029339423783814
0.20497461332235972
0.17637120234574155
0.16173621694258447
0.23954904780965497
0.1653712823966548
0.17462497215478814
0.17089235268391206
0.21838555267998022
0.22883835546047746
0.18392634876547975
0.15680125481884669
0.17906006642374717
0.25010859242349903
0.21580856229855022
0.19434327284427946
0.21791909717270253
0.18779795198178376
0.17117696617113956
0.21001312069279546
0.171818615711752
0.18440191997825944
0.22664107807721473
0.22537669792073248
0.20888717392271797
0.19368404101068296
0.20507191790489382
0.19861972067284994
0.17269701538363852
0.23675239892038152
0.19986200228270523
0.219629776822655
0.1897912371484526
0.20165003730204406
0.18312346153348721
0.14027943127745585
0.16742315474848143
0.20007349212253747
0.17480516486702613
0.15433399149049992
0.17528584410111708
0.1594928532055263
0.18912122446002055
0.20659277248354443
0.16802135025017484
0.14537866082587028
0.1933060132192966
0.15454886822987193
0.2276819766407535
0.17595577180512198
0.2126417396367548
0.21096652288357273
0.16987632342025305
0.1846995033815791
0.14876578021069628
0.13976266096585477
0.16490577175176044
0.13397912459452704
0.1801367869449912
0.15945103449295295
0.17025966732787418
0.1452452225232314
0.1624345219701368
0.13177404074929838
0.19208338709381206
0.16557566379042327
0.1673849557771306
0.14076578844950188
0.18874337220614198
0.14647783751536964
0.17690080424656862
0.19224715059419667
0.1353508725045905
0.16978045402039094
0.15109088820421784
0.15044639830645248
0.14962302557310758
0.21099772232289085
0.1663594745955665
0.19532341700459707
0.1789209585767501
0.13703657002201935
0.16522580082160898
0.17284001343399175
0.1962963999485756
0.15135241602151314
0.12220209025574771
0.19603588293784535
0.1804297143723699
0.17913059122967484
0.1589132327138738
0.13914887901184655
0.1274726587196042
0.1597186698582283
0.1514330865671521
0.15543748636571506
0.1420032777796801
0.1723635409527567
0.12661115597992081
0.15793132182705394
0.16561301132362688
0.18306352620963642
0.13443665844256708
0.16606202011958535
0.15952397976252303
0.19153847930458945
0.14721894090159787
0.1782712407810871
0.18263348714618338
0.1645030638982963
0.15914657678124852
0.1697347486115382
0.1475210498846703
0.13065998754471808
0.15019030963777708
0.13562958885736115
0.1092255794945848
0.19629925961313377
0.13221747091211483
0.09796320649899111
0.17723185174018458
0.16575284719323788
0.15777320972788123
0.13655442676853896
0.15907492369049414
0.13438239908831962
0.12491142613507919
0.16464574923000308
0.14191324844072725
0.14689347213758314
0.14768836568336835
0.16963041788893995
0.15118749966839456
0.16801953201705339
0.12249516752034886
0.15735488649034213
0.1207560547314275
0.14863248061733597
0.11725425569766827
0.12771346211239432
0.15815921059087773
0.14086855198307452
0.1276618831507554
0.1620143247696369
0.1460392246980807
0.17220977912509736
0.14079136925204958
0.1212660842948724
0.1150592289711232
0.13344372574387503
0.14872953990052534
0.12528335068447688
0.1677760255268162
0.13365081453624206
0.12855110942336795
0.08665798075560358
0.15387433573266387
0.13032012116524114
0.1378407295941747
0.15747791874199152
0.1361408832255641
0.10427891838908387
0.13864159326049963
0.11681442263410047
0.1587033326899257
0.11940392737564438
0.14827153907460608
0.15371865869457665
0.1523847694656078
0.12041674673794636
0.13886439144722285
0.11609133369808096
0.22418721224558955
0.1707354117573568
0.2014952319807461
0.16016799569949658
0.1555080364830051
0.11931454009914552
0.17417247059270344
0.12515069457111933
0.11707449312817038
0.11454369459814424
0.14470164695187965
0.17288464017901597
0.13232349744772373
0.15972734453631326
0.13126827726714999
0.1350530201690467
0.14469529768532768
0.11948779624142672
0.15085281931637468
0.154596775208722
0.09788486174086007
0.15149160810247098
0.13537530418384597
0.11190561379165795
0.15060415901892693
0.15697819593257029
0.11831786241873354
0.10680389705516927
0.16596151764466202
0.12644395200648031
0.16977513323724427
0.13510359182114862
0.1428260972222096
0.10294738331295435
0.14039823828713993
0.09891491890359631
0.1266061784213788
0.1377574729165753
0.13531826586746296
0.13475992932208686
0.14967967962095635
0.13629688329147216
0.1538347024958936
0.14061548768850698
0.11580916713501674
0.10298769525951539
0.1641843901592753
0.13631119973818345
0.10257394662223904
0.13304400068090416
0.13498862235310988
0.10481592827604494
0.12923182482275858
0.10283541598630755
0.14293502653376247
0.19975791167455537
0.1245067052892074
0.1171082969668662
0.10484523242485086
0.1133288770170651
0.11947961241116305
0.11847490146864259
0.18883211865338342
0.13453437437071886
