0.37628167393230866
0.2614407886144336
0.31146299847279085
0.2491041173418893
0.1721145706833964
0.16767713694959155
0.13725813327618253
0.10258156282796749
0.09857121407969413
0.12233884326132247
0.03404341480886294
0.09072893990733759
0.07934530959234562
0.06637896379669114
0.02532297882344231
0.06089897594807496
0.06223062163384091
0.01779975826785119
0.05071662570038611
0.05581128515277804
0.021879642305653143
0.04020328453504092
0.060853049448490425
0.037344541617383126
0.027198040588523615
0.036325620618301566
0.03488803126180701
0.005606025305985609
0.033667240233777415
0.012782023576323239
0.02247825886050899
0.02451594903230813
0.021506416734607965
0.013957472978001702
0.024949372329326456
0.03145054958500184
0.01961727165074194
0.018654800385072858
0.024435359227647988
0.015518830768341447
0.013160241803619748
0.011687853197861102
0.016553080781027917
0.022864024434470727
0.006364831020951654
0.02413572292324141
0.007671701273535021
0.00795343424221542
0.018510513924040167
0.009078215486361021
0.007702606000962819
0.016429025204607258
0.0268740489600566
0.012316696405488372
0.011227779560089173
0.022707687190812006
0.010924967165703663
0.01793518786754589
0.005519070913084363
0.007905122068831219
0.003989639130465226
0.01881756414389534
0.006208136918816569
0.004146092049497838
0.014974869464598603
0.00581032776234146
0.004535296348529555
0.013691813924012664
0.0142707345302378
0.008414351133963932
0.001827913111532524
0.010959935486087176
0.003127098137765714
0.007339489970597609
0.011603971462813407
0.003741434418657476
0.008181962834792582
0.0033890957173647956
0.0026277926066912726
0.0039713149411497286
0.006945032914104986
0.013060071168449936
0.006891672021064642
0.014713713370815142
0.004120108779695573
0.003579189033867678
0.01382737539183861
0.005019333081285638
0.003416328236337308
0.0032714434175527885
0.0029504277641579256
0.004843313617652863
0.006700876955466449
0.014404261585136028
0.002266697886300548
0.006317258675834295
0.0059475136523460745
0.0021389547132488218
0.010364086059399258
0.01026414230872465
0.01271159748549991
0.0014005142582757912
0.00579689252772468
0.008669694618052013
0.003194138763493016
0.011024482171892381
0.010228995871804186
0.005117399201988846
0.0017310289589616088
0.0025754965612665615
0.0037919030584514244
0.007370335939781825
0.003582207866456244
0.0055311147775425696
0.00597850905650695
0.009698170477360754
0.006080625045945531
0.005473785886047936
0.008226208586719396
0.007726402174845009
0.0012707734911596269
0.005489339825532119
0.00604580469661002
0.0038566485259630663
0.0021530136908218364
0.01472093014905963
0.007033306153581763
0.004200637685868712
0.0038064396528080017
0.0017047828128448118
0.01001405982368979
0.008006234605092394
0.009083931290777402
0.0019683088497646746
0.001062425460064489
0.0017903102471047562
0.002286692687416192
0.01363815168603157
0.003768410880848911
0.0036797042102273635
0.00148899151759462
0.0026933687456816542
0.0045204815659943874
0.0057317214046714495
0.004950181031144183
0.005426517112898069
0.004967450319784428
0.004771342783458437
0.004529936401952951
0.007077151028929904
0.0016972453485724157
0.0016415448187638761
0.005876571101841676
0.0016281876637297007
0.0038834104138285503
0.00214078636618126
0.001874712858574874
0.0025361567617567006
0.004575478342682756
0.005683754429932826
0.0026893260311189595
0.0015011981466205532
0.0018681413739049188
0.0014458965545344783
0.0006978993765012122
0.004482793684166565
0.0008552686306227785
0.001158519273388201
0.003822582464701538
0.0008346994660748487
0.0013616799403813214
0.0006303097413982871
0.0005822475539638284
0.0013551590990226003
0.0006613640795935539
0.0005759978075832704
0.0005072435125744335
0.0005162986702860196
0.0028248829491634452
0.0024297723696290767
0.0016685741829483014
0.0034660534564398735
0.0021643555870264914
0.0006551911579218484
0.000993711522515266
0.00045864852379203565
0.0003731982767053665
0.0025318769022471344
0.002475229603428897
0.005394435681054652
0.005254062073772126
0.0005613716316644711
0.0007442152612672004
0.001253400837902028
0.002509924708419646
0.005392190195008587
0.004040067348053071
0.0006108839650899966
0.0021122106344661513
0.0007748065640268466
0.005258265789779308
0.005821144748489003
0.0010587654772908194
0.0038285643898182536
0.002765259385620382
0.002827254137041422
0.001073957102109091
0.005765985785160979
0.0009098529967181435
0.0015545497773875182
0.0022080295867134224
0.0009345684286848853
0.0008540079840250669
0.004399213872666624
0.0013231821969393919
0.004037919894532251
0.0012683001892071389
0.0005843362852852607
0.0018150842008129331
0.0006467274709982896
0.0009037882635824699
0.004154747636719849
0.0008485784449671029
0.00044213635928631596
0.0006306437126777099
0.0009675356323912609
0.0013138824655447934
0.0033414144034395223
0.0006187169450466002
0.000705746836674095
0.0005903415513763832
0.0027419926835236196
0.0005234398376708781
0.0003810161796076628
0.002498040641194379
0.0008336558549319051
0.000678536958236169
0.002095628974217583
0.0033573807435895013
0.002341532324607414
0.0004891974958093925
0.00040294814215105387
0.000490266318009631
0.001023442646885826
0.004504664765245589
0.0007270387740712891
0.0008085986766617028
0.0004449092674548184
0.000708358392164925
0.0005690006523656167
0.0017215071129395199
0.0034580895959723536
0.0005955341188955555
0.0006716383233827728
0.0005486239337150777
0.0009966783340615139
0.0003685826721743979
0.0004534335380584764
0.0005938666072927212
0.0006575716074871706
0.000712229307850265
0.0007713390668372354
0.0005840853315243423
0.0006548986462326312
0.0004291018141992709
0.0004306060362153729
0.0005535108778098064
0.0005760079172546285
0.000509116336828317
0.0010365830775147346
0.0005109345174048486
0.00029642335181231163
0.0003287295797136381
0.0003163027881288371
0.0003542127516961014
0.0005355718008332388
0.0005402476840601267
0.0013680866629049327
0.000364913952364816
0.0004746789590521417
0.0004447533626376554
0.0005185358239729965
0.00039546377754529516
0.0006189486945909195
0.00037269845062368743
0.0013179300603156465
0.0005317359699791525
0.00048749021659830313
0.0004097509208925487
0.0004778121526781298
0.00045535956785940367
0.000453040318130462
0.00037531138819440807
0.00033456385429289523
0.0004303720633910757
0.00034854338051918174
0.0004188691924247935
0.00046098826717297923
0.00037049685664431565
0.0003656465391659936
0.00033935363604925333
0.0003768085979611869
0.00039442977062437384
0.00027925067291349135
0.00029749788543647075
0.00035550080763712804
0.0005707885412850546
0.00033642972900196357
0.0003258558418918333
0.00036931637298579287
0.0004088177717167695
0.00047047206669699183
0.0003192975005961785
0.0005869502516489611
0.00042111611462907205
0.0004926683623387263
0.0003692876452324967
0.00048475495948736125
0.0005083104590571707
0.0006488930871111974
0.0003537413643013343
0.0003568533337031887
0.0004683680850859239
0.0005009720019046427
0.0005112308540532595
0.000334949416876924
0.00042456648029128637
0.0005655990206023631
0.00040945642155730154
0.0003949693767656726
0.00039459620459975753
0.0007663493953694279
0.00038930474053785243
0.00048511778334486166
0.0006659933434497135
0.00034726457973611953
0.0004818322410386422
0.00043000127710215
0.0004205534740406236
0.000603864194011834
0.0004779160615455781
0.0004119406354195831
0.00030675242648918303
0.0005175355327604336
0.00041728002738363314
0.0005085131309411838
0.0004953008875170894
0.00047686694334416304
0.0005116827918185861
0.003279706200319481
0.006425122874596348
0.006691373376307368
0.0010239958139377503
0.0008746381646482957
0.003098001989393282
0.002802240968402572
0.0005324547396635637
0.0010164005828310963
0.0010519338295714674
0.0007157114956352118
0.0007193297644964503
0.0006787251620501068
0.00043278108495460545
0.0005556686493626728
0.0005906600340278344
0.0005120896952981014
0.0004483342059225492
0.002714811515452204
0.0004837605624798869
0.0005320691867002835
0.000582613869532125
0.0005410123647581599
0.0004237945315540514
0.0007156805722629755
0.0005991107454084244
0.0005195438177605638
0.00041631818993522536
0.0004886634403683842
0.0004911045590610286
0.0005167202627092138
0.0004929027235309036
0.0003634171851606993
0.0003710392226714987
0.0004480715173060546
0.0002579627330258738
0.0003555661222624096
0.001787841657484535
0.0003543101018686912
0.00047088280105214144
0.000510756243384094
0.0004943260625206847
0.00035503302385464513
0.00041212373892548723
0.003962695866390078
0.0005328038904575295
0.0005548080727037695
0.0004844234434800398
0.0005461789129001104
0.0006247379657025575
0.0004596011647907972
