0.7456132925454049
0.8394019633172398
0.6752758875100539
0.5265143670605215
0.3680448577630616
0.548231186616339
0.23019152971626902
0.3554738556877683
0.47928372235901573
0.2646946732289523
0.2954327343944124
0.20403752961667063
0.29945318898224316
0.2720950947156739
0.26191020106986984
0.1952564233917368
0.21581374914848492
0.1808600239431879
0.2500272646876587
0.1834914494718924
0.24048347176621254
0.2358291799139928
0.16943411324069046
0.0905174396237624
0.1471964230356722
0.1450522300768395
0.16274103911250773
0.1136083913113819
0.1310670572665793
0.1051061987323755
0.12186424729276726
0.11758529350236964
0.09564876077912601
0.11965313242762836
0.09720210119595417
0.13902833797375977
0.13323579702403898
0.08979368873949081
0.06999239398399963
0.09961845522209868
0.11016362153047646
0.10533358669991592
0.11626058061605778
0.0925210122386834
0.06515269480482827
0.09723173314822138
0.09605943377695306
0.07353755151516846
0.05907698723568787
0.09182545148621214
0.07824726403115116
0.08934143113550227
0.05383716764857266
0.08498426127198899
0.037859585732666304
0.04763025693059502
0.06802284676288192
0.06155559076364057
0.06850035197646596
0.05498152606305477
0.054187572156424516
0.056478320206436616
0.061123292120300085
0.06622614758234632
0.05519416513344849
0.049806236955166006
0.07870203254583853
0.056606013091384556
0.0447735480294463
0.06358523012108105
0.04882558613033023
0.045591297744363685
0.05703274299457682
0.041628083042884345
0.04284281670074263
0.06054906493648465
0.03893159585179863
0.03992016158343323
0.04214557117812321
0.040109027416571796
0.04945261640908965
0.049839644774401795
0.04812181766205717
0.04625289326574804
0.04420875336335648
0.04737802238498649
0.03569579646727794
0.027299819766856036
0.050083780071645746
0.03842905324244069
0.04167509057483211
0.02783560978054355
0.029043918171317185
0.04843725774728926
0.036452933226195194
0.03728697755600935
0.0380090281969156
0.021044544538166836
0.04599004086887219
0.02622666564799394
0.025443540070833437
0.04081158497348612
0.03502777144686004
0.035251558380989985
0.04935314737392474
0.028749857233039182
0.037418133414977975
0.036549317653163424
0.02011372278957218
0.033503161329834025
0.0397232976927442
0.03326537739911793
0.02270717078082617
0.043024657505868175
0.033723012242524227
0.0227615713225355
0.02876835912484384
0.03596275366974198
0.0279514993842079
0.0296540399640687
0.017153061268144615
0.03048329556506895
0.037925662406087995
0.04071695597746154
0.032872618353736074
0.03790467816925145
0.02541357462141024
0.03860840685114952
0.027667909520343315
0.016180925829306213
0.033463557939995565
0.027759209649113232
0.026901185470281593
0.01872622486507304
0.029850871585210142
0.02127872189306349
0.03465787433769578
0.019108926840761563
0.02779907938782798
0.021871916511146425
0.019828335552660815
0.022532224747340967
0.030939250581990246
0.031923683273924745
0.018281818299345946
0.025028833134995987
0.025444313494842614
0.03948604866719384
0.02870646219647674
0.03810291622183441
0.024320946265987204
0.028185090882542608
0.03200047236956233
0.0356850218468031
0.046447339582526684
0.0233712884834922
0.027518248771849784
0.02016243144325932
0.021723267939455927
0.02907255641381933
0.03745393749981159
0.040125874300471084
0.024571338117150485
0.023539684272419044
0.01920847381511999
0.02027190435618798
0.015627720010339064
0.0291968971375965
0.029231695555803804
0.03344768394640856
0.01809420561411232
0.03195777802539147
0.016898834782030664
0.03490707208487116
0.027725961966333323
0.023605484659262738
0.026074209724632362
0.015177730318547947
0.030634940984620107
0.023715185394951592
0.03614372453304308
0.025286977713628034
0.020294233184589804
0.022609976662813395
0.018437988245538738
0.029686579539184382
0.021052428340001837
0.030783483520257192
0.018375860479068293
0.02382446991892289
0.021323007686408334
0.027218716590606186
0.028473812501128837
0.034886218363067864
0.029549714535455233
0.018182456117740886
0.01771201311422368
0.019714137524879254
0.03427551078891258
0.029754007305300218
0.02150596138100625
0.022296046543605886
0.023223788152063746
0.02666994707368916
0.03867861877049415
0.03084223860647193
0.02536130955982981
0.021332253029420746
0.021882638444349657
0.024633004648417264
0.010927305230721312
0.022516095991378132
0.022866155526429968
0.029718557275887087
0.016366116966382925
0.020616515603140925
0.01804117446825174
0.017422203920113344
0.023797841719006445
0.01364399887593093
0.01792260779895537
0.018134166452107397
0.012792197603716738
0.013515351443926741
0.016169124897537135
0.030418896120734635
0.02236289595318238
0.011291951847757482
0.027828921358250956
0.011467026793798858
0.016351447100828614
0.021942880973968005
0.022548405782698316
0.020031601427870714
0.02384238542296236
0.02733282891612393
0.013816250357024653
0.02042949313053495
0.012893714661600275
0.01568963698301662
0.00785029823350987
0.02607407285882917
0.031652458208818256
0.014025340509072597
0.02107386874448864
0.014735967749567041
0.02243897295604777
0.01663492248095699
0.02324098106661203
0.018235249035771523
0.021889995884087084
0.02090478925271718
0.019843982051762556
0.016135486787092982
0.02288534827182648
0.02062721819284805
0.01799574742870205
0.01792518139073655
0.019578319649995825
0.02867297752414722
0.021766343359708434
0.029653717550085685
0.019189482484758984
0.021383611583711402
0.015536828439639072
0.013749953460524492
0.020017046912397283
0.013552915056953833
0.021449627880961573
0.021043219977702077
0.017592612735305865
0.0198632510894165
0.016831499418006386
0.01806453400132618
0.029008813576637333
0.030017907051162605
0.019451115350865997
0.02033036916419796
0.018200505645206026
0.0211511287464475
0.014926173028073472
0.022182562502297627
0.0194541120951383
0.021775453994177404
0.013401311302772645
0.02147848174563458
0.014014106855713896
0.016354674121717486
0.01757149716734243
0.01285609337989962
0.029633894303649606
0.020293342290716453
0.020971647572893177
0.014742822671725248
0.014902003077059894
0.012731182720162002
0.014906658563751373
0.020288067056636685
0.02745273070744304
0.018857747886175558
0.023264943434640376
0.009679058908891364
0.018998845987925853
0.024140920447610858
0.02561372580679832
0.02008250154015965
0.0134640439116411
0.020534510233094654
0.02024652070482172
0.018654244153904265
0.027562205653555764
0.015100357268884918
0.017969236424315083
0.020247500803184132
0.028035780543442405
0.015486023262731855
0.0193858002221192
0.013129277170487888
0.013068978427186767
0.021566140441997644
0.020325539509167104
0.029623898989968422
0.010157894756346313
0.017133404069420335
0.022286609755935303
0.011640042590780646
0.01430516267557978
0.02769608948630852
0.018775232263558244
0.02191058035383739
0.01885530165552689
0.0163107149849478
0.01789943458718499
0.018936143483048423
0.01476522577992374
0.020570905891370443
0.013751376880574562
0.011510406519459246
0.01707112216465427
0.016080863092489506
0.014359999598538804
0.016074108737357207
0.026557113985849434
0.01537879784318158
0.01573386118667009
0.01780076216726965
0.016441888501484807
0.018179231426816746
0.01486768233367225
0.01621915855713619
0.01679523199028222
0.013034393357550664
0.02182137070703976
0.017218068091654933
0.012718032966137324
0.0173894977358243
0.013800220563292817
0.021815450017161096
0.020186970979782844
0.017789973664265178
0.016225095619754146
0.01814444618457437
0.019755417006700953
0.012290283077977136
0.01740528402603054
0.01315422111734528
0.02282437088812369
0.012445797135891015
0.014493711889485353
0.0251906624821922
0.017091054684616268
0.017871777569624107
0.01824341901662153
0.021738444024008544
0.01798742613268472
0.016026932819077168
0.01703344648544118
0.023512822437132506
0.014506178584059642
0.008298504704454005
0.018536072025630828
0.01902267591918357
0.01464822127900583
0.028184740705133427
0.01838823194793623
0.022183941014558076
0.014146421612948639
0.023093364838700704
0.01111215799781318
0.020684590847249346
0.00977343756766203
0.02070817344575273
0.01677958429125064
0.01429639261187709
0.015364792126286978
0.021781832296059435
0.010920521606337831
0.009569905688616372
0.019098446517426593
0.02079328489687133
