1.131919718276359
1.223478292477955
1.0512783141956556
0.9856271303859827
0.7854519252394827
0.8294648877808992
0.7575350381691006
0.8530539301500826
0.8588565279535668
0.7064595566806565
0.6352616354085817
0.7243484146397899
0.6575159541355926
0.6246296844288362
0.5930477563547332
0.6021615542405722
0.6047979181361953
0.6895963378133536
0.7246956297779132
0.5925570056897943
0.7099292866330599
0.5792746413125833
0.43141452016324483
0.558590371945244
0.5332578054201437
0.4380245814522463
0.45689861729733067
0.5502518057201511
0.6337215982930201
0.4774121284073202
0.49076696691817456
0.5509969917476135
0.6658301109136032
0.46342330367865336
0.5542226641853263
0.41882020368512424
0.4413797645944434
0.47740018262243
0.4646942122844904
0.47106631749994116
0.45433625916570586
0.49876981409112864
0.33802162984449513
0.3568038147310781
0.31162812185513944
0.4101415470350287
0.34228755385299753
0.4434426098106597
0.4494515921606773
0.34363680773603433
0.3635476236813173
0.37690609445928647
0.39832923051044355
0.3646358466827393
0.40624538797712206
0.4420799503156978
0.4286295047594536
0.3653944485345304
0.3620614579749065
0.3600874698622581
0.3232517903117399
0.40417852072719807
0.36598101754885515
0.3113537616337637
0.34256434277116293
0.36371129779731254
0.3510472261436888
0.3334401732925651
0.30786873589669006
0.3758152492318897
0.39001086342468366
0.3579854604071518
0.3905782846052812
0.34246373219481696
0.3527793488769376
0.3517051524707916
0.4042353898550968
0.32778808734633624
0.39947986584200285
0.23843494914902333
0.345425609424337
0.35086820401519747
0.3609243017350174
0.33223027785445675
0.2465797812277784
0.3761336893635032
0.3243999218532674
0.3404933097393838
0.2986631169907917
0.29365564914720854
0.30362066461625264
0.31079341122006965
0.29433890458330214
0.2883788477385745
0.30176072428923795
0.28203134061637136
0.22888749007842996
0.23667525489575744
0.3118855300412639
0.26538285110145315
0.2595811941453995
0.3204884077595058
0.28082020542519354
0.298066859411044
0.32519709149842
0.23483059079471444
0.2869608823818217
0.27736293966438125
0.24386022177194583
0.33281954157225535
0.3126689719395126
0.24912717564916825
0.24567711464957154
0.2909063242776432
0.26649853518510025
0.2490522704870902
0.30685911632300844
0.24744540567428883
0.30054806040049586
0.2900416789112652
0.1956125081084615
0.24465821938057747
0.23118664172653908
0.24716957057691244
0.2266691685522139
0.2718122262881722
0.23767101379461372
0.20311886012338426
0.24672074718280887
0.22487550932827255
0.2164925075697802
0.267892985256198
0.20201542019646293
0.23782855799689334
0.2730999735113749
0.2629972560704255
0.2521380396867591
0.2954197941987219
0.22817324124368588
0.25096162642997055
0.22462854673496993
0.25464521094089
0.23589131589423964
0.26916018898193794
0.2422372218136776
0.20916178643762198
0.28155416696667535
0.23650730575094808
0.2902134055235125
0.2595225491123859
0.2578162663001522
0.20050258220860234
0.22408832816467292
0.2699564205643684
0.24032204211703445
0.19253170246066317
0.2028363785287238
0.19906479358448997
0.2528816393382431
0.22848752740825545
0.24259090983480572
0.1885248425974333
0.243777426571604
0.23362223639681487
0.18236106435145252
0.26392637749504166
0.18633318087885298
0.23180751889378448
0.2038459787006562
0.23196686532028948
0.18733185770245628
0.1998367229090863
0.2436551177675764
0.21707045167572575
0.19233322755012688
0.1954611405247488
0.22794233282054152
0.15973977019140398
0.22639434693332383
0.2304889006148536
0.24652997044524091
0.22280037288848548
0.21640631208745575
0.14388419543901257
0.21336766779796382
0.1919407070748789
0.18079624945842923
0.2113896711422401
0.2192069049469371
0.15175728702609864
0.1733763177807505
0.17389183422037607
0.19558438389580696
0.18847116133402292
0.15284463491413675
0.1687827455877692
0.20141066920595727
0.25710715518626925
0.23683210453964923
0.2481726524991999
0.18042546628746922
0.18669666252557937
0.18123493266069687
0.25492700593925777
0.17778597677684876
0.15843273945789363
0.1675361721729538
0.16742804589431398
0.15769522579667988
0.20692465130820176
0.16362866709435062
0.19804977074199778
0.18149264926914158
0.15532923262427853
0.16768577242499721
0.1873258120607056
0.15442062039813106
0.18864447358283248
0.23346460480295494
0.12309785281161234
0.15119786636670807
0.2249879605756045
0.20705754030612084
0.21468279251767738
0.20625902731598972
0.2293081076853169
0.18987913358118433
0.1633066440601585
0.19091847289302943
0.1860307793808172
0.17275027223927036
0.18198422428905012
0.1854400062201767
0.17360823682774867
0.18352288097442598
0.21162078867686152
0.22419107918584413
0.1796167116051009
0.1602829906229795
0.18677442412635936
0.1372121750302499
0.21470341149985156
0.19315104752956752
0.18698101400737926
0.20400671900727038
0.17554824515019857
0.19578306653244307
0.14410135269754995
0.16903106065725332
0.15733841165470663
0.15197315423061894
0.17170897768292936
0.1246492554965117
0.2247708800033509
0.12657886111577085
0.19091801011564596
0.12365093619435237
0.16541842717450878
0.20688106742351337
0.22620556769593217
0.1564187416194171
0.1690234532272044
0.18648543663689598
0.2040684519462185
0.20451862100372703
0.17695115092694907
0.14109510745914253
0.1148745247698261
0.13021133863353654
0.14710468436439508
0.12635045583658416
0.22405469859254312
0.2009472713828518
0.16760586748595122
0.14345524919584535
0.15747926020479258
0.1449773151216521
0.18332134552464063
0.1344687853103275
0.14708198759631486
0.1328412818881937
0.16767231130437305
0.12109629065978096
0.1780508563458236
0.1351514616466576
0.1366838668428028
0.1615828111339496
0.14136234014129714
0.1559886992152106
0.1301995959468273
0.1539549275999265
0.16082506618192044
0.12469245510343412
0.1438619278354059
0.11210073464385033
0.17879786288448024
0.1988798674872721
0.16155616698269065
0.12725837750504326
0.15805206259290855
0.16262392906403764
0.18760099129057103
0.16292367797258447
0.15942497387044824
0.16061039633284452
0.1362072176876063
0.13813102613572
0.15466177074310378
0.1800918298232445
0.13302202415741265
0.1499485041066342
0.15373896900612943
0.17840620839064192
0.17912631337988824
0.1716510011955756
0.11864886232800571
0.16566462703636192
0.13943585055713745
0.17257765479668385
0.1543848872856213
0.14464594939315606
0.1681972642281286
0.16473038769300893
0.19109171586078022
0.18576632247942912
0.16903102247071417
0.15553312211430675
0.15138243176624067
0.13336564357717556
0.14853562228321518
0.1537064321809974
0.1615668342928827
0.15040082400175045
0.18346681289240316
0.156516859690681
0.10540761598988542
0.16743424230552054
0.20614121743105426
0.14957455469111852
0.1657607739609575
0.11988685494530724
0.16621560558601184
0.14410550760199964
0.16484846150376586
0.16582534865450477
0.16045150646127337
0.1412370946972049
0.15365327757124952
0.18502096185132705
0.13153981788184504
0.12363328706041203
0.1491887900733656
0.14997444898572182
0.1045354394073772
0.16028807502063305
0.13123795782209657
0.1613790715494142
0.14044165723993907
0.1366375466478654
0.14268127447941203
0.11527542477732053
0.11705421492626245
0.15261762914562493
0.12922856349382925
0.1911941530138705
0.17520914610662114
0.1355769867409173
0.13864800270556826
0.1056742695456329
0.16234821181230558
0.1267765840600584
0.1450157996664845
0.15209188627835857
0.11231481695470207
0.14710559029241208
0.1350277824779102
0.11682264155829163
0.127513319445239
0.1524691974380915
0.11232512885690844
0.12436412074529697
0.1316326195460161
0.14048470687934916
0.15539508703141666
0.1518240579961248
0.1261996540050364
0.11661756113640331
0.14961793263728354
0.1436707146764788
0.1412085159459558
0.09771573405275914
0.17067502698130782
0.10752135645267616
0.1130606232928653
0.11392626675573007
0.1283003602548258
0.11415398059359468
0.14246307632696925
0.152431535466029
0.12673739329757452
