1.3760462674702219
1.214744999426013
1.1892530235468581
0.9604650827419509
1.0893605885803428
0.9334109927920657
1.0332233339327817
0.85932990810622
0.8237467040495394
0.733287952392387
0.8259654190061492
0.7103109212009311
0.6173661343593457
0.6733686536948306
0.6529459411934735
0.7736347970882093
0.6778849288940271
0.679645323811716
0.5571969710808446
0.4803603171594534
0.5858055830604088
0.5670560677785551
0.6012586652819651
0.6644913214158571
0.4149628850688364
0.6648758009756556
0.5310404716594284
0.6657796061733923
0.5185747292285909
0.4944867554714648
0.4793454479524912
0.5066824280580047
0.45739164105313945
0.4031373309230816
0.42885269322167446
0.5381354822396004
0.4991768381172116
0.43521017824522595
0.4769733331225397
0.3982493883711956
0.42457838471944775
0.4226275315505344
0.3627980425953147
0.35864949651733313
0.5043137822758089
0.43447993818733244
0.41944429119732474
0.41205661320821657
0.43184623737421113
0.3834605883038473
0.38281394024759885
0.39763500506019234
0.31507760268691204
0.3969957778815926
0.4057163921662369
0.2954400867473058
0.35819414357494306
0.35526474130876473
0.2961620266846948
0.2764907734650164
0.32874644707447126
0.33201047265621997
0.36983004236906947
0.3018773164120976
0.32705030191057094
0.3101335645598722
0.35435722791355756
0.30577885929662985
0.35789509863174784
0.3046325225779605
0.23823630774607668
0.2489375847605962
0.305360032359431
0.3022429547351623
0.4050711624839264
0.3133837090426891
0.290992214459593
0.28156999364154434
0.30600884562741226
0.2874124323295232
0.2909637652766709
0.28211732006220713
0.269269441138822
0.25701218972059725
0.31166363435873395
0.20879945522806734
0.31532707864436804
0.22782705522032037
0.3070393515510347
0.30895374303185286
0.31082132413541647
0.20791479288458867
0.2663912530288027
0.28970277530036265
0.24775821103670484
0.2627992559419501
0.2268187311169778
0.26416432511987775
0.22475188381194006
0.2785128612336341
0.32614579007760636
0.22697823744655804
0.2631955656163671
0.29451411676606204
0.2615399627627979
0.28471759465843005
0.24974531548459983
0.2346075021940827
0.1937688263013776
0.2685751414710343
0.27384805053602657
0.1890120646466222
0.22943670500232777
0.21974334141598456
0.23756047691416268
0.162480371221861
0.20243601062596003
0.2440835247940678
0.19885228799314295
0.1855179500750014
0.15623001328365388
0.18867935177556108
0.2301923855155778
0.2713526982630031
0.22994903539359962
0.17227934451133858
0.27737623907394016
0.2176770685396717
0.16619733573600468
0.1669315839406657
0.2133431470429925
0.23578104032179997
0.16602660578046075
0.24596118901595534
0.23107658203037618
0.2223442068646885
0.18717979963693568
0.18866737369577163
0.19743437464207408
0.2235687072873233
0.16359181550244667
0.1171770471242866
0.22593960750873382
0.19458331347096727
0.19708850635564062
0.13826263321389334
0.18062783019064566
0.1934460073930049
0.1741341793612991
0.17791316106796928
0.18666976815911368
0.21452510345656622
0.18250505685224302
0.18515094266784063
0.16708187861832693
0.18862971119416944
0.14121628200599162
0.15907763141814485
0.1828086932882751
0.2113172423778677
0.17593733107168494
0.1824022419298807
0.2173756812836225
0.22242255043444953
0.16827780255737973
0.14036330645275152
0.15937879346740313
0.1436770309483268
0.18977545874977977
0.1434132415174222
0.20452556948473663
0.19967354025937903
0.12348014270871681
0.13429499447471976
0.13243299127280533
0.1979512669924989
0.1913518423429486
0.18276630385058956
0.16015910092354652
0.1725832630156387
0.16499554976375655
0.14708198720303906
0.1663718529540878
0.16402035549720514
0.1536581475231714
0.17100089638850258
0.20580069851800728
0.12210506458566742
0.13873556697640987
0.13786907546104527
0.13428642392472726
0.14165789949964358
0.1739484733152909
0.13766995824692912
0.16144974910965065
0.18181440734552023
0.15269424908296297
0.17650422382590775
0.1159684752955511
0.15819993774995716
0.13722785578977872
0.20148690230248895
0.1426235892920313
0.1411840630676115
0.16515915269600906
0.1485792414405374
0.1782815093775872
0.14050469123793646
0.13692352251200748
0.16217854039197663
0.13928934027116374
0.16852939361484354
0.10839713428548374
0.12917651699363514
0.1590390082278298
0.11811261200876591
0.1601084320121636
0.12808351833865675
0.14388758528862144
0.13344724964427115
0.15925633328459365
0.14483380953148361
0.159952993598441
0.18189901057980873
0.1560835849802062
0.10604228046221051
0.15283265445764285
0.1483043944775661
0.1309457719220702
0.13234343352370695
0.08392900890538171
0.11827309427742767
0.1119617189803023
0.17674043722424954
0.11031456144012594
0.12955343638815986
0.1222186904575419
0.15542612179497617
0.11748226063617669
0.11514675210048675
0.16408558187185435
0.16036553853004712
0.12155315157027231
0.1435425116550319
0.12774880849106518
0.1261936260610191
0.12038199430042178
0.12746740183866412
0.13701112195722848
0.15168504252115472
0.16154823297311652
0.1401283548074366
0.10855851636138954
0.14043474611655565
0.14927567146165127
0.12288178097484306
0.14250237726858966
0.1099498430472696
0.17020030840216516
0.09258359351265118
0.11152029647971762
0.09647605974682444
0.1307024599118695
0.12428193818386728
0.12202689772837508
0.1386724233706684
0.11224508975232435
0.15632749847820993
0.13240399519342505
0.14101936810635773
0.10605369643720672
0.13230283741148188
0.10636135512387039
0.1291051151977855
0.1249570902391423
0.10576880374245237
0.12884409489246534
0.13282424422463304
0.11412214412772767
0.1128662187846087
0.11659633164033385
0.13000592628386828
0.11733637666596877
0.13005256317231345
0.09916592096186083
0.10357272309226621
0.13628600985956796
0.12034908701882843
0.13719859494431225
0.13087913757733977
0.10900785893673381
0.10323476040803028
0.1067550612939965
0.10189818527460925
0.08417001407997547
0.12170103460437101
0.1242019727690132
0.1557403133789596
0.10905269049748204
0.10772293544270298
0.11401846197641088
0.10430376905130483
0.10138538071326697
0.10011200506079865
0.10815440746635985
0.09004647652152215
0.11611248891765094
0.08891684385958479
0.15169199659022017
0.1119574024554113
0.11917675693366744
0.1016763452254644
0.134016811371415
0.11490652110835198
0.11750684784196852
0.09311195004600814
0.09907567675251087
0.10725013968895096
0.12175808008559477
0.11358688250950075
0.11125819056848293
0.10888209627365952
0.12153211151050977
0.09748336663802953
0.09149176681270085
0.11068073558986587
0.09838260636427111
0.12247452587488457
0.12538484072698453
0.16002906021336266
0.10449281922857516
0.10262382722684901
0.08654013619099209
0.10166307887565454
0.0996763272639713
0.13071103490124064
0.09974332911917408
0.1056834902060024
0.081118682625387
0.11848568254380827
0.08671443011841828
0.11483934124831388
0.1382464836618676
0.12039397279536079
0.08355509417185727
0.09892211079766013
0.12335805028966404
0.11106345610221782
0.09519875793889407
0.08299346239966363
0.07808911257953323
0.09390663854345743
0.10886224012972431
0.1239276355773425
0.11235650729321178
0.11552824948461729
0.12421088101971975
0.08867868189440989
0.06844933595136575
0.1172588917266553
0.08986005353019852
0.10092214614688007
0.1061335947601666
0.10794530690795208
0.11452805997458063
0.08123993520838342
0.09339729301713066
0.11575615404317441
0.10977833995532957
0.08757407628726364
0.08594014328288078
0.07418003473521034
0.13851521540531236
0.08942263296689017
0.07946943018160113
0.08691253066258935
0.08081020008706401
0.1235891714813038
0.09438225777894296
0.12470125127328206
0.08920292576406137
0.0955904235980619
0.09771513333983961
0.10587840337423085
0.09223757580773274
0.07261440003631446
0.07813657172410948
0.12616802708676242
0.09945873535555495
0.1134799980799203
0.08069646528226068
0.0931696313734571
0.07514989407965197
0.09905095466544317
0.10858647338593241
0.08947823462977653
0.07345510289409239
0.09225242698898019
0.0854757110781
0.10588343483534127
