0.7220545420536848
0.5911107682367049
0.71564017454883
0.6102799519744935
0.6994889297244078
0.6272387457828137
0.6905141044887575
0.5613336163630558
0.5458353361385611
0.5388918369720062
0.5611579957325501
0.4623132634299868
0.37988673151289853
0.39279873719036357
0.583195758111154
0.33696993889111176
0.4148805966685286
0.44475895330472637
0.324727657189653
0.19124279968899535
0.37140552682425065
0.17453975616039455
0.2344670789905678
0.17049735855890819
0.2708472619811946
0.17674050546748182
0.18086408198954573
0.14351799980834928
0.217362017936708
0.14986318803120707
0.09778640549666207
0.14070907978182207
0.12181501970216294
0.0803285878518681
0.10695915902535587
0.15625719931969675
0.07499023245263531
0.09660157307781216
0.07020168939572982
0.0613001991013704
0.07319541088084341
0.12000310060294692
0.08877411541217242
0.07184675162441691
0.0572743692504177
0.08849321569123965
0.08529535354920845
0.07757323084181258
0.08177366384064721
0.055234809072280774
0.08336108384607066
0.07594837740111063
0.07251131003387046
0.05687634514502275
0.06581397113605417
0.04531661515508585
0.065346563836592
0.06661297595999127
0.045746692092530794
0.05444959208573265
0.063650030535944
0.0661441902177215
0.065018294032614
0.06405719486281507
0.054367233500448496
0.061604381277954055
0.06215494799792194
0.061363274373813816
0.05310575074957422
0.05398529375574111
0.03644491480154072
0.061287119203542406
0.04971327890013121
0.055030083248007344
0.054475485096041
0.05925023310352906
0.047143898026758405
0.05824138184878151
0.052814592219507184
0.057740803361844895
0.04096239534909768
0.04845763441711271
0.049858871888598714
0.04773910792334614
0.058842283687355425
0.04667422867730365
0.03647548048122638
0.03838317773964213
0.03397245409276296
0.03512582182410812
0.04411172375167139
0.032429171023783135
0.03350365436894262
0.05792807074647181
0.03150488335658116
0.034653327555247596
0.047543041202683115
0.038509872310785995
0.04007243105753606
0.039345320229710476
0.031139997250707367
0.042133395366740635
0.03994762097119621
0.040997272511969995
0.04326123301288724
0.03507001015210997
0.036839065546568836
0.03463894214745556
0.03856113067102104
0.038025090175891105
0.027436153382868183
0.03998593897745125
0.03360306776805827
0.03989883085644609
0.0376902576643493
0.02888504515028434
0.030031872623854622
0.032533324183754396
0.03707846354591517
0.03233321812737793
0.030850958883941737
0.025416486394696725
0.033117420378195095
0.025609401983902897
0.030376113346458122
0.033783427519063554
0.03902918312186896
0.032347972491302245
0.03558307986929044
0.025176901824339938
0.025480034670402652
0.03664395303212854
0.023281375321844787
0.028299604093300134
0.03362839365472428
0.028291866853311205
0.03515599033758185
0.02926293076735581
0.02368611100930113
0.029094134371582682
0.026205192277109945
0.029583454589519532
0.028536177095412917
0.025174736496553995
0.03399084008133792
0.02200427288967089
0.026478395007565114
0.02928189318472066
0.026138310626642312
0.02685944455250248
0.027744604487704643
0.030421954894996005
0.030034611624113083
0.02656959048169625
0.03293167522777425
0.027524369944135135
0.02717281077675322
0.024580749628613834
0.023790394335703017
0.025082882695212905
0.032022866978070594
0.027590618466047996
0.026428958401124164
0.024044670122749946
0.022106298904084012
0.024252129501491363
0.028046654170803504
0.028012423976407918
0.020968158821153125
0.028575032188394196
0.02404207728851446
0.027902967545749103
0.0287381728858824
0.0242993222973073
0.023615438968688472
0.024029407631995715
0.021408449186423185
0.025007414792343148
0.02538509808202788
0.018556514492637337
0.026395771458382317
0.02037819389759847
0.014794815511456363
0.017800663959052655
0.028428513360085773
0.02563909424621741
0.029305796752650222
0.024912411699585288
0.01572579545852841
0.021658497757460888
0.014423893940349217
0.024355699849800804
0.013129068102462445
0.023903355417929713
0.023177484839498292
0.016626264618345175
0.018130692170754123
0.01866487929916031
0.025677645837720343
0.024698888423752775
0.023019111234487254
0.02305916161393483
0.02440287984090401
0.015937181840294065
0.014860884553308387
0.01664787326600438
0.021294602417176872
0.030694449833542976
0.029634143198458716
0.0262924498398187
0.02113239415085976
0.02134043777952714
0.02525964634404774
0.02634134969355904
0.023060935400991227
0.02190286435884117
0.02157384141537649
0.019927365351529464
0.022936634693531337
0.02209875349535904
0.020348356099499046
0.022849109364527196
0.019257615603695828
0.0289010574619231
0.02582407644199844
0.02040224214050158
0.020741704528490217
0.02188966982927609
0.019944552920453537
0.021194665049550268
0.02003613901837756
0.021847090579064973
0.018303584505786046
0.01948797829858394
0.017365191661496738
0.01924803264340961
0.023162811842084543
0.02105863055763237
0.018591982400927565
0.01967479961548837
0.02388947682894991
0.018320033006463995
0.02098488271288327
0.017592704481544718
0.01872152093480721
0.017096464942669677
0.024336192039614436
0.014878183894909752
0.021179363515111724
0.0247969135589305
0.015769815169145305
0.02142183856005737
0.02121444161229263
0.0178284526772644
0.023119407086540582
0.018409650386552078
0.01571942548565023
0.01732647217358297
0.024585099705537586
0.018498120641744293
0.018588594985218705
0.018069714692443086
0.014709586549896885
0.015950883664515702
0.023632667298725103
0.0219218198966835
0.023381881527268382
0.01908271350395088
0.01637471838473673
0.022498208111716548
0.019575970083636297
0.014552356891554713
0.017638634371552546
0.018281490812574148
0.015362620116103246
0.01926135461157274
0.018738923143594953
0.014215657375809149
0.01713211875987862
0.015414096823654286
0.02099741842133345
0.015123716817012505
0.020224654608025194
0.018610716285132837
0.017543109543532262
0.018951113212732455
0.013140416171737218
0.018562115631365388
0.019329657024674207
0.017613502443797696
0.02403812878712557
0.017740092180632386
0.01590110978903834
0.012563220076467018
0.016364204771497807
0.015944237558612455
0.020382146433316078
0.019471188533338034
0.01798920757338123
0.017848810189489795
0.012246973426625927
0.01883149311529173
0.015819031657421215
0.020153389055699137
0.015774103147626554
0.01631433757319448
0.01713334704586536
0.018657775450831044
0.014660279283382654
0.017499254012331482
0.018643099864172116
0.012436810678962944
0.01788135014652381
0.01506035645362878
0.01222841749164096
0.019684180783861593
0.014035718797278477
0.016683678460985805
0.015059445164978194
0.014938486958166497
0.013400676729759775
0.013629570220070594
0.01630439818576906
0.015257914621408597
0.017661087939776884
0.020988563274668547
0.017249531881194845
0.012229882799315169
0.014215668787822627
0.02169689871352082
0.01225884809449412
0.012053767353937954
0.015004774359731281
0.017066249485873812
0.014450065266058756
0.01903517719110993
0.01671145073146773
0.01915497788450921
0.015153916111532051
0.014546945620401144
0.02087637958920455
0.01904747215127877
0.01651491209050046
0.013969594681548264
0.018024665997794124
0.017741646921948108
0.01662135355597161
0.01465059531089782
0.01880531968537823
0.014130306667539266
0.01688149322618041
0.01961542111243787
0.015136274683596612
0.022283985480404826
0.017971702108899378
0.01401954365332209
0.013357864867917518
0.019491497323752494
0.0148997388462381
0.016589520617445737
0.014767056629139737
0.018968243438502116
0.017219476675685765
0.01520574212433116
0.01566856170999118
0.01745208930837836
0.018307346740961877
0.014332187361551608
0.013771848946905741
0.016298899564903675
0.01609919314717298
0.01788845833823269
0.012610418301329848
0.014701650979048358
0.01778689177679411
0.014520096398391528
0.013422309881058785
0.010203446394557447
0.01610018863170013
0.016630044643527474
0.01595778904132673
0.014617685005950893
0.021123184678775542
0.01595659634023746
0.018345411616246518
0.014956453578004066
0.017999291702547455
0.011383950275342614
0.01863235449507996
0.014816173364153553
0.016279437234758866
0.016799606303453753
0.014438173288378977
0.01267245720709835
0.017328512953844643
0.014225928453622031
0.011793890608403051
0.015261826292541966
0.01656108943037115
0.013347467255473575
