3.9630323833125964
3.740104825590714
3.744201691675495
3.5981563740322478
3.4113423770731695
3.2523518557771687
3.307516976347974
3.166300245400625
3.0994530628597947
2.9645122224079
2.8523912923789703
2.8504362141051023
2.9178858250804582
2.8520302617091975
2.654937860722085
2.628541947675637
2.750272622290604
2.6586676491386503
2.578615278992597
2.5782959704652746
2.592364325227052
2.503479220121974
2.433111509709885
2.5467175406744116
2.2485666802775386
2.347436195452413
2.2612121393585434
2.3310342480614397
2.3950964849461562
2.345324808274318
2.287838130922721
2.1548234112958506
2.1805533569748166
2.059237018605845
2.0400306162824178
2.0115767671045517
2.083397565601593
1.9505594616914734
2.03927419228997
2.0550057190254294
1.9101021898746875
1.8329456291562785
1.8674208569755262
1.7875494357377621
1.9146639580610496
1.8428336057461792
1.690851168828047
1.7366738760555585
1.7062174416714175
1.7038903699319827
1.6254828002336013
1.5955298663917057
1.5939556711341523
1.7047436768013629
1.4413491930397806
1.5349738266345363
1.455248392289247
1.4968929470336452
1.7106979246213334
1.4591683230371006
1.429144904765546
1.3382327819820479
1.2419290203647277
1.2619276874317058
1.346607674091397
1.426434544986692
1.3678496306090553
1.3094771724555827
1.2948217980281356
1.3828854537931858
1.3145222846531952
1.1875504952040292
1.0877175089079638
1.0804628673189014
1.226568701114012
1.306852104871591
1.113092281187277
1.0464978646873226
1.1826960083950993
1.037426423298838
1.0989099447734074
1.0844981995491363
1.028743519788686
0.9082197188855954
0.9466909171334738
0.9475757607482738
0.9944949530048811
0.9472017706117614
0.94934088411517
0.8526458482558293
1.0018872053746732
0.7579412939185557
0.8517032275179325
0.8395739267052702
0.9488851701336267
0.7913611310766608
0.8281308443392648
0.7859806672319172
0.7502385177386556
0.8046747049321494
0.7737328009260611
0.7327173552746447
0.8107691832453158
0.6961405069049672
0.7918043611251017
0.7052938541237569
0.6032574130513897
0.7930742460803291
0.8029577387772207
0.6341814033297367
0.5446459774736443
0.7196887073281755
0.6944275431906717
0.6626794954144294
0.6207264193847368
0.6493101102408207
0.6892379534104497
0.5257875595915629
0.4827014344754601
0.532187041475604
0.5367898445427045
0.5280506570960639
0.5147013498515005
0.599500557210807
0.5497323533325068
0.47618812113514786
0.40395535396515153
0.4971464524848682
0.47785146447058774
0.5262682525265183
0.573063000081683
0.4748018642226469
0.45287763193002323
0.4988095564296565
0.5289723975592858
0.5275113258671716
0.4482265722901727
0.3410958853947816
0.4566649184847165
0.5472014033774187
0.4445571457168178
0.3456006773825603
0.4061898342532618
0.46647421438016545
0.44013673058103875
0.4816882588875271
0.45367839028685186
0.4121511328872198
0.38035154582390296
0.407412232428875
0.36047204252254494
0.35680974583930636
0.49929551902704505
0.4260485977156687
0.29196644778479575
0.3932449861285433
0.33839837028233
0.3051946437442727
0.34090497086734184
0.33628471246754066
0.35008263718065263
0.3696637423734251
0.34286228321293466
0.31071172302314914
0.38102999135653237
0.27049434156181684
0.3463767279741502
0.38436698162934274
0.37402582986902033
0.2860374420562667
0.3280009679622395
0.2924923278630314
0.24478803916306613
0.28644459254681964
0.24489089889934607
0.24778995849466937
0.2909779234938687
0.28564988721735707
0.2522502622579012
0.22625627795775713
0.28158379750427487
0.31964702393134325
0.31443701739287366
0.30486573888537805
0.28571476528234785
0.3287701897315922
0.21525509179040112
0.3073186334928527
0.2104553883286524
0.2397084298689307
0.2923590693671246
0.2430715279505183
0.22864063704229243
0.1988694517565176
0.2492241355613173
0.2421745197688016
0.24562951715618225
0.24673298540046512
0.2941348356591681
0.2590551456074288
0.18014984295537756
0.21288821620673506
0.20350167369083713
0.2208082455204138
0.2701507071194804
0.19941347109170968
0.2744576800309934
0.20155845336506087
0.20772795211952905
0.19501664620669884
0.2041480163764426
0.2464750079990957
0.20007845575013722
0.19431399322997112
0.21094019531258995
0.16724700228065376
0.25139929603113764
0.1600006981242708
0.18963718654035586
0.14989690060566724
0.18439301848794182
0.15392730766955134
0.18608881478676256
0.19663505354519456
0.22649306888853132
0.18242217619886575
0.22181317271050563
0.1635190638958923
0.13762387233593715
0.19918321568971348
0.1676296081750694
0.20387419170095247
0.21611041609234616
0.21925561780026054
0.21288747381179932
0.25397090307945963
0.13646963294934378
0.14562568393026795
0.13994801630710982
0.16023701855306902
0.18425995025056907
0.17652562214410744
0.1701290035441486
0.15646297658058034
0.17077292721304455
0.18488986632856652
0.18713862901690492
0.1681603249348868
0.16482917775260095
0.14235244353094417
0.11816049987167769
0.1970596033877347
0.21026864062835396
0.18403021442410952
0.20638058456031705
0.1610485702604562
0.13750362549600922
0.1470671764211237
0.12435649303814571
0.12967159273048798
0.13424927179439666
0.1325540881948076
0.1449862593265907
0.18233070755869402
0.16102917499127894
0.12591917761817709
0.1382786843373416
0.13316996082109386
0.13903669221311105
0.1395104700785488
0.1595849550055557
0.10594575666845459
0.1556283879723089
0.14013589196013018
0.16791170381157786
0.13578405873770785
0.11027016607792847
0.11479859159557362
0.11911984401401535
0.17263732100425674
0.14541653285191608
0.11627113535406315
0.13767451189359742
0.15934015687671482
0.1067209956933605
0.16536837993836764
0.1291987794419854
0.15863089752691636
0.14577623037267845
0.08368511926271778
0.18496304977869515
0.11788661286461913
0.11712662579505943
0.17528891849199185
0.14293112020654358
0.1266628921837391
0.12728064794547972
0.14160957191684365
0.15487991975813215
0.12003863492283248
0.13430182843138347
0.1081216823066626
0.10636486311422258
0.10980157107923523
0.15723877441158135
0.14464975262093455
0.1562883403256196
0.12929769269210295
0.10035057199567958
0.12001628775912132
0.08258719094484948
0.11686906425470575
0.08844469705019524
0.09611152429928019
0.10307404934173488
0.10694275268568965
0.15404698815926393
0.07703103148885186
0.058299474993937686
0.09359556430698306
0.10857847542310702
0.0954983899804614
0.11662593965842763
0.10154402557816763
0.10035730082409078
0.1155409530061728
0.07801516516962814
0.11332979624689996
0.07698929764770991
0.11062529233175597
0.10966174885524434
0.09280276633872121
0.09944505471822812
0.08254085385432622
0.13638058592852298
0.08199359986295851
0.09461483501502446
0.10673004031832097
0.13002107837058136
0.08431675231137445
0.0850982897071662
0.06642432600732559
0.07383493754400748
0.09745137453283884
0.09156769069616069
0.12271248728473313
0.09709537952205946
0.084551363114476
0.08848010125453185
0.1062722633896012
0.08323104155695096
0.09071465405388235
0.06436143182489455
0.0886691952466229
0.0810956536372496
0.09034114272853087
0.13958038254843783
0.09139616294394672
0.09094812043078619
0.12292150215313209
0.09888347326604441
0.07685936714530181
0.09298085965409413
0.06371488205231288
0.0697693798878037
0.058969229701871406
0.11631716258344102
0.10135272185563868
0.07999867039671582
0.1105973321597759
0.1262514988005992
0.10650952161577117
0.0950760604529286
0.0804256263397716
0.119829758945272
0.1087815164562149
0.08039959744723232
0.09983443980121995
0.08088643815066253
0.10779736299850776
0.10165090916272816
0.08371073854423
0.09040818303117751
0.06793426373767272
0.11068055371052292
0.08325410297738475
0.08336101098742607
0.07084626823531424
0.06713604270280375
0.08799542906614903
0.06760968928865302
0.0736414435275038
0.07707044645686124
0.08325378146924124
0.0663265872987956
0.08349190466004029
0.12357867185271147
0.10443231177759882
0.07038485680639914
0.07372248182539066
