0.7304037135709203
0.7816667125427575
0.8496488293144436
0.699462475253016
0.7324003273317726
0.7892110266914943
0.6635282168147879
0.6243081929106228
0.7232328853660988
0.5346685554448066
0.6578286443657446
0.5571109255367281
0.49466228988095323
0.6198851432557257
0.5632095497591754
0.5564230747829954
0.5002017480210249
0.45920985298387756
0.42207154274703507
0.3840879129014466
0.4348310401949823
0.4054997512019507
0.3566910017853224
0.26799046994668113
0.32889405209657174
0.24960144637935816
0.3314319596388614
0.24974122162948906
0.28170065083139256
0.18923880499248932
0.2384221208958673
0.21651447804647456
0.20820628705187433
0.22934151124969757
0.1958038928888062
0.2486111777685988
0.16912625418136482
0.13691380070339357
0.1684085553992159
0.16641237717461793
0.17550947633977712
0.13774092598549534
0.18916214249904914
0.2030185714315432
0.14611160734307455
0.16757087764195994
0.16497075585736964
0.14600902565721258
0.12768304365468783
0.12074328682171723
0.10892311916975775
0.12197554954925612
0.11609764380815583
0.09990714729863678
0.10084333144544384
0.10084529758195795
0.10668718750920692
0.09198608939220063
0.1074138854528837
0.10677147136608663
0.09447384547820803
0.084017881175496
0.11080919127081561
0.10733313142487169
0.08396289109083653
0.0873632793216689
0.10384189172884699
0.10252031261119979
0.1124467845858899
0.08223532524251428
0.09487267862669777
0.07677086007193007
0.0891445546732518
0.09430955881716122
0.07109995982352435
0.08603195742775337
0.08713972652494395
0.07765330228920735
0.11845044061177293
0.0967763096031267
0.10740332685739218
0.07271157570721613
0.0855835189015435
0.06998140901855714
0.08538206299053186
0.08224607238042812
0.07686773610365698
0.0892732629807158
0.09087253243222597
0.0696381746553022
0.08169213388103272
0.07063449505896509
0.09889037870305044
0.05724668366039108
0.0972282050702076
0.07827377704698157
0.07260758735464312
0.05729442249825652
0.08555687159172765
0.07577611369468515
0.05662598403280167
0.06393719812645997
0.07200460866687099
0.08844767558693614
0.06966946692868589
0.0669054360253502
0.0784241993881951
0.06379040913743032
0.07177544008801809
0.06642347210550445
0.05788381381504726
0.05513173091266801
0.05446099103629857
0.06230123307541492
0.04914015791727315
0.05458834666706062
0.0687482939065708
0.058621762055702666
0.06778229890715293
0.03860801712796193
0.06667374668549865
0.06556673877722982
0.0641524733018132
0.05612867941351303
0.0594678486874081
0.06557274254088091
0.05659464237213939
0.06697653618122144
0.053173550392879354
0.0625414500928698
0.05540893679571153
0.04384490219685807
0.058410661767350346
0.05637319536219496
0.034688410908465736
0.06032905663712955
0.05617452367728062
0.06252600895570093
0.044213227510162774
0.065206132117499
0.056917459713792605
0.050039059137486554
0.049932909551826006
0.04063986540051819
0.04859713586860357
0.04140140372590613
0.037287209816775
0.04521822679003383
0.04992876390535859
0.044984051611104935
0.04594547952903857
0.05815566688725908
0.05087437844798555
0.06538624618203046
0.04302543404458436
0.04596144454148587
0.06202806378073478
0.05570021563617994
0.06611565301687541
0.04407305128029555
0.0522546653921009
0.05618505753484497
0.06950710007413383
0.04990081446153717
0.04127295823890943
0.04105337504911953
0.040270368339426564
0.048591630359785434
0.05288362830526028
0.04431574620751634
0.03884818729102368
0.038563985978531765
0.047266168944332096
0.037469964143164156
0.056393991026427524
0.03195935253204653
0.0414124732249765
0.04459499875063243
0.04924721617982282
0.03713642305858303
0.040269199547341296
0.044073109043674806
0.042764978201152534
0.05170992043841671
0.04418956287215788
0.03649207652329793
0.03892700430962397
0.06126796404661198
0.046754978775792704
0.03867811660367941
0.035822864557072696
0.0424431996195374
0.04564304917461431
0.048625554142922245
0.032446707072753336
0.029258158636001293
0.03940140875767978
0.03995003519777548
0.03665323102656027
0.034910147627079655
0.03581473638715418
0.043661818329757296
0.035025303512700924
0.041344588120324495
0.04139333314115363
0.053551354865818954
0.043118152665309
0.041121381974402994
0.04094712661861534
0.04336092983773994
0.042017048111100345
0.04111773775546064
0.04226154435046132
0.04697607984596792
0.029602075454069676
0.052826774404642354
0.04584348699004907
0.047587484680605745
0.0428999521601476
0.03337096007871484
0.04050925893926289
0.03322014373118224
0.03805877901177627
0.03638327056900239
0.041326437283369356
0.03561787771636316
0.03974169315097325
0.03337831277783259
0.03573791859333374
0.034496092419450654
0.03843808316133166
0.04443240491379399
0.03596772046031894
0.03145424392005074
0.040675327262513813
0.03584532251889834
0.03891665294878433
0.03024698786703217
0.043592146118040666
0.030418003098080175
0.04145914678977329
0.0428236737546002
0.03556420682076438
0.04078237513307979
0.03640449952306137
0.034651529022195524
0.04145098999094425
0.02843171149065309
0.03757265360133608
0.03900619107088157
0.02705304593298382
0.03425515151407976
0.04009226934130971
0.04303107751404901
0.03024334267764376
0.0326591527757679
0.0346904353289587
0.038372629815251684
0.038013798618054435
0.033318340299841674
0.042510379148673824
0.03738102045415183
0.040316217200683506
0.03750028198188062
0.0386435257442591
0.03400539525009808
0.0397512363554538
0.035026685791499756
0.04132167896110537
0.03882255523880038
0.028062823675865156
0.03292024626830503
0.027863473487043988
0.02963131602643774
0.03953006531438273
0.0406406454008547
0.03207769204938079
0.03743627051804545
0.03163008850474623
0.03767334114425047
0.027041632330026277
0.033546107248989813
0.035395187810895616
0.03783811751483883
0.03361158924500187
0.03352172484020735
0.043106931048966776
0.03251916458989645
0.03143802698587085
0.03111689371082692
0.02946775046027573
0.029912608475200785
0.037901572940008635
0.03037737425506143
0.028863493753152218
0.035189044395960926
0.032170221184375514
0.03849168137183308
0.028207815697694955
0.029406762649566643
0.039154382517878845
0.03411765455046821
0.028517527622183063
0.030934848133263852
0.03312490390900179
0.03653107140807708
0.026416527369814164
0.040406670311060024
0.03499304660752016
0.03422846766356112
0.03300362970971594
0.03090364939671152
0.033384198097240324
0.0398634044174166
0.025679711759930696
0.033755900204654826
0.0302241154303056
0.025362057170274475
0.0303732928580479
0.037454881447235314
0.034390527299838304
0.03288835479720406
0.029252072317873034
0.03613655648746791
0.025160696261004915
0.03438091714070583
0.03288185865046621
0.02958844778929722
0.025689198586360464
0.0316807408601127
0.02853380750002052
0.035887988394272805
0.030688806024365863
0.02467408468533981
0.02723290516672624
0.027650020897801265
0.03154193791065267
0.034172027480559954
0.03315392920020802
0.028639525020094325
0.03348150603422108
0.03485188191668124
0.027153216914889134
0.029308691396945565
0.034837502536643875
0.03274568718665249
0.02873978240685151
0.02449191042428602
0.029345223359485095
0.02702922804358122
0.03376173014340715
0.03263546295613412
0.027558817814241975
0.03491613388760707
0.030672410667240406
0.025106375571493915
0.03421823581666883
0.030180994821067137
0.02619432986482869
0.03322135219528744
0.027424383351057808
0.02662185747079811
0.03584568433738018
0.023320158388378132
0.031352342643308925
0.03371709003328624
0.028823533404439595
0.026589010769723132
0.025651440309094525
0.027948712665215564
0.029251063703898593
0.025483059929940564
0.029201208565814357
0.029981627822694912
0.029637516336860646
0.032612131052575696
0.02809224008622576
0.028166606104301033
0.028434190440423984
0.028045568027336765
0.04660451033103365
0.03349494570725478
0.027252623687672544
0.027225270837132432
0.029987963828521952
0.03200654836718411
0.02400463226384126
0.030708489780102228
0.030856894760865217
0.029864454853727067
0.026998683494058224
0.030665079823316434
0.027884075751096006
0.036572857938425594
0.025154422734560207
0.03255322307461119
0.030718191269825966
0.024910421485032135
0.021737318865336905
0.032896848945864206
