1.074482443876955
0.8515494252940211
0.924645271152337
0.8246989856700864
0.5996777942721532
0.8109823940336753
0.710044233757889
0.4954306211882359
0.5925772876464881
0.6258039519723202
0.5814461270643315
0.5538110657840336
0.547629420691559
0.635800275850598
0.5424694722753126
0.5801317321910818
0.5489835016612025
0.4230009787179384
0.4431113084846838
0.5183690017588718
0.47270248981823687
0.46996918197303683
0.4545235009825682
0.3954103434622536
0.3886044884934231
0.365157135765929
0.35711719512281004
0.3813775548362045
0.3949117652051905
0.3053380913857382
0.41367818629977443
0.3220768211462358
0.37382703804255396
0.2945475883305238
0.27991716085098356
0.2872204674795998
0.2997564736684362
0.2909548614136362
0.32994092346059267
0.33009246347873406
0.2633802004833048
0.3125230630593652
0.23306083814613127
0.19683811515874755
0.2403778467433811
0.2650517942214471
0.23047180343335985
0.21977454426456822
0.21444532390471777
0.24540302361582583
0.2320778760189587
0.17077502335921163
0.2663922008576005
0.23347541956102855
0.17187175785323106
0.19499488315625946
0.1781465744655915
0.1616720471786509
0.17191893893651883
0.15353656774445743
0.21544086797909925
0.17121269651122656
0.13036450347206632
0.17008276136176176
0.21946323249742122
0.18402238773275958
0.1502293420350718
0.21358531263059186
0.1082170004980378
0.14281567342356044
0.12498197327966094
0.19522082781105676
0.14409601698295318
0.12162163193351969
0.12995876478302779
0.15577111386136738
0.10116932201266993
0.12856478193760365
0.15937000074242852
0.1474045247651986
0.0737518146649139
0.12463518726874298
0.11433562391672436
0.10689589254157165
0.11657373870168042
0.11863869436205239
0.10780363619381372
0.05743041677360422
0.07602935259371182
0.09952139437439211
0.09397388256851603
0.07514079430627248
0.1368254763422833
0.09830877252609668
0.09034797778132182
0.08433900555340393
0.07280826464172097
0.09037622874135529
0.11032255106870119
0.09369817373870262
0.09308356763555026
0.06668108819187041
0.06317317596028346
0.06321718054803718
0.08204711701843036
0.08098999461590298
0.06290627053011977
0.0676092833732315
0.10093793438169188
0.0811906674458032
0.06936390458729688
0.04178945372981352
0.025111073700012553
0.0695466642668718
0.054370100445172286
0.055237302647124106
0.08870479059701038
0.06503174007620025
0.046100218409070436
0.05849188385405725
0.06608952157705862
0.05906123829470082
0.06962328185626641
0.05886156777790589
0.07011425626377425
0.05726983864170547
0.05363915159659758
0.059951973846353104
0.04464748257519503
0.07549953049178955
0.03808927659692228
0.054952175761200775
0.05407020356195484
0.04961833739064197
0.020535606230419536
0.05716646694585743
0.03762211034941558
0.05559336244216802
0.04522359634660996
0.06058566903973156
0.025657118961465712
0.04085242441478225
0.04005474319570643
0.03966894439387846
0.05795973762738208
0.03095050833431857
0.034814086442019845
0.021841756692960727
0.03192673698661342
0.03415399348177921
0.03441962954743758
0.05231934193012876
0.03135649983928633
0.04950155380353672
0.055753847770362984
0.02823353661046482
0.04091563950761222
0.03112028518074438
0.03862306436493397
0.038253955018093186
0.032113198288647074
0.03661439400099185
0.041641037771559794
0.04206825632437163
0.03247843745930706
0.03943246067479591
0.026046891662037663
0.03213916064547513
0.031020178031919927
0.047047951118256166
0.03581715305171562
0.023201161373478323
0.034968068249700605
0.04058382511754325
0.02521266543074959
0.025291839209968685
0.023005640061782382
0.03295796486935843
0.02737010258757384
0.02154713972316625
0.0340246390186178
0.017500560675293136
0.02485483837617583
0.031238088619856684
0.019617161619050888
0.03488306922708127
0.02707630975408031
0.017889437432810133
0.024499184202826086
0.023591572033028033
0.03130128108403281
0.021383006635795353
0.020477415048999727
0.029441353795850788
0.01567076806785828
0.026246840986195362
0.018063814116086003
0.024549552338434883
0.03224451622115891
0.034224737801662936
0.020542690221514823
0.01924779046838275
0.027068237458464463
0.017034207762683613
0.03925880888848041
0.02789385799878793
0.01881592855655961
0.012061101350913728
0.016669366717372968
0.02652285100610452
0.016845723196229043
0.01845864102026265
0.030945997096779466
0.017797577303530477
0.023127519032263393
0.019804810327913484
0.015450883330507573
0.01984423749997457
0.014988087438944381
0.025590408541991162
0.02650105348139426
0.020037838210835483
0.0129052541096805
0.0098325412715068
0.018678563749718068
0.020200998010901743
0.02456567215870018
0.009589669742845783
0.01648907945765541
0.02421703352948274
0.019039011089678683
0.013876106586123491
0.04370416164823193
0.02428349305537391
0.011756964792856801
0.0271603301111213
0.0228893075313441
0.012851273195517052
0.021067759485704114
0.00873086614512492
0.015072601408326664
0.0188544820240305
0.01860479578717534
0.024710840519385945
0.010323793225263977
0.017987095099899483
0.008705450872604886
0.014993212698350512
0.014534249059947773
0.013779944827581872
0.014154517097406446
0.014351466604627574
0.012673450636255293
0.01705325851817662
0.019642875757552913
0.02530392450285763
0.015922894143871998
0.023849055894794226
0.02009032103385617
0.01160212603960703
0.016908501800203223
0.018077383476097643
0.018708936921750095
0.02319471308576789
0.025853660301749848
0.006302961642809765
0.016687035453565917
0.017009304651457967
0.015264257152061237
0.01811959096261221
0.012709747569359586
0.010822960356069024
0.010848246882374856
0.011126943298597527
0.01136047659228728
0.014755551533915301
0.012542879048497569
0.018751611431360525
0.016309435848740266
0.02086835232967603
0.009035425387169619
0.0167783406314087
0.014578980589439947
0.01358226339050611
0.012120016653322255
0.01943209082357829
0.011988414625246026
0.012565027001061454
0.013127171313450422
0.015978973301047986
0.012155713812096592
0.010308970371266697
0.01902235748500649
0.010873791223255167
0.008984271979567833
0.01751606644235474
0.013107007494287715
0.010877563852838801
0.02394905979587739
0.012741759572214415
0.01519341424444971
0.012599168062399604
0.013519087962151413
0.012679803911185122
0.006951818192847359
0.01453408440780772
0.009005920697458186
0.015510090362883278
0.010993408163771368
0.014942158377337002
0.012984181946810381
0.013247029201914878
0.010951843023277659
0.01891438175016467
0.018154138963482433
0.015636545321331907
0.009552215875436329
0.01872882614403398
0.017932310166254246
0.008557021770886897
0.016337896157212727
0.008571964395281077
0.01380577371765663
0.011205152479196945
0.016755568845766455
0.00810127175581679
0.010051136847427597
0.009552909241220476
0.011452632556772943
0.011540511229198193
0.02063987016866267
0.01400115823512307
0.016317711046606197
0.013068387268041378
0.009346652800303227
0.013486309472065122
0.008580602167289581
0.01065497059277248
0.006726122541590508
0.006451006209805987
0.008637354184401699
0.013590640723852762
0.013395223358601212
0.005763504872623816
0.012137779810493663
0.01710099907729217
0.007570557243639092
0.012996758450943696
0.008338596734019156
0.016868717604119187
0.007855779885022486
0.015438896307835506
0.009934460669211418
0.014773667744825063
0.010202280522127053
0.016113323549901932
0.006289038900524601
0.004538242591680565
0.020854051106761088
0.0076185669880485755
0.014251743590280325
0.013230124307415048
0.007067607096003259
0.014397223427547295
0.015392872434654866
0.012017661280120495
0.011825960175066106
0.013112726342036005
0.011944070131488214
0.007511150248785475
0.006857420041802323
0.01734534708812581
0.0023294355876068784
0.007031154970256042
0.013511860941529253
0.0142213259063724
0.005676639599884353
0.013725365554578099
0.012740483320057245
0.012001396162847313
0.005188289861608767
0.00528596510976212
0.01267573747667276
0.009517200991438064
0.008221067658736796
0.009084439696256021
0.009951114467063791
0.009758284472565984
0.011023546502574913
0.012080636892021473
0.008338821849803266
0.0042655673803382805
0.005670354603990278
0.010048689130824143
0.011079823661159985
0.00693895373773652
0.008454010649927084
0.010624116662186696
0.005893985771049431
0.011794498755887284
