0.9860371454209051
0.9139670359618373
0.7272733111240192
0.6328645899135187
0.43629591407575125
0.3061397801917672
0.622703796500731
0.36366621701412305
0.2927062451996921
0.20889393707813206
0.23130732672966947
0.21800504894036873
0.48939260716438576
0.2872357187096481
0.48168663316433313
0.1785025010785019
0.2960405954373762
0.22022304953698657
0.19530451286779876
0.16105864276376422
0.15865458394937854
0.1917617669049953
0.1613578575086627
0.1649149540787775
0.1449056597722937
0.12634461436033445
0.09723634655721616
0.16817319826807717
0.10576659781369695
0.15956285808310208
0.12753616728648665
0.12108827240533167
0.10823197895186851
0.11491786419636577
0.07247240270530737
0.12190416339357335
0.13813836830684237
0.08408992802258791
0.04618062129801444
0.10534792090219039
0.06130874256860273
0.06907398673582581
0.08842142898688646
0.07517129332798289
0.09959622084998683
0.07987191807630298
0.08279318523344925
0.06105994703616173
0.03280900808522951
0.09972972327970077
0.06761737222766145
0.04338366529258676
0.0745020105794851
0.08818087907367245
0.04781192704115753
0.06206880465511019
0.054914378550491805
0.045078525685388615
0.03116892625568359
0.05733817111972617
0.032240871498386905
0.029198332172308
0.04419491030834945
0.033223945936758634
0.03483203195567524
0.04351368322469434
0.04825460811460179
0.03149214945414577
0.033145830263873896
0.02624763184456655
0.02572394279166005
0.04884601387664948
0.027986868938231563
0.033807430674986816
0.016451049949233427
0.030601222850129846
0.019735649011534375
0.025068951763580476
0.0238930680808298
0.01353277168386941
0.02055061811167564
0.01912955068252392
0.018620478048236182
0.014392822634695318
0.01907151674813367
0.028165373939896522
0.014380967253555806
0.024236641040149165
0.015512101259985003
0.00951578757330058
0.012360539439028788
0.02472514530701577
0.011420889107639208
0.02204664484890936
0.010341717666556255
0.006859222762007204
0.012045487486392843
0.011894132003965729
0.006136891422681302
0.008147302028067616
0.010710571710243496
0.010058711823308124
0.01268693332868702
0.011800778496819592
0.01693776100325755
0.007369581612481131
0.008099423798930232
0.00943588219885441
0.01150381889656542
0.006915795468193568
0.006374834864125593
0.004902813233268689
0.007585877678862901
0.007927983346175255
0.004521849217269249
0.009120482997328889
0.005212211167293285
0.011460880342117277
0.009500029944850859
0.011518262624046281
0.00496687799789118
0.003743280684045293
0.00882570850419567
0.004270430847295667
0.008953925954787625
0.003909703699886214
0.004476002333241837
0.013241140747311095
0.008970647057151497
0.004106234110553551
0.013054933080762127
0.004027668421352927
0.010027283850022817
0.003701560440197594
0.008368646271610162
0.007665080110633542
0.004470654583530514
0.006991116054240616
0.0032426703467232317
0.005261064834379534
0.010486955103470311
0.0030687138113683365
0.0044391767873876355
0.0047944550873392985
0.0036535336353444234
0.006239652574680005
0.013426357339386855
0.003972631239504608
0.007389911739110663
0.004123328215932724
0.008047465620479075
0.003482967336785063
0.003648888255795158
0.006648451819929652
0.007232904904156975
0.003323933042334897
0.011221100427461887
0.005418077157299124
0.0030804598032436264
0.004073274881136049
0.007771580179315127
0.0033560364837992955
0.003535368315558697
0.002061491046460453
0.0037781171785814262
0.0034397055136856846
0.001904279665156342
0.001965349418157254
0.006092448766396754
0.002276660072265391
0.0018988345880449967
0.003375344847343532
0.0024754826291114923
0.0042204566008374935
0.0022453365999756643
0.006453512637075125
0.0028953504785021776
0.0025183932007599554
0.0019835889931332676
0.002903662900914295
0.0027680666231113676
0.001273949902466204
0.0020273693374708354
0.0030727261231228973
0.0030240391698159183
0.0037089336852394496
0.0031776522187160422
0.004146086424231558
0.003249403219480825
0.0019103895992150905
0.004871808531108466
0.005417477816561753
0.004213271668907089
0.0032005938381599306
0.0023840848471374148
0.0015557821689653791
0.0015894650237067462
0.0012363284736095841
0.0017621997496963175
0.007611752384696714
0.0026252590578228563
0.005343505404346359
0.0036298791221727805
0.00167866899637268
0.0020443287417766546
0.001613798598241936
0.002265456861291172
0.005794847643396264
0.002910575466711716
0.0019387548263045888
0.0029172532291058375
0.001504920036203517
0.0018871066661610247
0.0027894880907636866
0.0011498333074880524
0.004926595002122364
0.0012372437159934768
0.0038016766520973452
0.0021176969061598968
0.002472013361452423
0.0016765215815781598
0.0011778477948063677
0.0012540047494304732
0.0012895566011919576
0.0023048389962259924
0.003433655991973805
0.0015910498420176659
0.002077282355918332
0.001364447258449582
0.0014400712668934772
0.002396452453451647
0.002744409792485283
0.0021071743986700044
0.0010946354086585298
0.0013072995729205526
0.0015874309617902455
0.0019468384243199028
0.0035110952206442525
0.0024244291547650763
0.0020580113924163943
0.00417888410704372
0.0016361318268135687
0.0024786018383839404
0.0009605854046690942
0.006273777087804048
0.001233704696757204
0.0033065838990290566
0.001118135874324549
0.005281063449682284
0.003219099145063781
0.004827041200819994
0.0029519970372012348
0.0010276789496839883
0.0028474296464054594
0.0016150203343570362
0.004369556141826865
0.0028680039069242363
0.0012439395240745961
0.00512867504883809
0.0017958205738489194
0.007364649547446952
0.008478031273054399
0.006947317813647463
0.0040709373384200855
0.008981726410113227
0.001929252465413685
0.004151309410782849
0.003643830555502712
0.005320504792164103
0.00251133606325754
0.0017746685084194312
0.00327660514031229
0.0074167433148590286
0.0019950603701080704
0.0019262937043960406
0.0076478627080249825
0.001167826130315517
0.0020422989813225307
0.0016024692331267861
0.0019383926269925778
0.0016311307167691997
0.0017110873228727767
0.0031068830128102415
0.002093793517166302
0.0060314577644602334
0.001521487109698441
0.0015552823867398585
0.0012122727379534149
0.0018133848999081447
0.0015093896877344543
0.0010058007011967075
0.0025877688209978043
0.0017521082011890475
0.000911729270204272
0.0009662609469464633
0.0012756151344994614
0.0009439869042703692
0.0034585048145997096
0.0018891814591125325
0.003965217477814783
0.0034353192687564724
0.0016859534658034158
0.0023957959792804216
0.002813258921520874
0.0012385115623486593
0.0009619243766548033
0.0016705053702832837
0.0017366047937556622
0.0013668512685391814
0.0015257109756673095
0.0015297124796864595
0.001196053791481491
0.004401286659259178
0.0013439814973543178
0.001210483019762809
0.001306706534742819
0.005728453015922927
0.0016766787946147926
0.00249935046485632
0.0020179170792589585
0.0020250716811555667
0.0011714064029326233
0.003877274755002137
0.0013679092332194755
0.0017465441314786837
0.002424837224410852
0.0011808761979620352
0.0022710369060291212
0.0018430661529619378
0.0012046641676161359
0.0021425094057990995
0.0031214564359384306
0.0010084516822010095
0.0009510617048953356
0.0015661787183050447
0.0009380159500534498
0.0012473230012626808
0.0023519275418474616
0.0023302468402407804
0.001211860038740381
0.0014149498072407566
0.0018310415663590433
0.0010899829462921206
0.0021703769954371606
0.0045312210658515276
0.006539339607821484
0.0013244341411882935
0.0011611901443446219
0.002869520469067593
0.00439414815514225
0.0016755500564741212
0.0012954662007038805
0.002126320538947058
0.0012230869771380428
0.0014449629037720222
0.0013286344374888793
0.0011005340950208534
0.0025706808360609146
0.0010131716166270912
0.0016231982261123792
0.000964919575283924
0.0010167053316352927
0.0009380721281573119
0.001908881114096706
0.0007984960098156521
0.0008382537005972434
0.0010038937598029994
0.0016221863029009446
0.001238267477416913
0.0014029127874476456
0.0012941503098186972
0.0011722308411093972
0.003051907178787022
0.007753203992397098
0.006170068769040933
0.006364489497966081
0.00326179531425931
0.001763145872465704
0.003992171082355551
0.0032617475848638654
0.0019042971193180512
0.0037717785701583224
0.0023236848565248176
0.0024558147273683424
0.0023569959936282545
0.0011457234007215484
0.0011023367714044592
0.004557114087435873
0.0009518824998143516
0.0023518027425859156
0.001208813611138576
0.0035969669880868667
0.00145972249808756
0.0075883328257722845
0.002955740387517874
0.0023432483028094832
0.0016581784192018505
0.0013259171543472943
0.0012079884218832442
0.001168988541205146
