0.37125009125300473
0.3325271578780576
0.27824707898676043
0.2271937510546047
0.21160716429244694
0.2118894839261901
0.18893575343773966
0.19663852305557267
0.14523099905840667
0.10894058249651464
0.15445291056191893
0.10840117620945362
0.10149549388034815
0.11888467437697274
0.1294999881586832
0.09172441919946749
0.08654144027894059
0.09928451585014045
0.07025830346944274
0.08039483428159258
0.10942651817071122
0.054351486581403194
0.07158761080794192
0.054300836245665715
0.06093611466149251
0.06328306519156919
0.06908109548676691
0.06849144204840286
0.05290693357999345
0.06803206460341585
0.037092835359176214
0.07045828320420583
0.08082614337037966
0.06292969147988345
0.027337751603097045
0.0952420466241253
0.06472167837914754
0.044418080519640454
0.05061686343555891
0.0490040006477841
0.057378670377742934
0.053741483394819066
0.041922114515995194
0.03522758803570867
0.05589379224526399
0.04365730289064502
0.04333841362576208
0.04365774904897535
0.013578330939008513
0.027675094925089634
0.019925774429696046
0.042736751017540875
0.04226063520666486
0.05248768621243528
0.024640555300818504
0.04461467413342576
0.04176357688857464
0.030364575457539893
0.028947762072716866
0.02752863358853986
0.019056308694425324
0.019063427230629485
0.03210800607468912
0.015919765970426172
0.03900683633479439
0.031726720574470735
0.02406565422313008
0.034897973083180454
0.035168166710024595
0.023560560997574094
0.028532320460180356
0.017907246090997548
0.022999909192365213
0.02365181250493919
0.014650162345160995
0.03868857155927372
0.017112770810988703
0.031017470725587092
0.02665756032237653
0.01583900565045951
0.023124548953148222
0.020332167934445238
0.020742614550294285
0.02457215697669788
0.020311194506277844
0.023757975994552392
0.03246377144882785
0.01594491961568934
0.017308242117863557
0.01938621833390073
0.019654603666363075
0.033467079088509474
0.017776675597908985
0.021928443135539055
0.01969357821306517
0.027227595422659227
0.021202337036970463
0.01914202079898544
0.04013968409054115
0.019243896806950756
0.029572544746525004
0.02767717285350756
0.02128659695422954
0.01601297397134303
0.016832973043524647
0.020896001556454852
0.02399025269804838
0.01787003948987348
0.01722572289824228
0.033812233500361555
0.019960045185599993
0.03118663810063226
0.01724350889793811
0.016726709015652833
0.024460848038890152
0.019830892233361506
0.012168554888729942
0.019927240869349418
0.010571662521382096
0.01848372594446715
0.02027601347446876
0.03399954956095794
0.0346990938306157
0.019144516618941336
0.02458232895366365
0.01244095096785383
0.02810608838458023
0.014908086967256512
0.01952544889629587
0.019853077000248902
0.015955886811682377
0.017265562205647594
0.030205501967395992
0.030088349097788975
0.02149307115578338
0.019648315114929177
0.013288048021732238
0.018807018536376455
0.012059882535600332
0.010974401782195288
0.009833577385286035
0.018440390458858827
0.01936165500005899
0.015818146570154568
0.015709806003690475
0.010879631207427283
0.014244394609480649
0.012339142413306093
0.02355038000988955
0.009706164449118688
0.017875863159249473
0.007678248651535923
0.013987062457149087
0.015908937698328674
0.017311919900681257
0.0092849932014164
0.018284704764296583
0.017126893315931684
0.009492588290368715
0.010659550774391206
0.008208419735050255
0.013665605408747297
0.0072340769691416566
0.014695813130379492
0.010215891497702216
0.01656152880496798
0.006877843142735857
0.020201249317852152
0.01966607698206506
0.01849743632277267
0.012993348180625475
0.014967941239279126
0.015231939129440661
0.016636391561371727
0.011797014341566693
0.013819736321469095
0.01311976457656783
0.013153752060383822
0.017861372831719288
0.02157200159313874
0.01541194143387443
0.0187083590561744
0.01844251362630246
0.010350903594444533
0.02295686984941952
0.007280047851205254
0.01786451859763474
0.016301773266029614
0.021374906130549792
0.018748939431021797
0.014526454870332658
0.016056522768295712
0.012167890171857465
0.01398550289272727
0.008454678408336917
0.014975171344849231
0.01738391241218391
0.014307744398921619
0.025506066808078175
0.008890013148995877
0.010203823980884152
0.022300153627722533
0.01920100518285878
0.01829050072944085
0.009996079506159106
0.012568766205123937
0.015640556018959164
0.020959100950696554
0.010551021824157087
0.018976647602665795
0.013959349496621202
0.009419370478891265
0.01456569459045596
0.01493938888382328
0.011552073564471074
0.015306291091436322
0.006757379277839278
0.013984128530656507
0.02342775344179678
0.015343148317959318
0.010517565418170172
0.012752905098232504
0.006339968429835638
0.013499203668146293
0.015159774573935608
0.023638629201629728
0.014044045079937178
0.023964834020213745
0.019379678967967492
0.015000566981544238
0.017527320582224493
0.011185331241934193
0.007822958484823773
0.007765441351056808
0.010389106172036122
0.009268434982761527
0.011378825802993615
0.01064284484517785
0.015612008544703215
0.011656532749573574
0.013877663991122094
0.008076562106228452
0.017861207230875777
0.012511064462758695
0.018083270856820807
0.01175997355051113
0.006893840470927443
0.006941956377763178
0.010979561275625542
0.011575870185717606
0.010365150590090197
0.00795452519643938
0.017345376260341806
0.009370068769610497
0.011851016669643642
0.007645504025928745
0.005066550923550182
0.012967502133202052
0.006852784186888528
0.011013505942758215
0.007167580594959019
0.00993423374750023
0.009424773844878692
0.015374707947869267
0.008357666932409063
0.009965373253412829
0.00767452136540534
0.012743533660550668
0.011441499582704892
0.010523567455660368
0.008429921554078419
0.008095834860384343
0.015357300018753791
0.014762371700928015
0.015213610918999549
0.014887640058686901
0.013195312636102869
0.006627814011715501
0.009906929149902056
0.010445984689365986
0.006569619724214276
0.014683946294875624
0.006441987317683412
0.010412805867312046
0.010897954151633232
0.009505842278921506
0.00556276975007222
0.015069497101034912
0.016088783949578838
0.00737617450803576
0.013731396830675549
0.0075517285729534925
0.011412313133761528
0.011743318458431556
0.012646190801497073
0.014505613496566667
0.014683703123002875
0.0077047044276343955
0.011061494554179773
0.009258762551119728
0.019573890744498924
0.011783412961200881
0.011589977935808946
0.010993011024345946
0.007383470914501232
0.007517825023687764
0.008292804345976491
0.012607725597478775
0.01221756406260198
0.006591226429729887
0.009496826816981354
0.012993999976519033
0.007056915009780197
0.009769692266411315
0.007083181169264349
0.009292004282475829
0.009129390800021892
0.004754597561732988
0.005564012061032581
0.0060600518418434035
0.007441811459526521
0.009704681778473372
0.017776849469846926
0.012181106943811528
0.00933768116328558
0.005281111985705139
0.011176734798198636
0.008402906085098607
0.010318524550872324
0.008219697130651014
0.012905776004516908
0.012887773363931954
0.011140200173178554
0.011540790939123653
0.014954262241678718
0.00524297012046091
0.011092193118814108
0.008623290374410146
0.012159139501081172
0.009236973833605475
0.00893911697501295
0.009487980691401676
0.007098165945667335
0.007369654938473929
0.01167989952200383
0.005574659639101468
0.007850522808316569
0.010302739195726645
0.014337950356815555
0.006086330124193324
0.006119380001730548
0.00789736304689626
0.008159885510385578
0.012384813716625585
0.008143257928250484
0.008139643785204244
0.008316087665443634
0.009859568532183189
0.010475659169416786
0.005399477256442538
0.006426099921906177
0.007364464088503553
0.008925173733004499
0.004226145717911719
0.005451455644178474
0.00826163903022703
0.009559788691030599
0.006573237282811277
0.009692285207039502
0.008980207242743603
0.008546234483148183
0.009492964209075973
0.009974259211333419
0.014022416450973482
0.00411243013213138
0.008978432348230073
0.011692521476081196
0.010692816607368098
0.009167596347057268
0.009480533334083248
0.013910677389277027
0.009437813447430016
0.009306416158673727
0.007656377177965366
0.004937805908915216
0.005471013516315324
0.010550375120108696
0.008316871595261547
0.00949359443624516
0.006621992648967012
0.010329031029431234
0.009111755200795811
0.006481763115484399
0.00720893205133791
0.0065528007198736304
0.006406235304960664
0.008163289705407414
0.011554599419391423
0.0030942242109298244
0.011642675125620627
