4.77339747278249
4.382391204175756
4.260139574783301
3.89773093727986
3.6718339269205407
3.759519336334929
3.4484067753087246
3.244427666737162
3.223632337496524
2.943131702779601
3.2291375047812787
2.8656117306292272
2.858038838633113
2.953776721152684
2.690995443315872
2.8935307292818453
2.8367924872524863
2.666473625095911
2.6323456196201205
2.5767746721617284
2.4258574650011187
2.406004015334106
2.6020464766907394
2.3685907592038022
2.3346339118695845
2.385056156086872
2.428081284670753
2.1156892200325705
2.314941547446277
2.1489475598019006
2.2925958806026867
2.137901915664312
2.091752194764604
2.19024660549617
2.1679864844008976
2.0462572578764555
1.91832669915369
1.9417814974624137
1.9069753669482998
2.097622499414494
2.050304578589038
1.9217854211604508
1.8364795560978577
1.7394663402656927
1.8788497448697232
1.7738275768271339
1.8128710818314009
1.6879138275137309
1.6733917365822049
1.8655233301904375
1.7517677300602934
1.698373997452702
1.8098767749871822
1.5415779942826724
1.5616355136841977
1.648192610988941
1.5745945421563607
1.5884836090881358
1.5667892185202648
1.4102481899286188
1.4459432045934855
1.4988035947033094
1.245427403907179
1.405676250820472
1.3444822862391361
1.4203719646730835
1.369858829313472
1.381204757380826
1.335951298439475
1.322740595025341
1.1816172711013861
1.19540973925137
1.3499943163881445
1.1995992159318445
1.1940753932013437
1.0544176368581133
1.0678027133206618
1.0691774066487716
1.188602950924103
0.9969537370209552
1.1385286303719684
1.131403237385261
1.24934761008392
1.0985177136450326
1.0689547356956748
1.096990353301308
0.9561424558517035
1.1072881451068946
0.9262536332778403
0.9223459037362497
0.9816225507166976
0.8829738373343112
0.8673332968341588
0.9452585175721666
0.8708246092681851
0.8567050217073391
0.8707246191276822
0.8635107400958237
0.8536306638999746
0.8056952445176639
0.7339185100628967
0.9071611753750674
0.8216396273801664
0.9790255065860058
0.7160295585001187
0.7427026886574052
0.7792866356855404
0.7044516867227167
0.7007589290758267
0.5947844426901161
0.7436284919570164
0.6865247341613288
0.6352055518773861
0.7110083801747271
0.6449672946200801
0.6211576775983048
0.6668575924603841
0.6194688814958271
0.6316532029122448
0.6010085728285608
0.7011010153785844
0.5906899844612823
0.6150362109297285
0.6386545905883116
0.6713395412595042
0.7701089959972127
0.6089517032555392
0.5827392822820385
0.5057297065931675
0.5437450425406828
0.5477301888961541
0.5753861415301857
0.5618308120910867
0.5306604308608474
0.45737334100821414
0.48825988411697263
0.604478320568773
0.3970444915081096
0.5444234619842843
0.42247013165544506
0.4748572519051512
0.46970784332751664
0.4851431600474335
0.462321607611767
0.48074537508936804
0.4554680233324354
0.46294437304061387
0.46168014235504257
0.4369741489289269
0.43596649682864896
0.4683512660644791
0.4198146246606728
0.4384227474838024
0.3645525430110121
0.4645648486689957
0.4176726774080626
0.41661759813615074
0.4519549537291752
0.39247646887810583
0.43760799125213723
0.5010400895622662
0.41920484309634365
0.33007621043116686
0.4449731809846343
0.4274569205673835
0.3690252336154248
0.37877602143064404
0.3408556322344246
0.2869019581840434
0.42139033535665976
0.2972141017953444
0.3656954477870517
0.3167779348618334
0.3096984500097301
0.35283295399242925
0.309152821323879
0.317975524951231
0.34608980355655994
0.3734423359190378
0.3791774115781833
0.33956856900402765
0.2783308198084838
0.3201128040185653
0.41951710928993496
0.35984543871308733
0.3236229052320024
0.2967857045974803
0.2840777591433093
0.3277420465945517
0.2958850157078535
0.3389807819267192
0.29110827285321184
0.3128472147975555
0.2853150765565332
0.2648155659818986
0.27999296616976527
0.26478053370899196
0.29531347677046094
0.25447031151571053
0.23973899040607544
0.24909134262827554
0.26428486952210034
0.27497281337553287
0.226024580371101
0.22927337990372085
0.2656101458825817
0.2891990475801868
0.25946232210013565
0.2059446960056704
0.26864529860401365
0.2362042435653191
0.26289193025743995
0.24876281805359532
0.26324291171907604
0.3030987189655208
0.2822471962819142
0.23340146801416703
0.28318442032965446
0.2299969636825166
0.2776840875631924
0.2538719021243915
0.1871714062992088
0.21319685999878643
0.23494032494185646
0.21447741692160696
0.18324642758231607
0.22221113684874066
0.2895443107006982
0.19346865321577653
0.2207003725502008
0.19273711193116502
0.21255546797791017
0.24094826813820794
0.19400346627580234
0.19201882119444427
0.2762176694065549
0.21127851793213853
0.29371932778810395
0.16354890620745846
0.19016279858843665
0.21672868634673984
0.2124954986203381
0.19375367502019097
0.22058733203941064
0.18304386064102302
0.182570423721132
0.21543665177839108
0.1704255301729949
0.18970434108825768
0.1534515496346383
0.15817526520560987
0.19287176785321095
0.2152741926041164
0.15823834343542628
0.20661937340327063
0.1846646533088308
0.1558567628303332
0.22884901648994171
0.1618445813890375
0.16742761597745817
0.19220245009914003
0.16281695206676453
0.17931925996655257
0.17911955820609768
0.21247446722619676
0.15855293281542565
0.1775887846093783
0.2754216565576737
0.1879716117299572
0.1412761820264361
0.17744140862598962
0.18972387599324297
0.18772590887387203
0.16178893439101755
0.13841302191238442
0.1719109854495033
0.184340084061659
0.19255654067404762
0.18577050912011814
0.13317608058372532
0.13579210828596092
0.15054126379946056
0.1442906603386461
0.14436679758169074
0.14256548709949682
0.14664595611950143
0.1606141972791571
0.16360146658223074
0.13716801273821722
0.126430075366551
0.1612812085319092
0.10211009620421103
0.15741531567593184
0.16816447477867866
0.10171663447984318
0.1406586827360179
0.11773699095766896
0.16870015524776308
0.14286294103423305
0.16664956289039579
0.12031404631779256
0.12942337782726582
0.11555590756240963
0.1540226457380744
0.16936331704838753
0.14342598143857815
0.12422466085027253
0.15412320356295386
0.12737675642076068
0.15415264230392825
0.1543034927155606
0.13553556069324518
0.14342230744237355
0.12545785517032168
0.1346121792376861
0.16793199930347583
0.12393052781094112
0.13524557583581542
0.10641968878734691
0.10607240683963577
0.09681670378852501
0.09528768809389512
0.14252329265083807
0.11670995247190652
0.09429921390527973
0.10974114183161492
0.09644816226958335
0.1587385732783414
0.12129018394122588
0.1332220993627209
0.113145084131939
0.12435363640966897
0.12919782195008683
0.13389921799874732
0.15085071678500583
0.11095282307761223
0.1051264012803558
0.1055507751909694
0.12902032856705256
0.1455892802247102
0.07737842617769956
0.12629772584019344
0.1134430166720051
0.09415617806457297
0.13557911570827796
0.11799378174008139
0.11281515657791485
0.1689605436393387
0.11052787239034652
0.11249428685066339
0.08468681725514818
0.12156772241043241
0.08959717267903035
0.12467336885548086
0.14112862673000215
0.12582944390127293
0.1877932214613062
0.15759490237164958
0.12356429128430473
0.08429023617456662
0.10852596192836102
0.1332582403773918
0.13410738762837976
0.212974216603221
0.10520715126812115
0.1490024839303301
0.10312800207306665
0.14330933883172423
0.12084578546947733
0.10299675026714325
0.0923114085433322
0.14326707607846717
0.10803102213184898
0.09355219607409508
0.10099032699692481
0.10894006801900294
0.12290120909632654
0.11327010978005476
0.09759067192623364
0.06963591582767759
0.07702579205537943
0.11279514091234386
0.0957590077630229
0.07706662230399892
0.11630797299352107
0.1420935843447218
0.10350708110021885
0.094564215670608
0.07171681052724341
0.09090148444403594
0.10782755490254478
0.06256041996364467
0.07879689210477311
0.060982198994385825
0.09986510890226166
0.07121691135637662
0.10203680199452585
0.06618944377684512
0.09217351993855981
0.09667186987848544
