0.894392759043814
0.8244346033273597
0.6347242920879272
0.644336734469148
0.43358841700231016
0.5028228305054477
0.3132497889883016
0.31367866013276935
0.44898191676374904
0.37508121614371775
0.21460578666998736
0.22557514309539145
0.30084219301399756
0.29320612172079874
0.2758141880888848
0.1741834369053689
0.16258341397299705
0.19888845737371824
0.17724137647157218
0.2000305922933045
0.24884668983330133
0.2057316107406662
0.14868332732606562
0.17432815475063485
0.13346308994307418
0.10620249917355826
0.14510772296971258
0.15659208344772962
0.08300605804579594
0.09531519331354141
0.1111940419263305
0.11460859503864948
0.1271907670725406
0.09752391865208779
0.07917300643023846
0.1217558010297733
0.10533260620986126
0.11434644854023808
0.08348042484075528
0.08907932655852756
0.0669552602576083
0.08176460299586444
0.07093700199444301
0.08528155936253132
0.08492681507257434
0.09698280089030561
0.07791523671948315
0.059494209077292304
0.06577682875492905
0.10070804407548142
0.0890914701626854
0.09880337796791479
0.05883834882246861
0.060657966446016544
0.07425630095317393
0.04553360131992544
0.10262627881843352
0.07218109733721746
0.04513146865718881
0.03794296414636771
0.03457962426637756
0.041606247879331634
0.06874531511115153
0.03999120313982439
0.05335710150309851
0.04671234145769651
0.04584250997687001
0.061666434183259865
0.07286904437450273
0.06015957068271064
0.07859823873756108
0.06711557406754323
0.04432131050745654
0.03501148458228649
0.04359731373789985
0.06444520906496422
0.03546267247998715
0.03836188934507555
0.041216987074277914
0.042933886677232795
0.03561460578129817
0.029444873906280117
0.05566655507278147
0.03301625838515772
0.050849916907460865
0.053111833960275356
0.04712945259378622
0.039510934963435794
0.02690814595335942
0.047710172808312225
0.024747219197953342
0.025407719376621757
0.046270167825057704
0.039353714719724826
0.02926949420841573
0.02827823190952547
0.05056820032013661
0.05728499376563269
0.024064937585008578
0.04469889471910416
0.03917892319857241
0.024133877043776293
0.03449492140947098
0.023555505544634647
0.030678355816718416
0.043836935182638634
0.023647147851808818
0.02880212003914708
0.025294698341827997
0.037309439067644785
0.03929884059395977
0.03947353381820557
0.02205267263483028
0.02048543249810001
0.030769626018264606
0.02691930867500917
0.030833322861638875
0.024410627045489644
0.026817073167076783
0.03514353966965382
0.0273663324421
0.03964000357695509
0.024918334797490418
0.020272339191225085
0.024393237958275867
0.043205906410696514
0.027485771839890084
0.03482068727431025
0.03328504853734923
0.0292837189538672
0.019926344076153672
0.027756066663581748
0.036806696979766365
0.0368541230572211
0.041433249068309266
0.015037457480525757
0.018137584416578492
0.02414820601904013
0.031247705450894024
0.01692814720255551
0.028042340682784585
0.02143307377290374
0.031003769397442697
0.03561011441986685
0.026899465932772475
0.02996152781731868
0.039535832287528924
0.011828592193466506
0.029882756806916422
0.014370732662753485
0.02471783089615661
0.019969957982467312
0.027891456295806305
0.020791656374310432
0.03299478333135646
0.01725764847620894
0.017897612080972663
0.028858804113478114
0.023936597656278598
0.019957693817617785
0.015083883081946428
0.019171488319947326
0.02492121461513892
0.01885638428255554
0.02200241681910699
0.030261699306635286
0.02464690196120865
0.024226705247212453
0.017206350939099224
0.020274522394873273
0.020834803395474145
0.016528559999236123
0.01537260728990746
0.012726622284203978
0.024221554329195035
0.01664814585393124
0.011539324327789785
0.02773819167623854
0.0385250806599103
0.014842176174354137
0.027517387322730107
0.01860940053180426
0.014952640688543257
0.02152717049604465
0.019160384047266114
0.02100630436016395
0.00978399701678886
0.017569868518337063
0.023264089315316004
0.019327825061765763
0.017519301857297314
0.015149702911385274
0.017579371282107813
0.017155982251258365
0.015501408393638394
0.01740352394144269
0.018623269388381734
0.008670599767411068
0.014863485250377154
0.015626977692356724
0.017099798426543043
0.010187168258886471
0.014048786275269384
0.011419684012767002
0.013832772463512433
0.014213637251820791
0.010253701966491722
0.0071715007412172325
0.014287556892147165
0.014902979329867139
0.013070195350373126
0.013534832789620666
0.029426856868355323
0.014141840178919021
0.014037717128722576
0.017082438867598887
0.02192875348014245
0.020970161162505104
0.017859237529984955
0.01245719333906389
0.017943231425775953
0.014285590266066767
0.020882405513451437
0.018302255672312275
0.011789539327153393
0.013707242547455482
0.00778222791291038
0.023419310302352937
0.012569647011472191
0.012449069190332281
0.016791328455221445
0.013397787342993763
0.016207859181931555
0.011647819525543753
0.014958584999779733
0.020764968879751416
0.007715034520235406
0.010949019829386857
0.01739506401491641
0.014029113302511137
0.01382264304057593
0.010151236158807555
0.01368130235273875
0.012257914192278214
0.01801960646522269
0.021070687689971928
0.010183163853915454
0.007529208908053153
0.008905413679903499
0.00897414665270634
0.011165448431544605
0.01800019625145153
0.011803279825191379
0.004606013343103886
0.012936450541705388
0.013613044683870012
0.01107467896506604
0.031098387097684532
0.020852422894778098
0.010662721050809001
0.014478641277149248
0.012178640874222968
0.006988373244105122
0.015831220256882314
0.013876323244357485
0.013896352759308861
0.013248417595778444
0.01048887334747669
0.020790991942284752
0.006999948411632727
0.012919882393946236
0.013137337436272456
0.010411972207961818
0.0062090148092822225
0.013516614663665933
0.011411683423343765
0.010568001730732551
0.015653961551665797
0.012046920185935627
0.012800107634617558
0.014322153746450999
0.008006074859478981
0.02212246521359269
0.012957722327775137
0.011754486272917957
0.010322717769158692
0.005851601462471814
0.011186243711892004
0.010548410925753423
0.007142516957195496
0.009686097079398924
0.0180815281271629
0.013139204454194042
0.013667718312508587
0.008503228995948154
0.01333605733044595
0.013011201128609021
0.01738887283093319
0.0036560147144138765
0.0044809226630685445
0.007609773418034415
0.010490930615214054
0.014759639603964961
0.0066725517219352925
0.010210424990413924
0.01501778263957681
0.013631349449806948
0.01606614984772702
0.015105156523774362
0.009606225224439335
0.00899209971392998
0.008715720180705402
0.012175364032091986
0.006782290012271289
0.011575625528224203
0.012022680770369542
0.011837601222854143
0.01703804100181648
0.010919042928804754
0.006968045812273334
0.021387579381837454
0.008777329159261127
0.00957317997341246
0.011411588611583746
0.011525288698230806
0.010202568937362821
0.006663616306001321
0.009614224999630057
0.01501117859297175
0.011151312386075318
0.012464963147014731
0.018849404076494138
0.005663062430779147
0.013157193091666821
0.019507629604449468
0.0065437918141362985
0.014672860097311011
0.009185035621066947
0.009901929027601519
0.011617995195685227
0.018136625460700034
0.011695724147188637
0.008475619523609397
0.014475270391380368
0.005175865674154251
0.020734670870476975
0.005957387496433904
0.0074446624690269
0.01801615845002364
0.008776488449005576
0.008845033051516136
0.014468104562966377
0.009999835101127407
0.014894764550133392
0.012786151204350778
0.020913299509631948
0.013990771535271656
0.010600219215859592
0.006208508872089897
0.008557817534830285
0.00879099008096896
0.015669282374776668
0.00926534092497874
0.014056590865634062
0.008484042441719386
0.01902668695680545
0.009511347441977335
0.006050791279321087
0.007056126236170973
0.017099780900179072
0.012488919594103722
0.012222786629270312
0.00796488755165221
0.013554979864995565
0.008184796164406993
0.008635784461503104
0.008332209386206883
0.012926587290669709
0.007612249651361652
0.0048476720607290675
0.008125901420349116
0.006104072159679576
0.009635884183955551
0.00838278675216565
0.014889041549972084
0.008158704205101688
0.0066659120928426185
0.008563606959145145
0.0059803614927809905
0.0043679892959706665
0.0066448800769054696
0.005830370488713951
0.005513872079688916
0.008736714594959592
0.011325111502996778
0.012846743923515643
0.011393577570340816
0.013116057231424467
0.014368126683416133
0.008927405205767468
