1.0451928551639447
0.7867835522323975
0.923260430515826
0.9591793562257062
0.9017743567397869
0.9459992058117139
0.8265822845873343
0.7410497094320687
0.6627398834467539
0.6694764369855738
0.5704584431282439
0.726661701255105
0.6503809752885503
0.7095538742215174
0.6063227767442324
0.4947628549513718
0.6426118512406276
0.6392106409431356
0.5823160826063565
0.49423705646368815
0.5813036924420443
0.47342824988440035
0.5074328222770988
0.49417598240006855
0.4744714657239058
0.6351129592377602
0.5190984179636787
0.40793147672385227
0.46950624833868043
0.458695373110393
0.4208709082144783
0.4030511493916248
0.432535262418147
0.4543802424969471
0.549401509591367
0.4211575533414342
0.456879690141454
0.4231308281995032
0.38319795719227423
0.3586666960613898
0.47841338092186314
0.4221918591052593
0.37614919588002527
0.3611742530756047
0.4052909398129197
0.3499308423583628
0.37948935571285475
0.41089423221982085
0.3746318075680188
0.38945701409282385
0.42721269178536936
0.4055656554934953
0.3521419146163956
0.39992298012563315
0.4652487602203685
0.33086634853573055
0.4092728893673482
0.3944266961486053
0.31717829839363937
0.35062876194788173
0.22281647685973102
0.33935464664912995
0.36752548102757643
0.3230654974669279
0.22897925426214255
0.2823424900174204
0.26076625135969644
0.3045576519990846
0.3189449413073417
0.24816048365942023
0.25163254663878326
0.3452121511225653
0.3368019631380917
0.3294790270438656
0.24801139773997144
0.22395554712394486
0.2983757150139458
0.32986303072549483
0.26774585443793286
0.33742812015353674
0.3063613175732237
0.21811179494463073
0.32213767631548945
0.2252696706670576
0.23901209694077208
0.24861460703601518
0.25339488952063627
0.2299671483943327
0.31282333188466666
0.25632383359825806
0.2934066373023848
0.28914318864459365
0.251813498995256
0.2287573914215258
0.1991282620477324
0.24895814360230836
0.23275210622889236
0.2642186114394032
0.30660324713798476
0.25682979336807904
0.2599070901597037
0.24939275931654867
0.2474997729922293
0.2123707552781585
0.24634507261210695
0.26951596747085105
0.23099451381699193
0.26946160563979227
0.2722701156126873
0.24105150627233857
0.21274855387662922
0.23562037321412732
0.23593030093789596
0.2263218092973427
0.24721547342523026
0.28549418524023534
0.23291193073729471
0.23394143001242265
0.23453752656210072
0.1954269131498647
0.2128539113803888
0.2273772436171284
0.2249361979946028
0.29764083631266475
0.23094252117347308
0.1782787107290624
0.1904630485184855
0.2326399604712872
0.1948622475553523
0.17034468898725236
0.2075948724929062
0.21847762860925726
0.2445461918628947
0.21033918802042764
0.2659458761182357
0.16088162587473506
0.22319956914058142
0.14612516849910917
0.2537249777397774
0.20822191423445396
0.22170419866564034
0.25508591100477707
0.18324799895823224
0.1382977209852267
0.17955512119349049
0.1627938929112022
0.2380671530270832
0.14597005198246055
0.18452538973883095
0.14584365251161344
0.19528639837514175
0.15726641480348552
0.22034082562216972
0.21530991292724044
0.17663595146390582
0.15446989227477376
0.18690044674036646
0.18580379691557145
0.16922253107406166
0.17521274781873725
0.1948927633799466
0.1994110336087396
0.20635606724222408
0.19982382818710215
0.16344324147260098
0.24227779956107973
0.16441985332970652
0.149028462380892
0.15989273751916627
0.16702794790986752
0.16934614730839706
0.1774466218332034
0.16147986656444493
0.11755736507014738
0.23047109615672837
0.1793087535837617
0.17599188456933618
0.13783098958199605
0.17891724815270205
0.20716414462622978
0.1904028139270633
0.1689575582316402
0.13596936582479818
0.14529010554828778
0.19980600948844746
0.17076095333814562
0.1555998330221959
0.20487130799101277
0.1784147587884313
0.216447029911332
0.12204547474817125
0.168452097285337
0.2003812064382165
0.1486441482110404
0.1941703273788584
0.24622053873428204
0.17295469183735243
0.18235390436204849
0.16064021430126324
0.166553156798024
0.14095631387837887
0.128913235631868
0.19852712958945426
0.15220093515434374
0.12372148364071411
0.15656096213326526
0.1834867194415956
0.15395385512949672
0.12974654406975178
0.1586455833989029
0.12013637864474118
0.13321069583330386
0.15869533145775322
0.16974004635153533
0.12781845886285473
0.1438572744893135
0.1594277131100666
0.17110950286261323
0.13203871128985858
0.1446931651338759
0.19726705320781954
0.19188079233573666
0.15044863331024252
0.1822346824048723
0.16833919622365115
0.13642412327792544
0.1518867289740148
0.14731319952162475
0.15820586181257007
0.12203243803865678
0.21215306995246208
0.14558312600318865
0.14329949387011234
0.17414998071147053
0.12368720333655052
0.16537858842168218
0.1491925002375422
0.13935771699857624
0.15766695431342423
0.1646018947585474
0.15851614931186858
0.12396280498087364
0.12813195686142562
0.14382361924689996
0.14632297264133726
0.13126609579207393
0.14658267242812945
0.15366823011866665
0.1490134354215487
0.1204472590940389
0.18853884539613908
0.15702298615429983
0.1374907394220226
0.14919435766151515
0.14143611254441638
0.1407444756542399
0.144260003910536
0.16341788231228171
0.14623032707656372
0.13115113224721123
0.14865358903219453
0.1485702419858725
0.19428618780855106
0.1344773552134992
0.15748000257464684
0.165844980081293
0.15560603000575365
0.1417513030478157
0.11922557602531306
0.1643049621862402
0.1149980018697323
0.12864751682640738
0.1481641230450055
0.16192121632322282
0.10903561329776865
0.12789462790099435
0.11777400729397994
0.11823846102176139
0.13639447970911314
0.1801043571696329
0.1469494522890758
0.14145122901836638
0.11310423617156293
0.10488482121184559
0.1557028022708185
0.1674687811513672
0.1568912346916787
0.15323953764233406
0.12121496898965264
0.13503361291362295
0.15205823366053386
0.11956911752788493
0.17693212640077913
0.13961391790044483
0.16618304963040148
0.1472756303434196
0.11352539181778436
0.12152770114664183
0.13271626098317701
0.11920193139982267
0.12113859993268783
0.20046780983986795
0.09908331091358731
0.1215923649158974
0.132926683914743
0.14011045694355512
0.1663468514556427
0.0947227737794403
0.15649412940330673
0.10842708946418222
0.11055761054751242
0.18448205031791817
0.12282956813787127
0.10338211228809742
0.13939625397404182
0.17100132160014986
0.11376350103578778
0.10541233419803012
0.15039138583751738
0.12523150721623394
0.13078678276579742
0.10812446551990762
0.15306176488731593
0.16912598562931927
0.14871408365108854
0.1371949921252026
0.1397796280630228
0.14648071826719797
0.14611417267788512
0.13654376841697552
0.1561265656748237
0.1645173567702148
0.1334305937982934
0.12915821280224044
0.109885837962625
0.11858738389886762
0.10033991945066659
0.1029719698420795
0.09966833598103289
0.1277133833288156
0.10155806860154828
0.13732287862202056
0.15796880895479087
0.11300034008741049
0.1319170777253106
0.12919411315814555
0.10970853024587371
0.1374456637771491
0.1585962711234902
0.12349859956163303
0.09499369797394001
0.12615345241749437
0.10543702236959163
0.14086564731188309
0.11605939238568164
0.1430764051375582
0.11333707355394962
0.1323926452571076
0.13863303465585852
0.11737292141889524
0.12940997776389626
0.08753432421023948
0.10579295456236712
0.1195195515591525
0.09732667845270512
0.08456350986619517
0.12366378878524165
0.12432245462564469
0.1153490401665386
0.09819729176572292
0.10845995076468948
0.10785457046547209
0.09781018976795217
0.11077735975324403
0.10877828465400637
0.10084455655366156
0.1118852054418809
0.11203393156564254
0.11616422407234162
0.09228589130755903
0.09009924828247477
0.08628853083650041
0.10949384279648691
0.11573048395438809
0.1232121744239771
0.11093703626312952
0.1092625541677262
0.11827766592516428
0.12474882223699635
0.09409876574352483
0.1608206483488839
0.13810872496624357
0.13718325996126504
0.16244759063440276
0.10543049720094004
0.08871228227982762
0.09600041719292045
0.11339668842811565
0.14792225680813303
0.10386933297380399
