3.9217585916022246
3.8712045934166426
3.477432265077833
3.5225745387616563
3.352085105265265
3.2177012931664977
3.13227904243237
3.0879953108680303
2.9413993639563882
2.952964881763836
2.812321795344295
2.85334108117299
2.7044131073523205
2.797999230339854
2.7306082516819843
2.650230394185564
2.474451248885771
2.4397782812486137
2.511644435460496
2.337901812003563
2.346832543199505
2.155815974794442
2.4936924303163344
2.2568469803264692
2.3071368296084396
2.261444797935869
2.2383023312510675
2.009917887452056
1.9936809139005587
1.9547133725007495
2.132994049763302
1.8770098700457503
1.8653088308830283
1.7092375027556357
1.7419931029491207
1.49803173677207
1.4035296104127943
1.5782417397717938
1.4409070546480298
1.6821679666803686
1.5448333214763077
1.6101615059875374
1.6193053707668554
1.463355987126869
1.4522738442069172
1.5102065572438668
1.255044547351412
1.1293848768152952
1.2768880511422
1.1721519473829753
0.9011025141751812
1.0665573110140847
1.1503608547908701
0.9423910539777823
0.9621915543823192
0.73186669033449
0.9275402095467195
0.7862943144762364
0.9689249642274147
0.9209981084061891
0.866081972234492
0.8736909743234993
0.8582697893706243
0.7670843961060702
0.6753549839549459
0.7222155577463996
0.58010614535921
0.6177020894832692
0.433680590245884
0.6687334713167882
0.44695742995724635
0.520525032248201
0.36217869412842957
0.34103691363492816
0.3371267289873446
0.26005614710051483
0.5321785589152355
0.45312479523047466
0.4852987211809442
0.3618615699990496
0.24736807961580007
0.3603778180616489
0.31018575135384324
0.2367075305645257
0.16902887349579754
0.295479047957114
0.23527952191267193
0.16503830403609193
0.18970012288312593
0.17638776219110253
0.15434159076027706
0.20101351892954783
0.161474364939507
0.12501609174539952
0.08175894194434767
0.09849250189739825
0.06983768675963237
0.06507992869561288
0.12863528594705803
0.08780912353690465
0.08818120954638956
0.08452770792994976
0.07892958392387059
0.03517216300701239
0.04851204944770525
0.05819173574861678
0.05920199635942077
0.04250402611060036
0.04452856439349835
0.06397919513449511
0.05130509518206779
0.039449859164269546
0.05098951672838953
0.03795301133769384
0.034406987670507594
0.012552408441503682
0.018951830760388616
0.024575315218377396
0.030991775840694076
0.015354778642176664
0.025665984938301533
0.037102540584745075
0.008812389037577044
0.04582175475168003
0.016980053958363533
0.00879819360776069
0.007909757420186105
0.013181082301057814
0.020213059253138915
0.021645466516621074
0.007229929690299961
0.01497669604815754
0.019353296950312838
0.0067878822018211955
0.01598216428958508
0.005997351783020588
0.008174488224189818
0.03616701883153941
0.00934878457282586
0.005683558995583694
0.009112336743844552
0.009542933191519302
0.006419198983683284
0.0038629159667975784
0.005251339487029037
0.006619408113347297
0.02070267758234158
0.002606967975477025
0.004947405488758723
0.006485645504238827
0.0054550055186568715
0.00726785354088077
0.003939022496892979
0.008255563112361166
0.01129998753657698
0.006766880808195859
0.005968049976785985
0.012662005838402596
0.010517946408367621
0.0257622485854552
0.0028559210707615854
0.011202017359537422
0.004471543737441833
0.006486036056978046
0.024902623641789984
0.004920721007211792
0.006586130238765522
0.002896323517111191
0.020429541441928635
0.00974089419609305
0.004346123305763664
0.012221839642909812
0.003976769506807466
0.007276241474153164
0.008261647756810661
0.00340828085046377
0.0033801143063021456
0.004130293661772105
0.0059259798936281555
0.01763093423142819
0.003013508101807016
0.0025290009455972793
0.0033466409121037355
0.0036152558153907054
0.0046185868741654874
0.020225279013323473
0.0063354747615305615
0.016256317515599195
0.004921159846154409
0.008395909541081052
0.007317271985233982
0.004854959850005955
0.010573000498206999
0.008358619347592758
0.002919297757858665
0.00828589553125825
0.001887405835093095
0.0029378521126783574
0.007831344302935766
0.0020350856301727172
0.002211117822369843
0.002071445890125763
0.003908275483451891
0.03932959441695616
0.019455765735759814
0.01954835661566559
0.0054273446320526175
0.0034502024414295217
0.015974875184301927
0.002927639116605526
0.0018104162874354895
0.011114083196817462
0.0049439351891459185
0.002143621579272486
0.006488111510525613
0.006734022357128019
0.00826763682827871
0.009374541494633388
0.001609616854631467
0.018724163555702812
0.002645355509993952
0.0021234714052873363
0.007765413269878662
0.002687316745914696
0.0018211817400132497
0.0027638203906156867
0.001564065282389349
0.002592062495591844
0.014308700432156546
0.0025747508661530154
0.003201514553517982
0.007501738470014912
0.001737202988090451
0.0031650264228728605
0.0023816362540869302
0.0031812449397412277
0.009127098268267237
0.003737567508620842
0.002923654098739827
0.0016457020515222426
0.005055287877264615
0.01904531998557861
0.0014210602818702687
0.0017283225425491267
0.013103457418129075
0.008931621092534436
0.018489991754263062
0.011052215870599076
0.006569508433820563
0.026711097297646157
0.02448859517301595
0.010263239727366499
0.013482982424910871
0.012852720003185408
0.008980102669791951
0.005080144507715147
0.009981049181605505
0.0214044740453293
0.005369862556257287
0.008086064080667513
0.0021972210150648223
0.004500095194273595
0.009885067032347056
0.004747160968670119
0.0023427199357900306
0.0035064617239829905
0.003949771920966329
0.004650719980668874
0.0021706846809507424
0.0015680819326611434
0.006392002100696133
0.0016510607046062876
0.0023116542229579995
0.0019762010190357447
0.0018009431438924175
0.011141417550421572
0.003921757927169646
0.0013788093764982847
0.0018813469951416187
0.003716429682530943
0.0016457722134401258
0.010271708167975277
0.004179775271567046
0.009701375999818313
0.02040490415319366
0.0013509087695619303
0.006990540127373908
0.006281951825716471
0.001817436546639233
0.0033717352241849317
0.002017430168985707
0.0026253281646318335
0.0012321993348819891
0.009861042024881628
0.002253750492204796
0.0015805283086457189
0.0022122311749752897
0.0041718607373351915
0.001368979795773493
0.00156088893727814
0.0012263220573197117
0.0017697576499491768
0.001367431777886479
0.0024975821861481923
0.001201221891001409
0.001563938711581071
0.0016338598574697975
0.0011088937717567023
0.0016128442880156322
0.0012992465319643014
0.0011265021875386937
0.001171657174451853
0.00235704448705424
0.001191245740350802
0.001080950884465625
0.0011787222004290912
0.0012588958502129303
0.001321584330942072
0.001211159959908856
0.01047069965024076
0.018095775616096182
0.015434015818400263
0.0015551788216563635
0.0065167753786051896
0.007139924671063569
0.019243596236803565
0.0020818638052990347
0.0015219483746008713
0.0013633182236878383
0.003836653415127072
0.001889577393417511
0.009102460467561886
0.0016108102543155526
0.0030581269114620486
0.0018331882907746528
0.0012219724066606591
0.0011528946338523907
0.0011178642455973897
0.0077626335756073115
0.001980028630534218
0.0012954742752217987
0.0016266948140965724
0.0014181547227182403
0.0013945211553241642
0.0013182824837178514
0.0009006915923993677
0.0017605308938995691
0.0014120576521599818
0.0015594308374107379
0.001123826575195287
0.0013713608214369808
0.001072684023053007
0.0012451302422138877
0.0013151194322643714
0.0013830345756048262
0.0012143462391754085
0.013134606567683452
0.001282018368705638
0.0015079155104142559
0.001160201503387646
0.0011279057467611657
0.0011024926405555162
0.00953843424638525
0.0013131903645138574
0.0034746319199979317
0.0011033934305097863
0.0014955356765467723
0.0016448569771787785
0.0009467576883678783
0.0014360547877405358
0.0016130260647115816
0.0013621507446352037
0.0013595307686571714
0.0011125719151511765
0.0012772573622791181
0.0012277975805746143
0.001585241897103735
0.0011652867477786187
0.0028126682164322328
0.00147343851220624
0.011539932061142488
0.00145978802612072
0.0014001356531186501
0.019842352638148188
0.0011202713950665417
0.0010736323228613006
0.0013512799065798701
0.0016829982704163488
0.008699229241574458
0.006256680382669097
0.01147658191138166
0.029617371938513364
0.004332108997226633
0.02657890274827181
0.006618909329131298
0.024454315337379184
0.002308218419546266
0.0012985212675202438
0.0014193050934149022
0.014483665891928777
