0.9357436629838034
0.9412068651461585
0.7678929646441096
0.6759213411816363
0.8621367585118118
0.652691795624999
0.7124587964061149
0.5884732540556368
0.545400911157397
0.590122563934988
0.6692998857970289
0.643269458988694
0.591348786693346
0.5308241265462621
0.5788071372086419
0.7129531940370218
0.6552380899082413
0.47737863128155694
0.4332153121796395
0.49157483117130096
0.4689156071596384
0.3923138081595866
0.5362705516473302
0.4614468123074717
0.41719675447079724
0.40623444606676784
0.42499928765333045
0.37267647487310385
0.3569173608394354
0.4327766189139455
0.37886728488445487
0.4065591034664928
0.3436961250542824
0.3515723697962954
0.34891722808031933
0.32603902506062216
0.36752507398813233
0.3932994944305884
0.33214028600372314
0.3475862582995533
0.3374387252209061
0.3633927796274426
0.3383412338033261
0.3576976457370812
0.2915129866459626
0.1991170274987023
0.24036022107540084
0.2734401613388945
0.22495613785718707
0.37055180281618916
0.2832923585876211
0.30028794840250245
0.332142974915309
0.3028339872041407
0.251783960630955
0.26146429663818693
0.3317271685339462
0.3594757757297916
0.252855705508488
0.23295074599151677
0.25841194575141146
0.21157236722290054
0.25493002805269027
0.26549221211714347
0.24595484901623982
0.2169817195512998
0.22406247315115163
0.23454474261557395
0.22246327250329748
0.26605075949377305
0.21701538040235852
0.29582229106688407
0.25492372366828203
0.18147277449226007
0.19557151181070806
0.20874205095535117
0.2102599961664975
0.2237464888723725
0.19857601864740576
0.16925813816409538
0.24842572102478613
0.19148891816921837
0.20239980679596656
0.20702921001970545
0.21347497593295645
0.16841312239700762
0.174751453781961
0.19207267466197978
0.22662832336452093
0.16904864014020443
0.17185641623441633
0.17803684999307323
0.21502561142668813
0.18525614140797816
0.16205124470926097
0.20189715153760668
0.1763345675629327
0.17655053493040263
0.20433034308307502
0.1649503616559677
0.1311467400789859
0.20212464686415518
0.1815904450474837
0.19969848237767518
0.1163192211809824
0.11421878825192096
0.12235848576593514
0.157698746872372
0.13842547388366866
0.15435670965769216
0.1374315783361635
0.16377086361485685
0.14385010542048982
0.13008100401298966
0.142274703785158
0.17733335554074572
0.16133684828952483
0.14948208538708024
0.15441200274072442
0.09867849202773835
0.16439241436406446
0.14083508361728866
0.16402111927992455
0.13346302941945976
0.12164790955393312
0.12133501855662568
0.12260700880403516
0.12296197273223816
0.15942045016948683
0.08829203809349431
0.16708907017432256
0.15281772537022004
0.15691305385070428
0.11369767517935556
0.09150916328894258
0.10727962473767556
0.0900911628735939
0.1277304881756754
0.0960037420937292
0.13854357182228455
0.11024114614084195
0.13718618276692568
0.1094424474446497
0.12821304795994407
0.15903772224576831
0.08509736146493026
0.07449350787255402
0.08048586298775946
0.08884987048168502
0.08410151308188386
0.09283703966589021
0.12096571653665703
0.10701618449631993
0.11499600331527975
0.09356482609127545
0.06380310031671507
0.07547712343755962
0.09113411970872584
0.09052498858062305
0.07944283818941716
0.11855119876730828
0.10531720009126003
0.09742279107950978
0.08404545743568759
0.07081845399602646
0.07854440849910796
0.09630501941459799
0.11827557535932036
0.08342918842901693
0.06557464107656659
0.07500833535873076
0.09323921881757564
0.08583447033540088
0.09919490448884735
0.05319769438910245
0.07447408694284754
0.09787224131482232
0.0838362757655847
0.08415928310762635
0.06410814998478771
0.06967584103916266
0.08701221051422278
0.08421247858524158
0.06240084142704309
0.08505316560077687
0.06370476176009308
0.08853785563070594
0.06212512218717516
0.09322012495872027
0.07534861380028285
0.07659695673795092
0.05370460459115103
0.03914686053328752
0.10385741202903573
0.09190916385830833
0.06948997616014199
0.09557856426026744
0.06779976946063423
0.07753633659804078
0.06544814400315484
0.0608203354907957
0.04730094089737784
0.0375694701781487
0.08517161008641004
0.05938454791424488
0.03187732128832476
0.05587311395609622
0.06519258284511077
0.05437721061321288
0.06647596917697421
0.040527816353372687
0.04282309345190473
0.04990687676181363
0.054417430087911854
0.04759118572797981
0.07685456439728895
0.06993934329161776
0.05789396840354605
0.03793811877251949
0.05526041133275574
0.07102892641250426
0.07042059976118917
0.08286826909670272
0.06349906478928821
0.06179988355845425
0.05056230915098921
0.05562845867410472
0.056724566748519
0.03729174980165968
0.07052529164581026
0.05094173262834645
0.02329183704879211
0.046686697707314824
0.03737962862741997
0.05574078070992461
0.025822924319790774
0.0638617467322886
0.041053012894450916
0.04987374489813268
0.03597401075753646
0.05136724213335525
0.05388488125953446
0.04220696216268521
0.05412528599045256
0.05088023913446902
0.030881249617038076
0.022224428441159454
0.04067791662365492
0.05613359791531809
0.04713010802613485
0.05250911842475982
0.035711255946600254
0.06151551037016685
0.03304518840025804
0.03418790921654076
0.05379215435254144
0.042923727745164376
0.028745421935269282
0.028928231126757315
0.06817022031405082
0.03199490617358798
0.04569557524921984
0.04291079712814296
0.04830002696503306
0.042244717259879556
0.054277742519056926
0.06010682056396852
0.04366029585246154
0.032227676283176784
0.04178958214506155
0.029392585767404993
0.037867529636581666
0.04849074447802113
0.030897752393895566
0.02547971115348226
0.03399268694043411
0.04045126187810505
0.05183126617219138
0.03155098033324623
0.03701491427682704
0.04420573407108082
0.06255127669614183
0.04030994170766965
0.04398854291521464
0.03148831227330115
0.053222464482689615
0.048349920536359
0.04611222709697571
0.03201927569351254
0.03258372977715192
0.03314242579474779
0.025820331159208683
0.01962146437047304
0.03458012088197641
0.02742246144358106
0.03642331974464923
0.021872882958942456
0.06735237602977641
0.05564289949376661
0.03133769046877806
0.03880378000958366
0.04502566857497371
0.15694288406313586
0.042546548753828725
0.030412453441513988
0.03463418676961681
0.025696608497783054
0.03735758921732255
0.027963589112162335
0.03930789155144971
0.05993019017133065
0.034412571283923755
0.027491762911389606
0.025103559401569664
0.034831947313944824
0.031666814322164186
0.027883011116429657
0.03776409050473476
0.03992394945647565
0.047518603591021114
0.03527740331946766
0.025831528328074765
0.040552590351173874
0.04198951392314811
0.024068195634772256
0.03513314664021628
0.014430527130833126
0.04800494172861484
0.017503785637271018
0.02815200888146413
0.0175050822171146
0.043113950291594046
0.03773257788709508
0.020425843602170576
0.024649243796683894
0.0239369592780116
0.03276326466097414
0.02467516106106706
0.03479414056651185
0.018664451065284568
0.025582467980630248
0.03375839922000211
0.03816074815142305
0.021221459905977423
0.021086227937701322
0.03571793134960929
0.027904237678086613
0.018682303522314217
0.03304688327376542
0.024604811723879808
0.023294242576535968
0.01828857360859195
0.035732640081796316
0.03598713889204276
0.023029958428489948
0.011554272388888148
0.02774894250193382
0.023054503842427243
0.020073942155272133
0.027083428511519476
0.030178485639873093
0.02358316217442435
0.018402931529444336
0.017354342737835513
0.017805827974645142
0.01935210783900057
0.01773875017451334
0.017691527558103427
0.037740243603789934
0.017642018831425237
0.01969493964515974
0.022168497849829195
0.01857104953839569
0.02467266059353217
0.021379425352941066
0.038925342811911456
0.027750187032625696
0.012085323858087499
0.032171648976917315
0.023064384950653667
0.025155118725114545
0.02135168706400421
0.02401490830007768
0.013931796497630078
0.02209902147642017
0.03225383341074054
0.02128409771706599
0.026403246530714193
0.014566520545140394
0.020232156275037487
0.020115861665594703
0.0319652506568368
0.03425995960190294
0.03541945822779428
0.02743435017490989
0.026887216968702905
0.02671443920118216
0.03597687938267652
0.02867576313618137
0.013795480704038876
