3.787026002929738
3.6626019468040907
3.6991024796293046
3.5646336177025537
3.443525679523835
3.0842768426261413
3.3145729351525084
3.4222148143979245
3.0101604152498496
2.994408800392287
2.810048214068935
2.988307637582518
2.668403545853448
2.672781458570227
2.724778588781292
2.6267712382979154
2.4633668638765465
2.5111914483522506
2.3681400972533915
2.3068436421898686
2.40385706396413
2.380096770330758
2.45794469287629
2.243383769516095
2.0871618374700516
2.2266496199809294
2.217937769723909
2.023078616076986
2.064369073800194
2.0564458783740784
1.902478000001801
2.0820823151207914
1.777565524838027
1.9012839152308711
1.930368433886613
1.9655470349049284
1.8915867593199807
1.781432255502963
1.6005657444165897
1.3550433147483945
1.4104317727885451
1.3082735869105249
1.4245030201129198
1.3152114229671603
1.4075330036542923
1.2634369980725495
1.290281996862849
1.0752482865301853
1.3526918276393
1.0858506003349837
1.1847184778979574
1.0522144866856267
0.931097431616465
0.9351579865921458
0.8752986233865665
0.9266154766366324
1.0526849191061376
0.6490485741229055
0.890872631722765
1.0132146397824575
0.7081584218610143
0.6336757682594567
0.8271107023844884
0.7308975809077535
0.648244210033071
0.78142457185944
0.6338783158639825
0.5362301796203953
0.5948597141435155
0.4657140821592942
0.4656881442262969
0.5978646081018881
0.591208366318122
0.5030881395372674
0.4982146019965278
0.39054070130253304
0.30119031473566393
0.3420786539465153
0.2771631914734965
0.2980504418871549
0.21430772814823876
0.2656690702834687
0.2800798023228676
0.1562195490104345
0.1338659537226837
0.22232637903983518
0.13507813623762016
0.31206850247660817
0.2336639575101914
0.16002842725506006
0.1591395595645428
0.09534920206602834
0.10121252333609483
0.15975590981901353
0.14038565817102433
0.09700095124526212
0.16670541740619588
0.12671740518849334
0.1809053112403543
0.09265130578536049
0.12540012891081376
0.06755993898304366
0.06681768583624016
0.06262299896627326
0.07875050658426959
0.10583834615115617
0.018689340236283394
0.035929084500789195
0.026533521252520807
0.04135077157930589
0.04746634724812034
0.07146937172152584
0.09789102154331994
0.043256578673941844
0.05338164605400898
0.025746756072742134
0.044740909792344075
0.009955776456700509
0.032156319548877384
0.0237543826328429
0.0397753630007123
0.019091028405810367
0.01592918195884368
0.00842248467825367
0.01678814960668136
0.02346613498181182
0.015585293288695883
0.028830045423172312
0.015381352653029323
0.01627604047581433
0.013214769468546463
0.021093575633688313
0.010237029800135689
0.00635726547444713
0.00997278886909524
0.010581651881501291
0.005823053994499576
0.004015487856190424
0.00548333605930384
0.009877235248859417
0.025625781124555713
0.01050679457097527
0.015729624778782304
0.01443731149220392
0.003826741873968339
0.007672426985987098
0.007930625040061364
0.007135769916436862
0.02764654213434411
0.010243003912600338
0.005813668988155071
0.008501087294307683
0.011459601195842054
0.003980796242344952
0.01430961734280127
0.023807722780200737
0.010418717110862952
0.0066778957798944135
0.008577696826153025
0.006560510131037619
0.006333795943532691
0.022277469793601786
0.005630888189401163
0.00979769049251333
0.008533682645260903
0.010036422479338277
0.014803894176373492
0.00733561932494677
0.003338080783489644
0.007298681865337356
0.004399930712121522
0.0032912011420444726
0.008005847715431504
0.004620565241693889
0.004753153038845124
0.0041048788721652985
0.0018654091609021247
0.001647563463551158
0.0020638888000978468
0.016095053050282523
0.00339314705880052
0.0025515494835193385
0.0049019655723723165
0.001899017739189554
0.003303612615785314
0.00461273879751274
0.005881381861580442
0.0037451105245661044
0.004165327577208939
0.0025182507092714377
0.009460753726285237
0.004643588246418858
0.0026889694758366494
0.0027446347998442136
0.002634485718528673
0.0021189593751394517
0.0017650189213899736
0.0022868702467825587
0.002515922804734025
0.0016746290103215589
0.0038212411188984358
0.002883655708191176
0.001496453362002105
0.002363986393354265
0.0019023705888911193
0.0026905335230884174
0.04814622889862436
0.014088207391935243
0.015404595280501579
0.002525005410758873
0.009635048754106692
0.001927221998832236
0.005083162071594814
0.0031751498106914336
0.005959045904542394
0.0037816989675236445
0.0022980651347746816
0.0019904388618044865
0.0020000790160962837
0.002153701769765251
0.00341244344445136
0.0018103699720764025
0.002054222506551525
0.0023279417903652555
0.0023571428427489076
0.0015440778068349266
0.0015864827064142766
0.0033281256810323697
0.0017164443513633912
0.004147153197773726
0.0018335588324991238
0.0014448416423919971
0.0014872545036980407
0.0014195637584393538
0.002128581873421471
0.0013825317059673972
0.0014065738514115929
0.002005756496287376
0.0021063513816093524
0.0014676795268065634
0.0012502585611678051
0.0012544449009179062
0.0014570155613939022
0.0011610822564955704
0.012978950098006573
0.001713961964181681
0.001460486252252976
0.0017064501787676287
0.0015805768204282117
0.0015356928664918403
0.0016856709572974013
0.001418542305416525
0.004258768952160326
0.001829981321351799
0.0014426099896647875
0.0015463537835586458
0.0018584927853939567
0.0020983947756964367
0.0011278169020898408
0.0015641037112182209
0.0011515192600366113
0.00146566889315598
0.001651442088770419
0.0013960990318970942
0.001483606107896958
0.0016418322755421375
0.010160594089295935
0.0021891196537733213
0.004419824452380321
0.0018101018101521539
0.0022608389116107325
0.004057179867470221
0.0035380340008337786
0.012039256868458042
0.002930076628199725
0.001981068245092226
0.0077497296162708975
0.004055121236107076
0.014897951931981795
0.025836661385075073
0.0017508752373974173
0.0015362776459648788
0.013004183051710356
0.001898181106741202
0.002118273371575769
0.007634720516490593
0.0016315474233757406
0.0022841761584533942
0.001760336509659645
0.0017905464530884956
0.00764785202686086
0.0021177362051440747
0.014663177700479669
0.008743412917176192
0.02159089015973193
0.0050716818655718345
0.006032388725563166
0.0017160038414790178
0.0021704505698513536
0.0016977501999338215
0.0014034364101055282
0.004734198926218334
0.0016059893118690449
0.0014022091877751637
0.0021020978261269588
0.0014923642809723486
0.0014315981539218341
0.0015773874685422612
0.0018760835801752442
0.0011255662674235223
0.0037916504634846714
0.0018297251981295223
0.00148092328046161
0.0014847614206736001
0.001601876261872018
0.0013089872404336857
0.001175887006340706
0.0012618033726901647
0.0014725481161593748
0.0015888337923344303
0.0013356737844002478
0.0016837987475316197
0.0014132772955103502
0.0012798342201893575
0.0013692835486718
0.0013993722062806435
0.005528440208745301
0.001466226037845895
0.0026371255137727515
0.0017780839604570014
0.0013814675354211668
0.0025855727902121166
0.007356062744255242
0.0011669482739866059
0.001075788561081949
0.001666327738261752
0.0012359439751563825
0.0013664291087075368
0.0012233827470347898
0.0015845798743704502
0.0012868230314498524
0.0011955065842698905
0.0011775521843176275
0.0014446853564610098
0.0012692852655044294
0.0013568539753866162
0.0014855035707271673
0.0014345573470251037
0.001683754747550938
0.0013879766688600524
0.0011701973268062468
0.0012829903176584407
0.003859726580620069
0.0011222170149080436
0.0015492641917235694
0.0020374327383015905
0.0012061462230101073
0.0011530003659869464
0.0011855301251917358
0.0014431015357081404
0.0019068430087739192
0.0014572050548351198
0.0012682277839269188
0.0012951829760723592
0.004286847132636341
0.0014122751439101346
0.014800304259990099
0.020512892130732492
0.05411649146736368
0.06986253261979464
0.019407341736366126
0.009368550231885658
0.0324527786734153
0.008519709241588196
0.0215858462605854
0.019259548011622732
0.061567908266946116
0.031750485526110636
0.021790072433564657
0.014539685223496213
0.0325340965210131
0.008897407621041391
0.03211600620413031
0.0445658483733672
0.008285844968097495
0.07108303244991196
0.01692826002063534
0.027515406507474045
0.038727270367112515
0.0170438141103275
0.02381560893879891
0.02600160839396124
0.005371787463495472
0.01713786299830334
0.010749426523971626
0.021565506808404314
0.022620128031642393
0.025739594602205818
0.033313744145751986
0.012580953148752341
