0.89845234220058
1.003105083020217
0.8179847786472004
0.8217261306615724
0.766119134643769
0.7897242274164348
0.7814209716215591
0.6431315818428945
0.8371988629261082
0.7330335939548619
0.7822258821557171
0.8031717181784984
0.7209943599695586
0.7380634346597349
0.6594636998610803
0.6289180234694353
0.6399632947357957
0.5524391426066433
0.5618966123386857
0.5608973418894143
0.7361736126875414
0.617671177855427
0.6572601137258628
0.47257500079887127
0.54560467180138
0.5633202924235602
0.5641336765930399
0.4711793927526572
0.6005526494472471
0.5122477672768735
0.5891595626639574
0.4919411302331957
0.4319836497664996
0.5299535285620486
0.49757024221219226
0.5373395852626857
0.5540447426327636
0.52293715145699
0.5876121122269629
0.4178682860307985
0.5894511705012003
0.3508411443001748
0.5254494793544782
0.4244817596149315
0.4204938159577546
0.44447702662150385
0.43112662149202885
0.5513528176414345
0.4404330102513631
0.5269392828862348
0.4425024909062463
0.4567802478496425
0.4004669950006009
0.45569452709229763
0.4345921009677952
0.4527277452440269
0.4168137561786561
0.4795143572073345
0.3837872480451865
0.5752904786884908
0.376715663585631
0.4673731169560475
0.4120433652087942
0.39728528856289613
0.4076574053937339
0.36147988333802494
0.28469044856671516
0.309860122549383
0.36058509807176803
0.3522910981468764
0.3856589838429255
0.3816628218802095
0.35161966682324197
0.327401897578464
0.32126778039454645
0.36504399493283246
0.38491604964353254
0.30319965821567163
0.3557548497209079
0.38938688899208085
0.4350859621934277
0.3720648921433112
0.2712269188062747
0.3471713144632619
0.2874005400478773
0.44639480150967314
0.3781478621189475
0.3522568534266585
0.3192956338782034
0.2794970071499169
0.33149689409773186
0.34078317358726234
0.3127228267531429
0.3872550317949738
0.37350132749322484
0.3125379507365161
0.3347863005060443
0.3311746735023654
0.3967669775811782
0.305223941883016
0.3623386470804136
0.314743834455936
0.31204786829475306
0.3069215039707014
0.23022656991894475
0.27699227947955407
0.32427035443547025
0.29226214963600716
0.317769358292871
0.2960412718016647
0.29920258398425154
0.328468168643776
0.3027089692074821
0.301313701560136
0.28687068751168654
0.2845237513632653
0.2897795714094424
0.2837661817504136
0.3199365261196961
0.2910572523286915
0.2952452282793236
0.32469737844053814
0.23110284303444795
0.3215831155750151
0.3530413478849369
0.31269567175152824
0.3168504750509506
0.3752965964112369
0.27633880951889844
0.3289471151420616
0.27933165216467165
0.2904661767395089
0.28917340621832444
0.2828774144836287
0.2717808714249797
0.2830220233030514
0.2628677622148267
0.275927150209374
0.3455111226933712
0.20053556801172262
0.2694324130343445
0.30986907177070794
0.22623050698633435
0.31925196505242004
0.27406799982569685
0.3890383929345287
0.28646830928928946
0.29469146680634783
0.29932032103490697
0.2875139366904641
0.29319930756218826
0.3003629911738767
0.25212975492734296
0.2772026341949602
0.2495968864622407
0.32101365838162776
0.19198704954501264
0.3184406542889632
0.23355945457860314
0.2757460055070564
0.2699621651233651
0.35040958747081374
0.2600155236685831
0.2336306852927421
0.25818308555018227
0.26988175826088934
0.26432207493643384
0.21232973892163493
0.30290042410548346
0.26752991120880587
0.2833188596335648
0.2725012896405452
0.25166420131958406
0.26977970203820406
0.28594030074975785
0.24475114404337486
0.3582771316376109
0.2141843111274794
0.20480535733500838
0.24299780774368368
0.30945925966859067
0.20834499891914865
0.20183150444168793
0.2702446977768293
0.28788747683255317
0.2500922451982376
0.21907543583190217
0.25863418781285696
0.3034718306047476
0.26950018586636465
0.2185980737287859
0.22451757526525426
0.1976325972666516
0.23515074778535835
0.2200754003820884
0.1950076744209633
0.2533177009146001
0.16335866902883328
0.23894349670024692
0.20695147987944296
0.2988598714274981
0.25302799623064565
0.23604470839979905
0.24945063832993677
0.2415456634176556
0.26702387660616633
0.26081185401473295
0.2526432912292659
0.2503882846841138
0.2735601533204073
0.22448595344532954
0.2591256337929086
0.25891098494177955
0.23400685483073982
0.2336772398776404
0.28058560122101783
0.26820873299183556
0.21088096687358923
0.2126854563864567
0.24216575905859927
0.22256197103830555
0.2244691058532525
0.2667478061838647
0.21321705618714878
0.22623208498761285
0.23006059563436923
0.2472568859164991
0.20007096174006325
0.24348673898863443
0.18204375970522615
0.21653538619372553
0.20443263251233637
0.1985914466188829
0.2385125441209659
0.22790468064025857
0.21377071044789267
0.21825617193146987
0.20145840966055006
0.23528738069161098
0.23887321547970158
0.18521454251163533
0.22008229914894023
0.23281231713220835
0.24359446460960102
0.18189445017338188
0.16322266366123778
0.24818307304884293
0.268285467933883
0.20503282987438792
0.21283053868452764
0.20215202871310461
0.23225193734407332
0.20227789063009474
0.23370015453256848
0.22237166833443167
0.2034232452698586
0.3082388681390294
0.2143892778796804
0.2786518613212928
0.2753070092845388
0.24927783877416015
0.21302027373017568
0.22119629399947288
0.2319794133966933
0.23576643279830747
0.30165452879316096
0.2117542879890136
0.19630696316241525
0.20393865513494758
0.2875113538313149
0.3144022287560821
0.25024365800976317
0.23503052081163642
0.23380360322473015
0.25290812169320875
0.18257020664631754
0.211273819805862
0.2193162414540284
0.20948996355466493
0.19344545837935495
0.2064175736323842
0.17293375116003
0.25482267338705267
0.1848451467637839
0.22143863539776035
0.18423825307805647
0.18432747766545293
0.24911777831846801
0.24512304827672843
0.2755035791048632
0.20382219292898887
0.23255989253988907
0.21171701953769392
0.1892813531592434
0.19734131500908464
0.1521828578723205
0.19181220759350892
0.18151710506839341
0.2011183194539717
0.20296220020324873
0.20397637192116908
0.18522067432453743
0.23881771847848596
0.20688014680161548
0.19116905753534658
0.19298772956791038
0.13708760510587376
0.1872071387556185
0.22959869692769078
0.21132059542797568
0.23785808888282461
0.16851944197151947
0.14699795283105757
0.19305066538494056
0.21934928202155968
0.24134886041808926
0.1907026463238503
0.237342307598957
0.15802324641548765
0.22680101842337966
0.19393784687489748
0.20300390697042953
0.2731786806128093
0.1891868582593262
0.23791810091561563
0.1439584534128755
0.1348262621266214
0.1948440904107617
0.2082850389725223
0.1747366987980495
0.20042041901575383
0.19676037216555683
0.2225823790011129
0.20115936690582129
0.17455114549199566
0.1943604212614641
0.23039822002314478
0.24131392619153696
0.21641314587339214
0.29903158224773585
0.2418598668401037
0.1809840929972923
0.2119598333998635
0.23009213232889994
0.18571792008153096
0.21234081008763406
0.18069552303478972
0.2151527038715856
0.21821829706343648
0.18710938623166515
0.17805206275059288
0.19377922701817424
0.16643072414570115
0.26145417012415606
0.2171238928283456
0.1835786280270158
0.20090011367415433
0.23424654599136593
0.21066459528375958
0.19033430863492387
0.22118502464152306
0.15678367675109933
0.1894403907490924
0.22606470724142147
0.1569741915656066
0.17023385035449262
0.17119015084798503
0.1572250255362236
0.2354150548387925
0.19040923789630262
0.19809188031862562
0.1855105545727825
0.17881211604747402
0.1853346319567889
0.20100673398655305
0.2278620079749945
0.23612667938469306
0.19575968026454474
0.1789434038110664
0.18958035836829412
0.27680647861133056
0.19068201391600426
0.19938177069734306
0.17583584644883274
0.18823663906140556
0.14849496744093127
0.19664268796744838
0.20808513664868178
0.17284560075803496
0.19940883134637816
0.18531385150543714
0.1804090282103949
0.1888714144287063
0.21688618703940046
0.23073833202548863
0.20088489546085117
0.21226021829184466
0.1621664921144819
0.16053376092377428
0.21283486799887977
