3.928843335181097
3.7474168766753735
3.7603864710310617
3.3329066116244164
3.6980796558721636
3.067236232100959
3.3031674307138217
3.058035875418664
2.9318874110621573
2.9344274829965022
2.903807290145173
2.831268074079645
2.9931243799788834
2.681752285584691
2.6670119945295285
2.642811599520973
2.4404646167076565
2.56899203349592
2.3922394424400095
2.520694313150478
2.434979821548489
2.3768712429888694
2.4100335736225764
2.336585487632076
2.1727259377818546
2.186033670723562
2.1686452232167857
2.031516992169382
2.334173197488151
1.9997088570542139
2.226579825467772
2.1010742381779735
2.1193479578756627
2.092018869197184
1.9427558823271602
1.808447785763163
1.8359730616141179
1.9610894974664397
1.8429646572216325
1.870385133266474
1.9398332387697284
1.9123446005202236
1.7817087659621216
1.7949445449370836
1.519827752705181
1.6104406316506363
1.649855773025243
1.5911971997093852
1.4658552215254983
1.4629251704173192
1.5318377100728513
1.5537089562349236
1.5125495834811578
1.5637619520886052
1.4888117158783363
1.4055744419289369
1.3941571961140056
1.2066796525744425
1.2327262436880804
1.0280981987296367
1.2386215358259114
1.1710232762142196
1.2585152182329447
1.0857806225162538
1.2002886639923427
0.9720455151638246
1.074560185572503
0.9296154917169993
0.9936819489445318
0.7585270273284553
0.8782636906619408
0.7344248142456522
0.9086242248424214
0.7101075113587918
0.7831208594620395
0.7801089597160805
0.8147555968043021
0.7144265455945141
0.7148665749726382
0.6902582565996623
0.5100903126519112
0.5480176268351958
0.5645023811885636
0.5727127250596119
0.5479968854016634
0.525774653711258
0.418106976724202
0.5331368506087901
0.4937673290429997
0.45288510588771674
0.41058661362828086
0.4455563752819412
0.4186466928630825
0.34448732471554877
0.37294352376619255
0.3672322793516427
0.3813443953942151
0.2792956222781461
0.3457190897674093
0.24907334261549652
0.24964995435065213
0.2942015943436961
0.2831211603476146
0.2461920925945948
0.25621409789473903
0.1856960598862567
0.1185774594158322
0.32093177421085295
0.21323300606973886
0.09466394611809557
0.09317662005313737
0.1567999591124915
0.17901744697826227
0.13417961377103116
0.1128403697823775
0.11540858108740341
0.13577513152138893
0.17348678010919852
0.11431844959327411
0.11104935494765686
0.13719629824559662
0.13696929071455158
0.1223522658270989
0.07594069494722332
0.09261843584218286
0.11991000812553679
0.10532686324997687
0.09782352097635402
0.09543366348851144
0.06500567801513268
0.06621189113614916
0.05659624883374198
0.046251831908206205
0.10965278456457908
0.05820567495653685
0.1310361303888219
0.047513698269118956
0.03557288672532894
0.038052791064395616
0.020643446793303273
0.011031395405667964
0.03249409820159484
0.03427287298457025
0.019015193437149244
0.07422832620216899
0.03649225984267798
0.054162604889890165
0.01310133275212994
0.01607983416369669
0.018956235215332268
0.027666587060365226
0.029081980052562618
0.008876532011541373
0.009357952723586695
0.007277459223566232
0.009623681498019555
0.009671239717210688
0.005708038870688406
0.009706460640035226
0.017945207561533266
0.015177970781460234
0.01597144673128518
0.02615270947378196
0.010676648331969244
0.03211069612794194
0.0037230286966246236
0.011929694319431855
0.017244888655261074
0.007150669267241743
0.006644012858680072
0.0041118080015871954
0.005045611127426854
0.012423658516454215
0.005662555926830249
0.019126385697265675
0.009976147361320365
0.0029958376062653646
0.029578807541640273
0.002267855744820239
0.007421227128323776
0.005627623871033287
0.006190055389043879
0.013566342219955863
0.0070235666098562
0.019110411101283472
0.008935666800967784
0.00678397372010609
0.004086393512337682
0.003547312311914535
0.00940724601882522
0.014441164196922953
0.003081098747358876
0.0028075127970342583
0.005380418950935824
0.014279055635003892
0.009539132607119662
0.004158222394430783
0.005115431844680446
0.005763837296214134
0.002626707478005164
0.003815923754863283
0.004266175110772869
0.0029192140172327042
0.005601898289080929
0.004522703724209773
0.008006426135726557
0.009259563329027599
0.0027950245949542227
0.002652186334336718
0.0023266243311272864
0.0028882103868099343
0.002259332063103752
0.0035835607233814007
0.002054252808718568
0.003308183832027022
0.0031769228823049674
0.0022979936243687237
0.0018541692839972902
0.0022268003838997867
0.0023087585703312633
0.0021885271335038837
0.002328484376143405
0.004545219662609492
0.001954469715494448
0.0020324496966762345
0.0020439566312737806
0.0017804932286554717
0.003648400954503387
0.0019402298446658632
0.002066730103998552
0.00197707448171636
0.001801107795701753
0.0017635714452526791
0.0017162556318414425
0.0018163595410141513
0.0016809450540157742
0.0020000560479408597
0.002060068405104541
0.001587878672094417
0.0018355354886807856
0.002105969910095632
0.001987389933579144
0.0022183527128822296
0.0019012239220027385
0.002088186413756789
0.006747395999922979
0.01093752282134705
0.011287706781784403
0.002926157892520935
0.0023636114921268274
0.0018378754398534823
0.002479732622999123
0.01459590224007139
0.025543353634229438
0.005489990612790799
0.0022411153116137167
0.0033734372733935807
0.0035744938276705473
0.010306391407994737
0.002736816402453635
0.002653010938428639
0.002380296222359913
0.00292991487352838
0.0025331728243857396
0.0022218671692572937
0.01323169549541468
0.0028163343751573585
0.002778293806406573
0.0027067535288339373
0.0029854045593946553
0.0024509754053697076
0.0023883955963889198
0.0020666657552097195
0.002243973128852544
0.002349695329217436
0.002270891107316735
0.002335961513969745
0.0022045102644189132
0.002046360932177059
0.00291486138302129
0.0021832233726851303
0.0020128279377336165
0.0022117513750455
0.0024700536967847166
0.0021664052583525123
0.0034865834638700063
0.0022111558633389284
0.006556380324287963
0.001623691357597008
0.0022589322446613354
0.0024526400620320577
0.0018978581566271747
0.002430208925202938
0.002366447542430014
0.0025327440828042187
0.002067334204043615
0.002158284356513833
0.0017292761922359334
0.002326702585637458
0.002179713075167699
0.002149851551380015
0.0033145040529356613
0.002537650701204013
0.0020302286357004066
0.002324539328024696
0.002044780354190585
0.0023503274027817144
0.002486072713002209
0.0024638881675791654
0.0021057602025381017
0.002367558938709028
0.002563715031936681
0.002059137969511309
0.0022183827160032017
0.0024120620869690504
0.002264754153869334
0.0024008090323947174
0.0021299484718027293
0.0023847643309683406
0.0022251345506612715
0.0020191920861605656
0.0024128854705240043
0.0021243902484057767
0.0019518171714998666
0.0025893959856493768
0.0023115153011104895
0.00210989315664758
0.002544917287059501
0.0022746426638694996
0.0023725373756886803
0.016388943017846443
0.002065447285634664
0.008647553618044592
0.0019097529924160367
0.0021285882747278458
0.005443204368072731
0.002544804996568795
0.0021071254936175106
0.0025106680627110176
0.004985635157256598
0.0025220263616460075
0.0025157074557502533
0.0028935382475060727
0.0027428755557892233
0.0027062553719298674
0.003192743065887488
0.0024153085335883065
0.002447802507553431
0.002220804565409819
0.002371555199257501
0.002346299281521402
0.002389948604957482
0.0023094055604274666
0.0025735978352958836
0.0022228816496450603
0.0021660363141975942
0.0021559459596504223
0.002777340255785565
0.002290815755407527
0.0024852527156419254
0.0022356787094994866
0.002294171249524527
0.0028884411092802973
0.002212683813383798
0.002140481641372782
0.0022595166315486897
0.002518914239953513
0.00211599488396022
0.0020486429640429954
0.0022317114724355685
0.0023788698586705457
0.002593375690146553
0.002495901985782109
0.002089436833222909
0.0026653561977952717
0.0023223015519059586
0.002349191074458505
0.002326291707184312
0.002072079806281527
0.0024731470101080795
0.002227726904564318
0.002223822461354213
0.0019520496256995533
0.0022929599072923678
0.0024161810413189074
0.002180453278597395
0.0024102182156197217
0.0023524004283586265
0.0022183655087592426
0.002295485566079175
0.002136085992789554
0.002676517584230336
0.002304988927314075
0.012424642768340226
0.04737021598059128
0.025468327833097947
0.037923990842155
0.011489630576499025
0.03306097684249017
0.06899083897283445
