0.6400146232970688
0.6752644614971898
0.577295303724724
0.46731984481546096
0.5541613695711864
0.49145837410259235
0.4870459161412522
0.49677532072696406
0.40821025553826795
0.49362998383188683
0.47766704098907875
0.3855339728587267
0.3809094866389158
0.3819798893678105
0.3778272344509844
0.3567015621221744
0.3387443580685369
0.3275173260176656
0.31733684699245385
0.34803186737973746
0.3099743606854142
0.3437960111841353
0.308343420253239
0.3593768911712148
0.27790572595244056
0.303088976798998
0.2835379308843873
0.3459829675254612
0.23628819055087927
0.2589809621688786
0.30785825099045827
0.2615237606302424
0.29706618088563175
0.2748395970892236
0.23380409607222852
0.2981412334261293
0.31509153664094847
0.3088713922080826
0.2934184121054971
0.25653615077299974
0.29314920669309447
0.2607212479195247
0.26092148437485935
0.2408666825319389
0.2144355891125588
0.27621503937017194
0.2472842303023799
0.26625659142137115
0.26094385635085143
0.23539766352162056
0.17675063691640938
0.2041362284083179
0.16849712000507805
0.17475945477360927
0.20806238481358683
0.22991162146120728
0.19683200262108094
0.19488741020763783
0.21029673901929832
0.1642920644110244
0.18429495405084936
0.1920856681049163
0.18752656416263394
0.20143450010173564
0.16358866930686083
0.13044914705039895
0.14782705612818536
0.17291870536490547
0.18216710504157635
0.1619194011375634
0.14425723536460552
0.13842733448977856
0.16896530613031008
0.1176466253946078
0.14823119028314405
0.16449255270387023
0.14940356067068977
0.13841095762073558
0.13484904948256618
0.1468565359507597
0.1598518342246084
0.14907612633074036
0.12373593845148678
0.12326127503837851
0.1199165462919313
0.12366519871032941
0.12528208502164354
0.13340508037388848
0.10496855262145524
0.10911409695562699
0.12439918129403879
0.11426384913591461
0.0771245678078127
0.0947955691476697
0.09265572791764001
0.1165389009694735
0.09447534185589304
0.10687068216342802
0.09340017426306038
0.07749585522150196
0.09568338803112852
0.07039497638029586
0.08292506919027978
0.07249867935280493
0.09721142529276272
0.09127331737055977
0.10487280829190984
0.0892520254807547
0.07341110228622247
0.08775079429057167
0.10104630607104406
0.0700387850261401
0.06594374019635399
0.06333369795223241
0.08755548766356956
0.08137833753726294
0.0849803340514126
0.06333435844264058
0.07536567591523911
0.09704885030611717
0.06009760513375122
0.0712291464337045
0.07784082207638099
0.05367973172582052
0.05974959187841873
0.07457416283174233
0.07823422014312406
0.06246975124440066
0.04820758153042121
0.07669465021120772
0.06215849736876626
0.046493638905544435
0.06283162057008684
0.05341217723885322
0.08217234944775151
0.06704297918602573
0.05450025734264865
0.06041700770325067
0.050646966202081825
0.05603440172255828
0.06046499905896755
0.05169450692551436
0.05811082721108808
0.053895783187905555
0.046824298075297914
0.04881169080162004
0.06420902035701818
0.040158719538086654
0.046142756401713954
0.04592828848314421
0.041764805101978345
0.0483883189645655
0.05242418453236837
0.05829538012076524
0.043261562871226275
0.033593598244204194
0.047211679781957554
0.058355645337126213
0.048516935598058135
0.04289566708884239
0.04379381873098465
0.03718329553140133
0.040716249890509856
0.034508546901558135
0.0419725095983162
0.046030288048928523
0.044596702091313875
0.030265683712325013
0.046751329278083946
0.04599362724353779
0.04314518437930558
0.03369872114054707
0.0538554602668723
0.04641266698190453
0.043506211479172816
0.048262575442890795
0.03548078352057501
0.04582451664848931
0.031402711264173266
0.036576495096854886
0.03843323738128531
0.037883541086373415
0.027224510660784358
0.04036384831010747
0.03028151033457669
0.04135031144147324
0.02738572795545093
0.03689763411710213
0.03027704200798187
0.03352922915655868
0.030868099534002734
0.03594992410409409
0.03187025368294842
0.030273743449519424
0.017376557218169324
0.02255167870719497
0.03831058285976707
0.029176080024282913
0.029231263576721157
0.032853773458426744
0.031270061313932854
0.026496207527487003
0.028035941527592874
0.030680989886310787
0.02802264590598615
0.02246280790627556
0.034517091977088035
0.02426551778271266
0.038749542243931415
0.028361953531482537
0.03242049933901027
0.03597064261429901
0.031124582775773502
0.026067644720569532
0.03350036972204617
0.027881358442263325
0.027245008775166318
0.027920819083103877
0.031468587480742966
0.026509468881883536
0.0312582104237614
0.03565263006064554
0.03041352034440482
0.020222770085489485
0.02961503585025694
0.02707248807698719
0.028273651669649714
0.02643041079408111
0.03004619313732721
0.023440095453644914
0.03692854773984891
0.02042090390918306
0.016023741238687463
0.02618490371165367
0.022885431464530433
0.018829217797135978
0.01674440557857352
0.021392825629336747
0.020353054360134085
0.030876377153779572
0.024317078300145893
0.0216818090259169
0.018270205026412224
0.02359784941864285
0.020099325785179974
0.017759898460714855
0.025505028783141297
0.02164020690660987
0.02670661847745705
0.018983608483977277
0.014021799838703492
0.02736452115439214
0.016538946493437397
0.01818533610138174
0.02772901690482854
0.024588329929493665
0.02720100488838016
0.017300316627875404
0.013564208223968907
0.025538666505189028
0.016420905792741056
0.03000589839862856
0.015168416853795812
0.017702610385955702
0.021611986708321776
0.018955956211503894
0.022934247652944613
0.024649208508155274
0.022967963573147177
0.019457567151106206
0.026553829152406977
0.01786429615839453
0.019608407348462746
0.020586043277933862
0.027497396181934843
0.014134773864063635
0.02569063816974764
0.023920141836443455
0.013361475714282678
0.023552695819941995
0.029374066727887865
0.015778941417142957
0.02023331978408039
0.0260593992889464
0.01997733640903553
0.020833022929090905
0.018192193656205845
0.01918768970245572
0.016141981860460744
0.017325932100642226
0.01810973438929666
0.014463132095932321
0.014952844080353833
0.014317509707669127
0.020211007373017568
0.020904665437217695
0.015253440913375774
0.01631647015679409
0.014846426560135805
0.02148648533546552
0.02020309720133952
0.0172232537804449
0.014684939999521782
0.017166868667016645
0.022535556971924962
0.02108088110764684
0.015783979434189167
0.013269521504647478
0.015966043427271523
0.019406745374245932
0.018490742619566035
0.018593864646086627
0.020551039666161154
0.012056235982002318
0.017230892723325245
0.012115061660692084
0.01149610216478457
0.01882048365713588
0.018556046931419785
0.023140635509527354
0.0210855158047456
0.023103575008977084
0.00925031425688223
0.017960176698566144
0.01444998344805783
0.02087950502325013
0.015146207502843017
0.014263657460631981
0.02422145738078437
0.010537879800974427
0.022309393556647378
0.013169478072345706
0.01222201181712038
0.014441344534688923
0.015141072659859223
0.01390783430116892
0.01757408242314369
0.015195207629217274
0.01222519164969648
0.012888599724079724
0.014763661192786196
0.014568572481549903
0.01647481053764775
0.017505650025319237
0.015311293001755873
0.02354586759317646
0.009057517412607918
0.01955625230536818
0.010819237285587504
0.020651718014371327
0.015628246002989406
0.012982736508465575
0.01281816098481226
0.010280986712905848
0.006940547349735681
0.015867358237535004
0.015649194259907455
0.009313975808843309
0.015742571989648416
0.0142374292355457
0.022769078941111933
0.014389014019020745
0.014642677933552983
0.01832788688064848
0.013200247123352974
0.013123873333922547
0.012057702431686215
0.015383451109371069
0.01143752465137633
0.015484048846974047
0.011806320240603779
0.0148482060258249
0.010854739537738512
0.02111932745540116
0.0168642049934944
0.014463447137965735
0.009854826459341246
0.006730407333251062
0.010956764776299392
0.008403917788418449
0.00986025293939052
0.014860782956172372
0.008939804256950722
0.013490030027801577
0.015867781657284613
0.01636392107653229
0.006576873273506851
0.013272076210877276
0.010052142762459113
0.014567771491984297
0.011844373781622952
0.013928622174427096
0.007697370873989311
0.013509141135205382
0.014881961171748965
0.011652479136659805
0.015916121813119518
0.019917710948488876
0.014104427330449462
0.010829309948418943
