0.8071422656252475
0.8454085168441136
0.7914683798686898
0.6962005862651489
0.6600190758158189
0.6893571726906804
0.6642096904483739
0.7522883186259355
0.6461373445051721
0.6239010597047164
0.5842996830784879
0.5214862654890113
0.4920931138896461
0.5473985371993421
0.4105554475784353
0.4373127717109549
0.4345391317196762
0.39570740037445734
0.26134504094029826
0.45089411486162534
0.2712772015309971
0.37087988103531877
0.19662293767818215
0.32502702886119067
0.21622971394233143
0.26903198092946434
0.21702867810042079
0.26112267351971274
0.22408311653009177
0.17364267639995642
0.19862009126907731
0.253317643675958
0.13963627916708207
0.24366480858169398
0.15357457052439993
0.1831185345629524
0.17732404864253876
0.1729440611897594
0.1482860451127344
0.13345585219834416
0.11955850671973323
0.13842567555884855
0.11632790221934079
0.11589021148168221
0.12490182976484068
0.14897436389004964
0.13632705087083916
0.14112349947942573
0.12171374566281778
0.09425162086360978
0.1282710890191224
0.14086340080160215
0.1319560878228268
0.1070468994433201
0.11265726637772686
0.0998275092293613
0.12455915492661562
0.10750874673328185
0.11030622319245897
0.07865041269910232
0.09413342132530608
0.09496922961639231
0.09165846986295716
0.12225854437050902
0.09470945552178434
0.10121645448447296
0.09031812338178226
0.09131394495795589
0.09673557635605212
0.09744871414979814
0.09103085058978069
0.09340060019489332
0.07494638302508207
0.1089529102138141
0.08792519547865948
0.11068472448992055
0.08717384206236398
0.07524527465811029
0.06204196587785839
0.08072032053655269
0.07494727911047767
0.0799319779134078
0.0702082486466038
0.07665486862143543
0.07094824079158515
0.07386487391384422
0.06498381389218541
0.06034687730755798
0.07597588396373531
0.057859259245426176
0.06381275210029154
0.06262132216851438
0.05573035445717136
0.08433016028561882
0.06574183944013816
0.07397317977039833
0.06361624604335356
0.0664306956872305
0.08663566757222774
0.04949560407738295
0.06016799456138673
0.06726826414372697
0.04857667507545631
0.07209905703473748
0.053330743099734366
0.07232063113671285
0.06065578212459579
0.06769605414252203
0.0781644904383708
0.06473284557305084
0.05758552566512062
0.053643209787899306
0.06588163479616034
0.07091189816697249
0.05059074838110008
0.053799073146389875
0.054670762768552414
0.06509653978684224
0.04938331244509397
0.06327742867409475
0.06301862301891539
0.06128927765861354
0.05374941465577454
0.055430118518320935
0.05897280060705945
0.06183112800927215
0.05559373850374323
0.049621240922622656
0.05304907779674234
0.055946342103363564
0.05873574897134235
0.052948435692465566
0.045808619304740686
0.06322943037723243
0.07182099986777252
0.056517133566057996
0.05252566826400371
0.049228372904451125
0.05473451258445655
0.06537850648352368
0.051507134573672265
0.050176428836478756
0.05086935193703477
0.06126719747878715
0.05739046836273376
0.061443166028191144
0.04981344467012783
0.07307813487816178
0.054674980812755195
0.06616464232635344
0.05183777272356584
0.04564236784859962
0.05889364883257655
0.04441228178891909
0.05385339932419344
0.04796308741951093
0.05684164537517801
0.058166448945774774
0.04397377889121755
0.043495392017220004
0.0513301169668728
0.04593959997580589
0.05486285010543236
0.044674921869551076
0.03510476965641934
0.04891850247609868
0.04793347177571265
0.05300251884714554
0.04805618328257506
0.054364661953097394
0.04453431445261676
0.044340590635584945
0.03979724535940086
0.059492130889862695
0.054323186992362583
0.051404143253884094
0.03867884813973534
0.061831588507093437
0.043151931946386876
0.04618662535562663
0.056456312220367275
0.051433729000740204
0.036112375231430065
0.04121556662782387
0.043176100822803376
0.05630292438932934
0.04051581444113189
0.051667170983446864
0.04752452626758574
0.04885301421424808
0.04015825771145652
0.0443806568281732
0.04943591597944637
0.047672250201945265
0.049936701078291644
0.03794216609418456
0.02832257373000825
0.03598382012455035
0.04791204830348382
0.05299903831625745
0.04158910266582908
0.048605558680911196
0.04245663518727421
0.03966195713742265
0.053291500820985535
0.026580023192698664
0.04352528567426828
0.04012102802555534
0.03433011903054638
0.04094498033030543
0.0420745957956795
0.04639782435824332
0.05555320066612775
0.04000135778615436
0.04460553361642634
0.061864420115267285
0.04262035934867103
0.034919367445440906
0.042037216113988606
0.044608243704431984
0.036328728419730075
0.05099836425577144
0.039714534413794196
0.040228402758323886
0.029710912443876258
0.03805648386481093
0.04450496869979277
0.029118775818752912
0.0354230083392804
0.04039294212974125
0.04226549152594056
0.038098852065442466
0.041764409902372526
0.04067538995515922
0.04207851114235621
0.042886759737981436
0.04276404784853048
0.031864456593340404
0.035465011836613027
0.03762041432512129
0.046234410439040904
0.031802726983806276
0.03797725785187169
0.0366150499746006
0.03205323196920274
0.03955509686810255
0.04024118096999889
0.038483629376223245
0.04335449895237141
0.03383291666919336
0.03369353009879522
0.03921443372679898
0.030009508625862276
0.03755200093711185
0.031962980756467405
0.039054672231635015
0.04108259674427199
0.03644543972315725
0.033362193657965535
0.029634351783548046
0.03548281486972005
0.03417505394848696
0.03064855943841921
0.03487095730824544
0.0482375346520719
0.03125388791227554
0.04300720416568076
0.034750661619157575
0.03623905031677414
0.038465044811702896
0.037333057132869
0.048354421239054084
0.03943617331477692
0.031219810964406385
0.03163524872758649
0.03749513341538897
0.04189051798591682
0.03875808663449678
0.03625986375673855
0.034401314232484756
0.03533370170646741
0.039001279521499795
0.04025003704609057
0.0406112662200532
0.03402164854849797
0.030793934913527676
0.03740978167176983
0.031942793487411233
0.03136058998266862
0.03279769406513935
0.038916376100951326
0.030215779843030272
0.03372880020503079
0.028175211415147457
0.03210903579789226
0.030492025939645524
0.043662390755372246
0.03549408062953639
0.042309453256830484
0.035367873423095476
0.03276944183789552
0.035238302561715035
0.035213536230454846
0.03346909298704688
0.03549127146085233
0.02679562762257711
0.03723697097947124
0.029510366297079378
0.031662709472740344
0.0250559635643534
0.03615123123173246
0.02813462465606617
0.02721491535021169
0.035331537182819436
0.039050824156443856
0.03361092333558515
0.03716809917683723
0.029619886202782737
0.03200655280814606
0.037625974002357926
0.03444310930567629
0.03163065499929422
0.03386512397981902
0.035735394320851835
0.03721216286948427
0.027908947333881533
0.030476778674819162
0.04024087183755947
0.03208938689843459
0.03180990587901608
0.030967383250794057
0.03877574443867929
0.02705542148396417
0.029443938291489453
0.031612518506420204
0.027387670188478062
0.02896750499270127
0.03177680610675407
0.03034445266598995
0.03732467371498578
0.025491283694174742
0.032798223800136715
0.03613896810640643
0.036517788637464535
0.03141257072777773
0.03156133590388922
0.02148043875592872
0.035006467675681864
0.02416774067962576
0.02972494898145376
0.02986370357091119
0.03471956227121017
0.03296292952571149
0.033147350776331956
0.03293685996415802
0.03923089820624045
0.034972161983162234
0.03873533015190631
0.035338731122118675
0.02802891106203124
0.027680190089666146
0.02453169727548885
0.03640026002009269
0.03384366066929097
0.027914024460307822
0.033803685254403894
0.033191423805244424
0.0352596953750821
0.027128807084584417
0.03182903384193914
0.026712999231007555
0.029018831441317776
0.03197543859217487
0.0285648618295583
0.031255047441848406
0.02549846974669978
0.03724583387012148
0.03198692418249037
0.03825287533014714
0.03799793252166134
0.04205655839042123
0.03380075775856004
0.02587883215668201
0.030380174329845987
0.044344889808181444
0.03549241334362639
0.03424250886080525
0.03469347472482247
0.02544304834630014
0.027474097268164126
0.019763600104214882
0.030030081074247834
0.02778886446095436
0.039289048205255396
0.026621202534739284
0.029985506911138198
0.02439807847873659
0.03135210131301912
0.028646927706828584
0.03569521554781184
