1.1120911961175532
1.1006175741149022
1.0886927742687176
0.8409285393567073
0.8529308063294092
1.0767937701162902
0.8596509164833211
0.7853722930360457
0.753750520816565
0.9335777117552426
0.8622659687641685
0.7176350997254846
0.6946107616125599
0.6562120352275976
0.6497387550124402
0.8680548819116367
0.6444776811122119
0.7411564838753385
0.6513184196674137
0.5790708172749757
0.50329260348334
0.7897160206341134
0.7948541639859321
0.4647114821653612
0.6186606389489377
0.6470237422794
0.5684071940607628
0.6840029883794425
0.6644820212817784
0.7090657537572347
0.4975781759089914
0.5796086920065144
0.37739532112339613
0.5756918954119048
0.6207080282180284
0.44472221977434223
0.29558051759596904
0.6854935497951627
0.4315364663821767
0.40666468368577535
0.3951349486113543
0.2902762489915109
0.21665218410233428
0.2686353645849754
0.30545791892763857
0.29108871121949514
0.25860772850466207
0.26835173402321066
0.274832161688055
0.28827791290700466
0.40663930646294777
0.14296170014590567
0.16941883719222395
0.18548508017701706
0.18441737390262775
0.16194012959567322
0.18799205938954158
0.15803855434166778
0.13677171540832034
0.2099621876516085
0.20682631298696888
0.1411187642455401
0.2047725902961422
0.1347070987443046
0.36133984240405714
0.16540658877040498
0.21624128787459038
0.22524487415006123
0.1172608717660815
0.14513909940741448
0.15386966679261213
0.15836611754200153
0.12079138616752856
0.17093555251978423
0.13247811386451863
0.15113528759292835
0.21724211749823272
0.19689752356628581
0.1624979446241679
0.11205837926918223
0.17876184959702163
0.1586947371490373
0.11470270205288018
0.10483662367385163
0.1303077469608481
0.14999187607491496
0.09833269301100789
0.15984415713238548
0.12379486016445754
0.12533662643545385
0.1208962929271469
0.19192044095881478
0.1299615820351868
0.09475619965566992
0.10532243669650254
0.09062360751384559
0.1274111868619169
0.11558769473211453
0.11407805213602544
0.1226361319039514
0.17978498088172165
0.11238194502020597
0.10223279857266739
0.12209464834567615
0.08894566495603855
0.0912194839326218
0.10556528439651158
0.07726513536536235
0.13606125167828093
0.15326106010164853
0.12384349005108106
0.08105509118657733
0.09326817518398331
0.14326141827498634
0.09204530228209609
0.08228787387581579
0.07010468683662188
0.09316200834853201
0.08396911407976623
0.11579752445567681
0.09502831016793725
0.10227778418708915
0.07479707907618256
0.11580191877703043
0.12132965958138084
0.08729609607362226
0.07385083449994155
0.09263596720195222
0.10337679952681167
0.0971122289611877
0.07918323752694181
0.0739643299784301
0.07570439598532938
0.08437969322465462
0.07425899466036795
0.08749305895324722
0.12319852493446279
0.07888737067146973
0.07526934661008179
0.07199223541881623
0.07353886678283987
0.07955594485457404
0.07850610731454107
0.0561244807620692
0.07430233859389716
0.1063344952782032
0.09181933222271269
0.08075841282360853
0.07762674988369794
0.07835924020435128
0.07938792105154202
0.07144796008544671
0.0653640581371463
0.06604948385179851
0.07692217341276371
0.07979635779249117
0.07581622208040079
0.06806764656971451
0.06400487633779303
0.08652008077356248
0.06438105236784274
0.06242713965917494
0.07257343294053606
0.06501978644569618
0.08705063473750377
0.07247607889960193
0.0995803835965367
0.07066148215322884
0.060394007814602926
0.07211514704422775
0.10761873650316937
0.09510651248872146
0.11827915246754361
0.08325604823764106
0.07010437628632085
0.0771674564930808
0.06480069781632594
0.052360923849448335
0.0562758065705238
0.10888993943841316
0.07029889502720747
0.0784657589879603
0.06246632432881973
0.057867702482107465
0.04834576302708994
0.0678293565720672
0.08469937898506595
0.07272087553693891
0.08132076386213699
0.053174945415312536
0.06560092642983031
0.07976452421300234
0.07757330511903174
0.07369362360616849
0.05069021492261484
0.05543915280507555
0.056841950574233045
0.06844920130622453
0.06273752794526302
0.06807847661044551
0.04864657074485698
0.09162516366199398
0.10521238252250069
0.06077200430906897
0.06543011342618442
0.07224678878636973
0.04265276946758008
0.04524457194381597
0.059080621451933546
0.0701324148719164
0.07656229674481499
0.0983570832643619
0.04821848785771661
0.0602732608157053
0.04976359021400019
0.07387133540172142
0.06159401694887005
0.05701201912831666
0.06959606133693799
0.06486846505654935
0.055914596759157775
0.04755791544967269
0.05361276938416417
0.05022820398258877
0.0517578554558354
0.057126831984996206
0.059742827876888525
0.05219713691410551
0.04794877923967424
0.057040262956176015
0.04549943962968408
0.052496386955647636
0.08028847317405147
0.06390295594802127
0.06218289201488901
0.06312281450870987
0.03682978930918822
0.05589755174752838
0.04295038545857268
0.06396231693769568
0.058458141437213784
0.049506321675448335
0.06308764517436664
0.055492251262608316
0.08623623213646062
0.039828324662001056
0.06499037255954555
0.04067820202496455
0.04602120034866701
0.04918452460351859
0.05606265319236224
0.03714775061275037
0.04127628221153353
0.04907056441910611
0.0855717576125064
0.03242698247245085
0.038710515383259717
0.07103422650999616
0.06209880684737642
0.08049827331501687
0.0500392782024761
0.04727297442533179
0.03758649725366313
0.0466570030376527
0.05846415171253675
0.06081827045700653
0.05238305078310361
0.03838811003426878
0.037909695506442756
0.049377029451481674
0.04917248534040511
0.05259752761215232
0.04732204991228329
0.0500223994878498
0.044834436338255255
0.05022717730454065
0.036335147958545845
0.053561507931941296
0.0422202466687952
0.041765475029476515
0.05951776576482457
0.05160973956876151
0.0389043752172752
0.05132057524384263
0.0420668063287195
0.05158742751557528
0.044921244780535205
0.04522603836413819
0.0702309678066085
0.05347167202074632
0.06050863803478258
0.040996264566873254
0.04080160988636029
0.039675649050322684
0.061299316344963904
0.045189945036044926
0.06550624108112554
0.04436477727484325
0.04018188416242747
0.04713975583117361
0.0643980509104557
0.0448725927112537
0.04353570763289674
0.03992359050279877
0.07559505976681478
0.06776749866302104
0.04410415191061694
0.05611622490815301
0.05998074964795428
0.06334544647098753
0.12257039087697126
0.08682844289386546
0.06161442252289125
0.06276530368772436
0.05953252889166386
0.07789082500816748
0.060462334524097425
0.05008092352727732
0.059288187022913844
0.057673647888475454
0.06895576308489622
0.06949947761775484
0.05955377177057999
0.07713197992268891
0.057666590063291154
0.0772363425655484
0.08807085153396542
0.04586990549224912
0.04581208524108839
0.08441064735502128
0.05038997010069067
0.07428395138160859
0.05592707958209775
0.09723605250786604
0.0726726776554947
0.07184555614725942
0.1044431479776489
0.08394612250249675
0.05847879456980507
0.12387146205326445
0.0712251184530805
0.05373577620606307
0.06751282579160509
0.0480676874507111
0.03885551324047834
0.05766745103299211
0.05297971730205978
0.08016251215567004
0.05988982353428535
0.05055241870273345
0.08230501597389972
0.06320018802430652
0.07031659197223715
0.09177993252133095
0.06199573574575064
0.08330914479484522
0.12212733314369036
0.10692925612684467
0.1154064891451099
0.19592490967946957
0.08012794019619772
0.08127908588065766
0.08807719481179624
0.17715477724839496
0.09334413906088501
0.10923019283781488
0.09008884805577513
0.06440393106608729
0.13992428965844741
0.07325834671717447
0.11609284523221326
0.0722734867505677
0.07941783909617761
0.059415294840173404
0.0676530721826083
0.07002532878242956
0.08226253673619519
0.060568750269229185
0.08658981355076997
0.057544967130041466
0.08679928495564249
0.06511254559456495
0.06121483452336455
0.06101559077976332
0.0480175794287413
0.06473529546046852
0.09170370441447662
0.08602584796072961
0.06411525001572377
0.07611550771849475
0.0638888982186581
0.051079814553557444
0.06455259596295179
0.06744249844115013
0.08184476684171602
0.06797009109304772
0.058128945496989645
0.051576206014909885
0.08885546749053838
0.07127761738359825
