0.4413216897837372
0.3288403160827424
0.29676374973525826
0.2678191578344019
0.24944508178038483
0.23016859572929754
0.22829248273666009
0.21340328750230525
0.196507475468021
0.19343016745938063
0.18953236957110087
0.17433762036623984
0.17556329341008792
0.16963319265010898
0.161884554626674
0.16401759495696677
0.16056268507876345
0.15326172837158245
0.1456713017356837
0.14137486877709565
0.14601709368182192
0.14087152668585717
0.13993098257708905
0.13858320678116648
0.13437656077440277
0.13497543748821023
0.1268566793974862
0.12597561191564913
0.12569792103201685
0.12476227554044901
0.12214115528068466
0.12332081421529613
0.11933595170163402
0.11968261927143428
0.11437147325061285
0.1094769402165707
0.11102148223431665
0.1130925589699481
0.11410243829413769
0.11289993817901127
0.11192483924823082
0.11213234615787666
0.11233309809655785
0.1060776715848736
0.10910914819453292
0.10723561330889013
0.1067404316335409
0.10443050709246668
0.10381716385592439
0.10569373137405207
0.10309330155200627
0.10144022710944009
0.1065972444342234
0.10070829945343356
0.0991236433153457
0.09990004792291567
0.10135433234423659
0.10005249547896963
0.09875947593501243
0.09599637894995408
0.09723834204480346
0.09394818367891442
0.09598410482288498
0.09224004185539367
0.09540103400659199
0.09386415171876122
0.09521473220893453
0.09630984803806772
0.09252984082398909
0.09353771772814758
0.09265235455011134
0.09189056472240408
0.09236130406135655
0.09254690617035284
0.09018543105204496
0.09413970820042661
0.09328901632332948
0.08872279415032605
0.08667673583444477
0.08928682557484664
0.08622843895659496
0.09044324309615816
0.09064442021727928
0.08850741164061277
0.09005601640740238
0.08788162540302039
0.08863398803309655
0.08643204290701394
0.0864369949390442
0.08795020392074801
0.08625084996800503
0.08801625994555252
0.0883821075105482
0.08808818473606661
0.08754301747818818
0.08598073378164045
0.08330274254127254
0.08602415395212844
0.08643067785038819
0.08438670010252777
0.08163820272092227
0.08640500883173532
0.08684541889845428
0.08532853646575896
0.08404193128914182
0.08650497511709082
0.08303656578114937
0.0839787609180104
0.08218533199770173
0.08362501608572949
0.08319575483734433
0.08092020008432027
0.08104402405134742
0.08392463951168021
0.08264688036229677
0.0822956223464595
0.08307054608634924
0.08143544854561305
0.08286425489368372
0.08303142959397426
0.0815054299811959
0.08041910536990687
0.08007259447070864
0.08221378342754562
0.08171628227559626
0.0805045257487156
0.08214721976927628
0.08027531291093479
0.0819076283934326
0.08050677846630541
0.07864713273917401
0.07409095430450453
0.07660703660232357
0.07845325381229339
0.08331552475442158
0.08191791354023203
0.08480195863955291
0.08569232082812758
0.08338461054880593
0.08234592683092211
0.08132386000640192
0.08348439103011149
0.08210274086833783
0.08024898060881568
0.08152466386837584
0.0826001293689272
0.08061131506415524
0.0797511113739951
0.08125001493745583
0.0816770857973805
0.0792492283426055
0.07607307128109059
0.07948650528497614
0.07829093480712906
0.07653205584632651
0.07737276964922998
0.07716555480654688
0.0774368185587054
0.07722486798916955
0.07951833218877012
0.07645303209692653
0.07714402227279407
0.07917012676903548
0.07942503394941922
0.08084568312731111
0.07762721542130922
0.076188478404374
0.07405850869227962
0.07851274624379574
0.07788987775401804
0.07845056056979023
0.07769209569106143
0.07561934958876103
0.08019221903597842
0.07564886530178025
0.07475999208753317
0.0746857925387124
0.07197958304266787
0.0802741222632384
0.08006847779623524
0.07522223079280685
0.07551604735376052
0.07044497613257186
0.07644448412483842
0.07454127611065836
0.07432068682977785
0.07476304879264775
0.0738244763481744
0.07443923912415748
0.07896950353164002
0.07271389812775539
0.0755421879813836
0.07492855325792173
0.07894903276458884
0.07560417006187406
0.07509013052794676
0.07511704719824595
0.07510492744478889
0.07602149053118282
0.07950890438634893
0.07794333439970398
0.07489489422434073
0.07601432652090839
0.07803164730818322
0.07637209365162262
0.07675652717021027
0.07280616310378361
0.07549018219564402
0.07285719158790689
0.07495557502521139
0.07628472621636025
0.07203849644704927
0.07391181520264031
0.07348738759642671
0.07446145260467378
0.07471821237524817
0.07402729986791887
0.07374442887970946
0.07159881733994271
0.0747910414350316
0.0745134358270525
0.07331167915355474
0.07280777131642975
0.07581177747208875
0.07495768545061654
0.07491922878466803
0.07628723069303979
0.07076265178824775
0.07107754077924378
0.07263554526271185
0.07140855506390456
0.07236542365168516
0.07115491217594236
0.07534098435504896
0.07362368942509206
0.07414708079273392
0.07364085964890824
0.07301821562916241
0.07112474224574442
0.07342728181422588
0.07309854744793914
0.07497955989172037
0.07221453101715472
0.07418954957697452
0.07389582261766611
0.07060929239986467
0.07390042654734152
0.07152972825964429
0.0726241567634165
0.07392600001306224
0.0735206221503382
0.0738975033445233
0.0746745652909169
0.06943597862228842
0.07164547580834923
0.07349592805994569
0.07235400906635846
0.07266520065786533
0.07504333769573643
0.07240036192200242
0.07153993983823265
0.07465522659895114
0.07170681798571597
0.07059861538700171
0.06970036213657656
0.07575020770272452
0.07592000304519435
0.07534287363335651
0.07314040787033013
0.07127942725394991
0.07257179520467108
0.07261814455924206
0.07205842477210767
0.07457089820736547
0.07321868305140107
0.07091414852124728
0.07257993606445891
0.06963424812764457
0.07464576901980921
0.07164524600058977
0.07121625952342117
0.07488536296061135
0.06712765884340444
0.07105368566548195
0.07278304553000568
0.07325709225063673
0.07495797476349639
0.0700977751665022
0.0721194662103738
0.07109610998130608
0.0745685534030866
0.07279089413786227
0.06816012185576976
0.07161141221965497
0.07051560951397583
0.07154436080432842
0.07022069962482945
0.07093291048451783
0.06820181344733736
0.07016202220808211
0.06975373273047203
0.07235611072621638
0.07232070596700588
0.07091294548545196
0.06347415678973793
0.0665629400644049
0.06894579832704142
0.06931225994893478
0.06993044133169403
0.06806886636749904
0.06847388486314702
0.07081498208470349
0.06756138077372108
0.06631818278721191
0.07005521869525519
0.07049467008093509
0.07338547448755686
0.06935550098400098
0.07154159479900321
0.0693771908353504
0.07266171782538901
0.07013304453449423
0.0710888515293984
0.07042612611936402
0.06851457968626815
0.0678856581714059
0.0705132221130315
0.06916799324298707
0.07062206934523749
0.07248171920238619
0.07099487434012935
0.07136610018614857
0.07091757800527584
0.06929010314985522
0.06975509102660112
0.06967891372080934
0.06802335140437363
0.0706317204897019
0.06975038648831382
0.07187782804885154
0.0680462995544465
0.07172087526972529
0.06925687243410848
0.06671917544743138
0.07165290520937641
0.06776126511314347
0.06626957097555035
0.07214346067875978
0.06982126014669146
0.06685945689119517
0.07137357860399088
0.07165116594229948
0.06870639257067798
0.07014510017291921
0.06802505199949088
0.06704332653165371
0.06942870350172517
0.06613385383704701
0.06857758606839087
0.07189481462252323
0.07071863291971527
0.06792140859471894
0.0710599473847934
0.07035620858294846
0.07041961196437604
0.07006607396886841
0.07076397461262803
0.07238279838485048
0.0707301534806471
0.07175503382909233
0.06864379948020535
0.07025642491635978
0.07039709952641188
0.06975464373165008
0.0691446059095679
0.0693801177819485
0.06751171359465429
0.06827202004697294
0.06979164601805485
0.07129143283644704
0.07068115999928153
0.07002968523581964
0.06806472573324675
0.06695472378627831
0.06803768834291764
0.0711077254072613
0.07067621853385511
0.0704906110763471
0.0700451445275568
0.07129042311133217
0.06993198021714428
0.06803899866832477
0.06381981000337163
0.06995366411551503
0.06717963821486427
0.0687507999868581
0.06612785647781014
0.06715281614758942
0.0692232301243321
0.07012189380967686
