0.3625077198328902
0.3341848906075765
0.2047362124182437
0.19514347773698318
0.18291059003198712
0.20248547173786902
0.15145836226343962
0.12314812226431063
0.08860061232333805
0.11218483135016866
0.14415268559219613
0.1174422701121773
0.13313525458120748
0.09023001283665394
0.09982190003015376
0.06374819069797467
0.07454985876603501
0.09375825519483727
0.11848560511705837
0.05501797199944349
0.09474831872895323
0.04555125447154325
0.0660497316621968
0.08491146516236765
0.028618630630374932
0.04789194298417997
0.06587107343581465
0.04283495288361393
0.03216276247201478
0.04041686093280304
0.08514326379698672
0.02861075024685931
0.05253385488513289
0.05949837306720383
0.05175032036238989
0.0689415080829218
0.051946314143993665
0.05472888958034085
0.054997517934651796
0.05588084509623799
0.02813607624270048
0.029843898077200493
0.02815900175862453
0.02307042533516011
0.023641919361893145
0.040874586257716033
0.024939992370755705
0.02683841268937386
0.01714952162140591
0.0194457046171047
0.03748048622708254
0.02191603644821839
0.025175429962223606
0.02569863562576614
0.03331402029282818
0.019827249946741853
0.031094076564764993
0.025592251045875973
0.03195892760009244
0.01731560107696225
0.0202436612382644
0.027941114028733977
0.016532505128304252
0.030514530395339252
0.025196236840388343
0.03425991682954389
0.03158932875501704
0.03086416622705258
0.020935346333033636
0.00981170848092148
0.029034727085883106
0.01342298736734136
0.015123572480691651
0.027982283360413758
0.015313642754933032
0.03054529686581518
0.024065258725605932
0.025751598804205356
0.026576891867279646
0.017855337728276195
0.015671725022405388
0.015932009512967655
0.017078284659123
0.016024838647023216
0.013077273465818707
0.022990146259654475
0.01387124568668767
0.01970031035273763
0.015644130184621758
0.021754036689965804
0.022921972583209826
0.01442728438213976
0.022564101221470595
0.012029070730072356
0.018340221952386458
0.00622903016555597
0.015296483211846517
0.01739102257984655
0.008290016765218126
0.022140339339432203
0.016883658943321896
0.0074052205675045005
0.01017819610418684
0.017684134051189064
0.018958004535062967
0.008278186855043187
0.010073115725816848
0.018069512140619977
0.014209219813795923
0.013970931313587797
0.010612257693413413
0.012668870303659647
0.006123163345329204
0.010096829434471034
0.007981947240429292
0.008225401793023222
0.005476908088350001
0.016901976692758326
0.014976107782108557
0.01759236706128885
0.019186191543288093
0.013561456628478723
0.008601300638958663
0.007486757790032124
0.010356013751690867
0.012342046178372071
0.008515021401403828
0.021998393016107724
0.010388511419105911
0.010934208144117078
0.007792240482043429
0.009065965523100699
0.015114265592638818
0.00926946172188398
0.005843935168570484
0.016056331165561915
0.010405682170363233
0.0037021250226220554
0.00862585595959885
0.012539235658471167
0.009029204360508487
0.004749994929734456
0.00560550646219383
0.010591870011024438
0.008574320410220368
0.01201592755490431
0.013972115296734413
0.01164826729229475
0.01665846163402506
0.024155475641241677
0.008071161293486853
0.013559061044021626
0.007966996716841094
0.0094432139855779
0.007731219579293481
0.017355842817406854
0.0072639356311952966
0.01200579468667783
0.007946080354933402
0.007392810467844554
0.008131551265880574
0.007783272995627755
0.011826912937366351
0.010999900335160077
0.021333832812479442
0.003801405882438616
0.00999153922161895
0.010056118788163215
0.008199399529842211
0.008635121694554897
0.006402171874833157
0.008738020100898039
0.00842276054370707
0.00936141386415272
0.020017645984961016
0.013068820861442417
0.0076809629526854205
0.010971167241494157
0.006714310641077077
0.012830039525395303
0.011058861133955563
0.009464523721495794
0.00796393669414428
0.007833246518705721
0.004948313444259611
0.019015217294016933
0.01371286008077888
0.0044909421033993615
0.014136160172311885
0.01107823188456635
0.006982684731577535
0.01200188274709177
0.009576230206701408
0.016281761718696545
0.004960430097895383
0.009497784508000678
0.010851180436121693
0.0070329768320131335
0.013402322974772288
0.009488437576881026
0.0066387775499223535
0.00421677215892501
0.005517845466365472
0.010256841349421394
0.008369804967522897
0.01055267415300282
0.01091929090482722
0.01342754327845043
0.0022194184054782793
0.006536652500428416
0.011694094278926565
0.004861416146257085
0.0113502855631889
0.007826347558664574
0.013581141550030512
0.007705196855470077
0.010279338738191477
0.004463486607936459
0.007955457111505453
0.004671673271991921
0.004312759297061177
0.0056111997832498876
0.009200703439737693
0.0039661244730569934
0.010862274024871893
0.006125982385801621
0.009982795052964236
0.008516149745123654
0.007746408725750696
0.011689552558955683
0.01027797041491713
0.009728102104502341
0.012676299692766546
0.0026011691310225157
0.008883400095407978
0.014493618467115396
0.014557562590183013
0.0067687673428141444
0.006281106637206763
0.005027763909768694
0.009109309236831252
0.0038259939033869718
0.007191897605229443
0.003927538157370661
0.009522220398196737
0.011388510345663932
0.005607420250038899
0.008044834046015126
0.006523290447250219
0.0075662982081284025
0.005300960078022286
0.01121250772963279
0.0039494929862944166
0.0066066348348194385
0.009540738782721405
0.009912199991906708
0.009464285276841762
0.007310903819798681
0.011788667565321872
0.0051528161350125855
0.00937896092963925
0.005201955820547965
0.010357579235444734
0.005007474240366036
0.011452431286927266
0.010382375554317492
0.008096043950953914
0.0046653626313293735
0.0044502263646467085
0.007536418562645223
0.007123428457005689
0.006278344390486553
0.008203264955081124
0.011301277621585512
0.011441580466778022
0.006659267678843292
0.004160659288971882
0.005121359646781229
0.008648419716347605
0.006210098438496842
0.007956578776564811
0.009585616941394901
0.00631206630744714
0.007144130186196376
0.006948406510651031
0.003902331974764123
0.010090373920398148
0.005830339780025041
0.006064904059663832
0.008113905668424763
0.0048226546059063945
0.00898480395019213
0.0036521098247399666
0.005909144109634212
0.012387615219409013
0.007549738369308725
0.004846788878734428
0.003951018655635039
0.0047897238494121535
0.01146528874863108
0.0028154737631426487
0.011767527546786737
0.008615293215210328
0.0030692300796550847
0.0058052900098462595
0.007442767171878001
0.01068108817012117
0.016819803666362532
0.012754952723130656
0.005915108518512539
0.0035263198642546457
0.0035010887083355606
0.009415055458336496
0.007379854418310928
0.006058832436889503
0.0033060049425334623
0.0049048884690499495
0.013071703480523097
0.009332751302233929
0.005373100567502504
0.008034484190067276
0.010812686535206808
0.009078999553921429
0.007517876286551798
0.004320125404749823
0.004811232215824931
0.004153119601475624
0.009181537688873077
0.010647074252955803
0.011518985010000902
0.004474084369719406
0.007273713504634854
0.005736139148787487
0.004129809698287801
0.006911087277514908
0.00524379051859455
0.005612950277263024
0.010363760217947802
0.0027413123152327046
0.0074039076081677995
0.005108044138479214
0.011124769240910267
0.008325381820180906
0.008134269547097476
0.005069166140348499
0.010056950801969436
0.010136962071180308
0.013213748781012669
0.005538087539115964
0.009015335271992343
0.004283534053449998
0.00361058479666454
0.00941270889759835
0.0028176478746466675
0.002847205704210793
0.0037934898320131083
0.011026245590654042
0.00327994811195925
0.008905914241644908
0.002746411566053837
0.0027885489429671393
0.012806469259912773
0.0037120538938413016
0.007242053234660838
0.004639594673735292
0.007284077000488054
0.008314558734910237
0.011715549060094189
0.006413186971308632
0.008170058257612424
0.011892084405623605
0.009553784752141043
0.0037315916631962412
0.0046556515690430456
0.009320171079196483
0.0029642650196348088
0.004910088975944725
0.004679291320748574
0.006864793634116993
0.003303883698476682
0.0057474838573999786
0.00251118434945738
0.004158539397376587
0.010129603058797907
0.010117766027126792
0.003248099340658968
0.006632696842036126
0.0063194320771606275
0.0068184688917817485
0.004657565937410268
0.002799012377310248
0.007367262208827727
0.004189805598836927
0.005851025485125377
0.00368056884587162
0.0064117698493485874
0.011919319813891603
0.013646704799042767
0.006960100844747218
0.004434388493361895
