1.3261364597562721
0.9409292353358772
1.072169032068454
0.9452966973982413
0.9478950696084342
0.6663109115640857
0.9582996827696503
0.6332513030050348
0.47492474821732306
0.8204065603014913
0.7800058819957195
0.6211838148225166
0.5072330903318418
0.5548820673354279
0.558999169414942
0.635234501440755
0.49230879482455486
0.6079446748225668
0.7738964416611078
0.5354093135865974
0.5682635784940527
0.41901414762390654
0.6531197528239149
0.6244708183642141
0.4379469870911195
0.56984126916257
0.4401107512084783
0.5233254656959387
0.45333272223737797
0.4520751898444111
0.3805817745785863
0.27779108792444107
0.22844088987249322
0.32164497383782387
0.30347402640780624
0.3721175208714367
0.28448068793461556
0.23917221344364994
0.16026512924915914
0.22251296324176514
0.24254099661989176
0.1902906637183523
0.22624593793853273
0.24257419192885354
0.24810463542519967
0.24432936945035927
0.16098828929242012
0.18196938349848538
0.1544418069630053
0.1847993564849674
0.23429849135204214
0.12818336941806535
0.10663086803322011
0.11579538134550496
0.1350615032281963
0.10149925063006064
0.12051783177100159
0.07546508211743694
0.08631479874588846
0.10929708764598141
0.09897768176557135
0.0922040755733571
0.06293608228216381
0.12022398545202036
0.1053041528936491
0.06905550862559114
0.07867787174770192
0.07366873730470141
0.1021992337144352
0.10976932073116266
0.06244769689691263
0.077909529016249
0.10074881442274716
0.07867112757247
0.08514495333362918
0.058520320555647695
0.0626566653309086
0.09279909899169658
0.07192998103301407
0.09900198070466838
0.0732722705738614
0.05575047199568774
0.06707280166081495
0.06335468409110753
0.07696078982345118
0.07959478702328857
0.0501483387857037
0.061950367386222026
0.06667339703009531
0.0565655483938153
0.06845014047071095
0.057934703126280476
0.053959205448715665
0.0627716138687511
0.052429566720529085
0.04963947795414862
0.0783195174394298
0.03733235899420268
0.048931960821390244
0.08764843687737396
0.05035516468210778
0.05477804804143038
0.042572965293005756
0.0639460183400596
0.051794190310432545
0.042882947645433586
0.04802783625401561
0.054610856684947875
0.05712129246385248
0.048160032910885456
0.04481897234412321
0.0523394582290471
0.04369891558019556
0.04516222252319924
0.046097614044331214
0.042628850373804913
0.04252933623456767
0.043781982686955975
0.043413406900920916
0.04662557415200312
0.04215784025069355
0.05064521737764419
0.03762546662614176
0.052467703419864106
0.05361940900200639
0.04041287675938187
0.04794701096369526
0.051425013379606074
0.04345825018192348
0.042762345251646364
0.05158366835318815
0.03600586492845803
0.05013503593769468
0.034431942876586526
0.04223758968922139
0.03421218908833709
0.03320656879046799
0.03604781384128077
0.03913933193071289
0.040606243475168925
0.040883168718904996
0.041779209348681214
0.022321007057196716
0.06937008056866936
0.06160252486452626
0.09222683862124134
0.08334601270471803
0.11665336361423233
0.06249972660247031
0.07530334202963246
0.07643959400187929
0.08550708910716634
0.059877452243342934
0.058750928672255356
0.05656342732719581
0.0655956939516649
0.06567722158925277
0.061014091426353625
0.0642875410580602
0.04250642350643219
0.04532956620648917
0.057437611579104354
0.04341357828545495
0.05263650438049009
0.0456515971361401
0.04268125753063256
0.06276471969948048
0.04334271999607494
0.0461924020647
0.037376681562368626
0.03628897481968862
0.038416227364346564
0.043973575750770176
0.03765723606727974
0.0398412858661525
0.041676708590775303
0.029323149551579154
0.033201700841437524
0.031086477957694352
0.04134638915695045
0.028995136141585758
0.034023247319203996
0.03278170774722784
0.026178043991466615
0.02837442369406405
0.04247943509625342
0.034471594499768166
0.0367326419052369
0.02776345266413101
0.03479305539731616
0.04559572357593179
0.033517981542777624
0.03563859496082995
0.021393606308669617
0.03189739724951475
0.030976267643586915
0.02765659927446861
0.028379901631967203
0.03642603124878109
0.031018416828361612
0.03636132960032469
0.035287003605823083
0.029964665782642046
0.03553573695381616
0.023209612310077878
0.028402601686461297
0.030303926516989533
0.02109998126909684
0.029250236408403685
0.02970947690334818
0.020839962874546723
0.033344711307023274
0.028223427160383237
0.02919385828422333
0.027381000156907954
0.045063057612437354
0.03256511553325337
0.03684814395579043
0.036722399127252454
0.02596276800523477
0.0260818197693947
0.026119143941898144
0.03075663467809563
0.024322249316322216
0.034588633561977514
0.022391644544756995
0.035732642922236664
0.03551043222995728
0.03486544507233105
0.030029857801971226
0.030005268370520977
0.024563365742149453
0.033519871570576544
0.0322747217148096
0.0330439425246155
0.034204635105049154
0.03262185439694511
0.025855175746925065
0.03049842351062131
0.032180931846828194
0.03214720479670446
0.026455457895624118
0.017501913084797614
0.028037587488391275
0.036398298808925846
0.023569348422290214
0.03897134370643091
0.025969714261358374
0.03033110501160144
0.02446084956465281
0.03563513681052975
0.042482284688170516
0.04953952837074837
0.03624821229625309
0.04463359182685113
0.03288922896659201
0.04628219411361935
0.032824279229679655
0.032220846556438
0.03473350914977101
0.031686160473451554
0.0486295264003945
0.04485345707905232
0.0342030795586561
0.04789348001015979
0.035949446852599334
0.031884086000596376
0.03600484844911066
0.04213089429347298
0.02972228393392809
0.04611372287608741
0.03282812433654249
0.030839153656095818
0.024483860372210748
0.031163519927375788
0.031018868671561745
0.0424669069814089
0.04042539248726607
0.03384894182831715
0.022016622527910236
0.026620602640899143
0.026455295507887944
0.03463302795329661
0.030699303613979555
0.031143693907958576
0.028509763095927225
0.024559329624739952
0.03145938910137144
0.03425138108987066
0.04511020219453506
0.02389005777750246
0.02210197525486572
0.03308396369766743
0.023841119032479437
0.02286464493320574
0.028181683098017017
0.02825042535910411
0.0313899489382336
0.024127980474462286
0.0186147268334301
0.025619615438485704
0.03375007836859012
0.020739420512952883
0.032873222107986814
0.02754173717171174
0.0309935014510888
0.03169465615237825
0.037056092007006894
0.028946633179489794
0.023106663023278486
0.01915168006019846
0.02918099640563123
0.026751266226483845
0.02846761590977131
0.030312306887036455
0.022409499377837226
0.025694915794425427
0.03042181412394414
0.018817008855392718
0.02499156619020099
0.01832146079406505
0.024162645121118327
0.02125018320094946
0.03350160386424115
0.01992470269096062
0.031073519455624858
0.018696703137027613
0.025903720668066448
0.02526205151104227
0.029537234703054756
0.035596657113530314
0.029482459833122372
0.025451549719982675
0.03309671320579376
0.023889076999425003
0.04006554607065084
0.03619462249808948
0.02875222001852833
0.03085489782063241
0.029375439949051552
0.03309789907276769
0.03336468348266979
0.04274551077309953
0.03549294352471074
0.03477012288417579
0.03386437090832004
0.027837974645698666
0.03351016160875217
0.05155198927830078
0.03354861504553699
0.03181766124362591
0.023698043449453424
0.03662698600266774
0.040959927677906974
0.030670124700844063
0.040765251063419224
0.028618407192681626
0.02500211548213959
0.028776624347894752
0.029660012588193414
0.03348101232446017
0.02837034914990879
0.026747904672803535
0.02159426538108445
0.024660549945074172
0.035001896401464366
0.027098329887030825
0.027060948509775133
0.026172208097583416
0.03325181192754879
0.02968543319068549
0.029653432918993132
0.028028395317099296
0.02970079577703961
0.02059066585986593
0.032730636216548654
0.026959683377858645
0.023001575766137157
0.030833783132570135
0.019854482447873224
0.03167335448271365
0.029823175842396788
0.03117482029024469
0.0324134810129023
0.03171452606275725
0.03891751073395941
0.03449954592131019
0.026939951121917764
0.015016597734226627
0.028952309838963707
0.026663128816685512
0.02482331012850519
0.02798549003168007
0.02730810452975384
0.028812534415864392
0.026430278419983556
0.03131331722021256
0.02096370572177009
0.02801161815393825
0.029983228446073013
