1.0669969979492362
0.8663566183919071
0.8006133616624014
0.6149168296017394
0.884196223281273
0.6428621904887485
0.5620663506422774
0.5011577107800994
0.4682906008077544
0.2786878277723681
0.3799365432318356
0.32061686693519
0.34468869037722166
0.3247502186025941
0.256898375475493
0.22338748329191108
0.15195992719462653
0.3580001915533327
0.309345589504303
0.1976892594944002
0.24113674236669363
0.16763171583299133
0.1644245324928431
0.1722072371618721
0.09999882738933784
0.16176970302307062
0.13696673554916586
0.14326924740989094
0.11931312167558153
0.15672470799232377
0.18967988199280797
0.11612905433754801
0.15595147544247093
0.10397565739292727
0.07641395569291937
0.12931569206348836
0.12045083533278192
0.15341482946297477
0.10751227474037858
0.08386775350456267
0.12320749664167681
0.1573864463071712
0.13696714124981846
0.11646955336060583
0.08915104770325942
0.09660719289215426
0.11258471323890099
0.10991336399789127
0.055004947695252236
0.13251153258874274
0.10036258415501305
0.0679514180820989
0.07610634044394969
0.08184055110566255
0.07667056567722376
0.094711974433669
0.08706091305311728
0.07527349011639414
0.063339656282442
0.062464040099779614
0.08500857470467912
0.0607263133801161
0.07214110336103423
0.07394624581177667
0.06654054583827138
0.055274142168191306
0.0623386722351708
0.05414748371599517
0.05696850716258559
0.05495476684446391
0.06859707512069432
0.077127353211651
0.06571017430603676
0.06450059856391596
0.038241766724631546
0.04988851336047353
0.07853509724162888
0.062437475625842044
0.05813613089611014
0.07798144251518983
0.06587985579666097
0.06420625773661555
0.03943315433455594
0.05901392793705477
0.07013486726920894
0.04735203978310693
0.055785461671414224
0.062117262214707494
0.05085456445411309
0.034540492477370156
0.06000316901336861
0.05365710400846045
0.03627968274767119
0.05172555424012001
0.05666249078590074
0.062160331848188775
0.0493250219809147
0.04847213720102956
0.04517116823174987
0.05489580619633091
0.041754123139583536
0.030507113262203754
0.04889840440277095
0.0487397606712697
0.05279641286830652
0.038829507843342784
0.04776253551530933
0.0361368497325887
0.04681254785482146
0.027441079621114757
0.03760157046472228
0.04490569153332814
0.040658525183940794
0.03707351339586917
0.05720706662373657
0.03366355375155809
0.03912792401546315
0.04292360212673211
0.02859946939117853
0.04492035882736664
0.03502098473589878
0.03849652738307926
0.040713124244075444
0.04328244644955677
0.041611278610492505
0.05863564736545409
0.038173993952126624
0.05860487066544976
0.03181158411990707
0.0311849882795731
0.03911399594443465
0.04213473984752806
0.03676141754315469
0.061137806599680634
0.04279653583367364
0.039471198733571085
0.04095290099445935
0.03495651035192957
0.023263801988069197
0.034106884753395225
0.027765819025132765
0.02249923242434601
0.06295893868958223
0.03976395849659719
0.04121382179382747
0.03680885133811378
0.03430090617625155
0.032165792704499936
0.03697127416725228
0.027385092491650137
0.023269896656544393
0.037662345532552
0.027961809660645785
0.02988312920053342
0.03737122069982655
0.03277941102187582
0.021766138212233492
0.021863890190617213
0.024508816414530555
0.04313996512189966
0.023512763421945755
0.02320594289525456
0.028198098252299193
0.09547085246689278
0.0530610775784993
0.023139869040611792
0.04481694586288159
0.02899790337003606
0.04111249863157555
0.019503722579914538
0.02901910418045568
0.025101098736887074
0.03241920306075195
0.038307623778194674
0.03335303793289053
0.028515101610541927
0.03511320227510605
0.02652164382277771
0.04035574432395976
0.023670935134757754
0.04037344224387985
0.026345456339387997
0.03801235581590793
0.03186249303210133
0.031527712765911854
0.02877726993904911
0.03336181959788298
0.01880887405904176
0.03549683421187441
0.022638272707025967
0.025268864614590398
0.03838931754845815
0.024104192511205408
0.020473142966689017
0.032891482215016477
0.034400666879166084
0.03324643795815073
0.021673558338863447
0.02705088604876798
0.036230886542547865
0.02361784308492707
0.020151777712821704
0.025732219196847057
0.02600215632202769
0.01903233071290016
0.021377613167484266
0.022364702178482066
0.030052175818330057
0.021185515160783715
0.01943211597075236
0.029799880169799814
0.027038295666495498
0.03208254314063813
0.02457537521392897
0.0313099996910567
0.03252350664375604
0.02106763410384431
0.02795617685571432
0.03576588022652104
0.04045513333715258
0.019533931717964963
0.02673722310005632
0.025531384934356905
0.04511382769952555
0.0336864062327014
0.023845021995621486
0.029144846096867693
0.02745645765519449
0.024878759144352093
0.02676101811802816
0.027299757813262347
0.020868410937574015
0.02464881752804877
0.021180333032943862
0.019613948526151132
0.015033582854364574
0.03275335942821425
0.016437039073569786
0.01710839608288169
0.01953110294696051
0.022084823670709748
0.0245821783789244
0.03135211250604815
0.023538730081412104
0.025095164759367884
0.022803012541994207
0.02263932849341361
0.03658419808441464
0.02348865805859827
0.031974249409297224
0.017391633707902598
0.026595209823982686
0.023865164887208346
0.02451985607448085
0.016104042443705634
0.020492206585186787
0.01626087803131724
0.02786716666374852
0.023081069666019208
0.024381360925968865
0.01694155443617091
0.02947671753067736
0.01716769481608838
0.03248790634605757
0.020189903426349763
0.02664303031600702
0.017786724280604852
0.012540920041142706
0.01948042627589829
0.024188339230530903
0.01701481385400493
0.02015818701790544
0.0151833622385562
0.026643398793943375
0.024272196239221243
0.026007049737487055
0.019104417325327947
0.026024879933049555
0.02109105979720753
0.02447546878177777
0.01821152059703073
0.029867843894699257
0.020799283850759263
0.033244402612428205
0.03911473655907946
0.02062022979837093
0.03357569606960808
0.026353273108137888
0.02481021357372512
0.02562142254661883
0.02449531829344164
0.022452055003410232
0.03195087404536035
0.01538442183631084
0.018084847736165453
0.013663701711988463
0.027169826037116318
0.023352105478202025
0.016338092654059295
0.017909431720391524
0.0185202880452444
0.014604745845291972
0.029433769731013953
0.020603442166847487
0.028949567376813378
0.020033240649811837
0.02369732716076985
0.018096884393145458
0.015601374263501503
0.01601774554768975
0.022898531748154014
0.024547757605860816
0.024337991554101497
0.039341858331771944
0.01789481759976508
0.01910094925890276
0.020180714492587192
0.022770994938134205
0.011950463179428193
0.038327716617066764
0.030436483518438993
0.027115338567320558
0.01816365053323691
0.016815085927973563
0.025280563668807775
0.02651413778925484
0.019686144639113418
0.021189085869316088
0.01568591647743663
0.016080856505170094
0.02309602141744817
0.023958887672338832
0.0216311218900034
0.06042879636730687
0.02261438216331452
0.021782834516530413
0.023539002187488473
0.01806218489611091
0.023624289840995287
0.015820103086635305
0.019703147578767736
0.015912608066053508
0.020410408127233787
0.024474414850773545
0.016554833036572507
0.024825350431059788
0.019470947132601467
0.025014075931232775
0.02368983542358937
0.016337323842919894
0.019555358930703377
0.023544420067995626
0.015780848284171783
0.021748718508054037
0.009560536366995716
0.01876954032437351
0.014786931838406056
0.021717032138324786
0.012027357514665785
0.016800205216697697
0.02040441540145565
0.020844753855784878
0.01897256705537858
0.023733241807845536
0.023889672058447813
0.0196321497552266
0.031226148009330917
0.019206559866494284
0.01916488623408375
0.019621162146663144
0.017097367598081087
0.030257815359806074
0.03315789250417334
0.015297488487208244
0.02734324467379638
0.026079476223052726
0.016795473790814544
0.032071902311440414
0.018624183315545308
0.025468379605659213
0.01696877813959781
0.02376491498174095
0.013193380231319945
0.015307562021473195
0.08285255887922835
0.02753421531981292
0.027847098136833892
0.028800934504305754
0.02719373617828965
0.019469712167415137
0.020930621872619494
0.02163585507671275
0.026653457464707746
0.015114568633009442
0.015763726334744065
0.02967993935418558
0.05672923343481724
0.011845878839049372
0.017470632054829745
0.026910573982144137
