1.1087541462922363
1.0997784277826412
1.057148649000713
0.8891502398726733
0.9854751255328225
1.0359947656716655
0.8600447381568845
0.7033475088100833
0.7811139623655162
0.7493842814987263
0.6461716263607461
0.6893561503363838
0.8692290188800944
0.687967130823586
0.5960342264843872
0.4432345158394225
0.46663206853757694
0.554784727880574
0.5505555935978094
0.5003605118401864
0.41783282561937246
0.34300869324522737
0.5520044326827356
0.3738765998718203
0.34578052747992694
0.3950277528534233
0.30822118963827055
0.29096832309884746
0.4073112826877745
0.35013660962573556
0.2389098064673214
0.21540517605294066
0.14642721360998687
0.25215699570763295
0.22578065243007672
0.1984117530539696
0.27003342634863703
0.2573367394100582
0.22633745120533325
0.14908027503243798
0.17206737243871678
0.09405013508270978
0.10951702672914428
0.09705410027956488
0.11533613698057979
0.20373080061882778
0.0801112135608195
0.046618591911979826
0.0760158345419589
0.1232565063904647
0.10641821755164105
0.126036762844527
0.08541505007105714
0.07342464924670154
0.1269210432185613
0.03619634155829116
0.07175090245413529
0.07935657336205829
0.036032897783052825
0.05063276034431817
0.06211330771128741
0.05842947554684835
0.049041861667743984
0.09789943913467522
0.028235143304843384
0.02222054723952997
0.047114422698361115
0.06541270739930742
0.0640735366785762
0.018939938650693176
0.0327127847611504
0.026406818678775812
0.015211116467699615
0.028071383175078807
0.01580751520152279
0.01049093702256622
0.01960503941188499
0.01042108967340567
0.014365718213393714
0.02567433533784918
0.017371649732188823
0.015891120957318088
0.01065428003257186
0.012993595064851805
0.015009112658706225
0.010970483220524605
0.014643724466409647
0.01108077098116363
0.015119964528069695
0.007690797257652043
0.005720816501847982
0.004851296600753538
0.0029382035474519383
0.003734671422952142
0.003459412142302596
0.009038066637082981
0.0053200752965910005
0.005147076744263016
0.0070201415235582555
0.006283485069655916
0.006818525414224781
0.005071003874665187
0.0019585912972419684
0.006903729702929307
0.004790626775571936
0.0030317038273125004
0.0018587072863944728
0.0028810752241014985
0.0043567420056941355
0.003900765804333429
0.0015369126846289888
0.003495327528715729
0.0013404660521156946
0.005046822599207018
0.003252793385592969
0.002380850692873759
0.0016113787890467256
0.0019696868518149094
0.0031686571793093045
0.0014955671727865647
0.00121946154760173
0.001935905789688302
0.002358593478897635
0.001612533375280445
0.0022929443587450167
0.0017617769708933961
0.004113665073338156
0.003322946169197685
0.0017788126084574089
0.0013230463624549988
0.0029046111885777043
0.0024063231294161385
0.0021639574506697947
0.005643532379211378
0.00197271544243366
0.0014207659974736636
0.00203129143610703
0.003414274181120114
0.002992893702877713
0.0024411208945250796
0.0019860135653052106
0.002129293140896303
0.001190636646488561
0.0033880886702254325
0.001035439934410355
0.0013413109652194925
0.001442429013492986
0.0032371097436226363
0.005150483432563592
0.0013465288755039682
0.0011341338114831013
0.0014856137904979442
0.0016370268268586052
0.001328029852489449
0.0018541433499897845
0.000981251976932222
0.0008592873426840555
0.0013527497625957347
0.0015972702576548415
0.000994663887745597
0.0012778104419037266
0.0013161282039893453
0.0009936296623136776
0.0011060152145160509
0.001066674609088328
0.0011080100412180264
0.0007747608457282919
0.0008840608138804076
0.00118267763872787
0.0011081594008965083
0.001158133591081393
0.0011673374419796075
0.0009401379277341963
0.002654927687663387
0.011348751630699047
0.005779298249527441
0.0040777742632583215
0.0015159672472024523
0.0019658840694880397
0.0022767724158359584
0.0014763876459441714
0.003560314331968141
0.0010487038577564817
0.002967901259762321
0.0026905526620899954
0.0014051996041629065
0.0016754964808717754
0.0008451254878291764
0.0011280160239266219
0.0010656949098936145
0.0015204966903743344
0.0015395145418785848
0.001204918569237001
0.0009305635051756439
0.0011228509707262545
0.0010870164186969537
0.001119607990439191
0.0017723182077409802
0.0010893902679358397
0.001014401876707469
0.002440266888074346
0.0032754564896158946
0.002538794785029378
0.0011025896299843528
0.0034288018446859136
0.0008841050838318454
0.0006396698450138264
0.0012827907482395352
0.0010652980621251808
0.0008269156984098997
0.001068378370461177
0.0008540950368486261
0.0009495523159439251
0.0008079081694976632
0.0006825129814459872
0.0032433887415720215
0.0018577528358792211
0.0009440756606521597
0.001821715989930188
0.0014301652617665246
0.0009124507803383548
0.0008692463735030317
0.0007265886953629244
0.0006950369437000081
0.0007463105565396507
0.001119574736649752
0.0009689279454621584
0.0008852704425122539
0.0007610330517804889
0.0008776127788961855
0.0008554671332975232
0.0015358659608278294
0.0009393747118909291
0.001746364499550824
0.0009427367043386431
0.0035060711630626297
0.0007414633500350373
0.0010311706406497159
0.00687131092285394
0.00532447561562256
0.0028667507311806915
0.001160994956011629
0.0008646793802936419
0.0012781364796001483
0.002049059330989321
0.001745084919184198
0.0008276345300949623
0.0008908947823301502
0.001027606294461071
0.0009496240668292535
0.0007829035281493365
0.0007036571045823794
0.0009174304186514163
0.0018660340836474595
0.001213584045105221
0.0008546619487024591
0.0009574675386299842
0.0009270690162910574
0.000908286436906831
0.0011208528966825454
0.0009355568566084178
0.0010516304232324753
0.0009120620352286257
0.0007630672759581824
0.0007585235257485496
0.0011047184691062543
0.0022402138501743936
0.0010337326710363678
0.0007779115521795643
0.0007055904125464126
0.0019005259910892084
0.000780427577714623
0.0009796299510515163
0.0007883148269951708
0.0006754575128624154
0.0009150018722551603
0.0015808336038590047
0.0007812206964175331
0.0010621887362838745
0.000807751970069338
0.0009146627288579847
0.0009249165198381126
0.0018779872285026196
0.002119531711309905
0.0008945847684720263
0.0011461441827438962
0.0009570419432418633
0.0009694546971637233
0.0018851073833998147
0.001905967116069512
0.002100953311059101
0.0020148671632582056
0.0011412896818939133
0.0016931769017042787
0.0007959875332051025
0.0008673601880328669
0.0017039748854844653
0.0007420885616322896
0.000868523618998721
0.0009154255163951787
0.0008720559572712473
0.0008894462729676651
0.005077691980293163
0.000843202584986346
0.0010728993352190643
0.0010854015378401296
0.004537141895470863
0.004877964849341045
0.0011015630615506685
0.0025535654868898425
0.0009284563903632388
0.0011449596187375964
0.0010656168059908812
0.003561341425685917
0.0030481411472418024
0.001214574495752095
0.0011811139461256333
0.001203698276965117
0.00217735325500954
0.006136240518643579
0.0074568880438049545
0.0013184205980939963
0.007356830958139264
0.0063470772701613
0.009111881004163916
0.0029781597606978513
0.005393443046302212
0.0014005440743608106
0.01199900395350266
0.00839598710737653
0.004627466293464932
0.017750776817076985
0.006141609318054008
0.018196130464798142
0.003279795280960151
0.002045349405372881
0.0016281683423435486
0.0017965495764557366
0.0015492471570495926
0.001770022278548634
0.0028844117594622977
0.004948517899968518
0.0015609950226424657
0.0015016776527372218
0.0009058784420431509
0.001155849901379341
0.0012178377883166527
0.0012816649416064279
0.0009337119196033205
0.0011456131913243467
0.0010966961621075096
0.001212502455803247
0.001680002136888856
0.0010392958734008178
0.0008763080865060125
0.0008528889452137339
0.000940769597801055
0.0009098347417196076
0.0008538594555637495
0.0009032126957782176
0.000946266261472033
0.00108653450125909
0.0008886850583997606
0.0009130272589285961
0.0008971569297679451
0.0017786970315722846
0.0008911406852805673
0.0008723451295603084
0.0008357304738357332
0.0010552591583134175
0.000721692500531785
0.0009508504809032335
0.0010069822532644593
0.003412968534121429
0.0008155884832109987
0.0009958575557563922
0.0010637618349736808
0.001767583994936155
0.0009803979750309488
0.001111161415279401
0.0010804204147464662
0.0066904292701190846
0.0014798197757759414
0.005196971385712757
0.001494565497006689
0.0026785690086734973
0.0020514097142503946
0.0009291809771796493
0.0013091850365065892
0.001246989629896719
0.004521377859743206
0.001168626602515086
0.0010384155372275823
0.007883687256759841
0.014329793111982856
0.0046545763075831696
0.008886660358623375
0.014137460974405405
0.021434231593972224
0.009919579379993987
