4.260497855680859
3.9944305340147395
3.9484920503602394
3.7295064259203814
3.7042942886691614
3.5712462012533406
3.4038515364610986
3.2844855150776953
3.3948199331759747
3.008143152695807
3.023555098481807
2.986172945354861
2.781866103236461
2.796394046659716
2.774635447535353
2.806225221818747
2.6523039282824348
2.6190128762619826
2.56249858674465
2.58914980914325
2.5918198938576724
2.598961483808885
2.5859579366304795
2.499587953621615
2.2694156404252097
2.45765230761212
2.4702304157258146
2.3561092359890603
2.25220186578965
2.2002558585911314
2.2222252405654053
2.2696614693893804
2.299148946868135
2.170479677678011
2.16036038475335
2.084319453938556
2.013065889776459
1.9637764737396046
2.103024817434209
1.987633113377754
2.0208272252776975
2.0297243994298757
1.8981899401562956
1.8548726244829232
1.8753248589123437
1.8942255412546487
1.9076064231652918
1.8415163906854144
1.7857524271750442
1.7982915063619072
1.6753171409147796
1.7382003539680908
1.7959777070558978
1.6378015949817821
1.6010707161046214
1.5715901588716892
1.6660660080298222
1.5638202651469815
1.3899598082999096
1.521764543320478
1.4489131150654873
1.4459010825738745
1.5408133965829403
1.4142961778974965
1.5026797753233103
1.255761628737573
1.3407820293467785
1.2437617417379103
1.320532937120462
1.395176616813583
1.2563677797419923
1.1847095856808425
1.1602194032361641
1.2585825145751055
1.0009291205186694
1.296269569266263
1.2079025855077057
1.1961318864878063
1.0840860777143742
1.2286960704280252
1.118721115956774
1.1225321205683052
0.9998286459305975
0.9750139745830128
1.0053641858228948
0.9022704679611919
0.8657497322655375
0.9000949323285269
0.9636056109928809
0.96991180515447
0.9599769180619152
0.7033030133437771
0.8691222537546153
0.7950972800460737
0.814523181499014
0.9258921466242878
0.7975221140538944
0.8669724776437224
0.8029252730772123
0.8837661437931376
0.6464588044551126
0.7480516441181848
0.7901748073534127
0.9074545801697453
0.6836037375047052
0.8225038949301767
0.7994285792484822
0.5917606534374316
0.6754441564088338
0.6779328469341462
0.760784110427948
0.5557740226712617
0.7733649591180447
0.5876745018634515
0.7281688470048499
0.5700761431973486
0.7936676354044211
0.7110280752143081
0.680164519658134
0.6615738804995209
0.6000377138828374
0.6212863085093968
0.6089909608946144
0.6071182875660758
0.5435684530365386
0.47145908636823275
0.550091069712114
0.4353510265257493
0.5084165570747572
0.5582822670271949
0.6274784357447624
0.4151751829440421
0.4041511652318718
0.5042539420940774
0.47847930147805584
0.5060702601524479
0.4650134633270592
0.5305136613855943
0.3692194703709088
0.5433935228775906
0.5787648776841372
0.39403636794039054
0.42836070337882654
0.47247068206113296
0.4292652359514224
0.4301395299400445
0.5229162325150448
0.43872415237298446
0.3892903610969415
0.43445761320200804
0.3955903436314293
0.3873480744293315
0.4545835751259129
0.3730883646300923
0.4347081983702491
0.35100715046051356
0.34277595637982505
0.32564468467736785
0.32895488494832453
0.3659898928583915
0.42707316958508457
0.3594557838618909
0.4061701879297699
0.4022084662809354
0.3545334347605028
0.4297573074908111
0.33570104690228914
0.3257331158574739
0.35942279219445045
0.3071819374261918
0.3727878070667915
0.2928593280331736
0.403891811802506
0.27366135014409626
0.22816097443746647
0.3343187056242124
0.3133315733114136
0.34736830991466755
0.3282422645281168
0.31475266954637043
0.24498350043179187
0.36996114527843627
0.30151307712080766
0.3449058253760534
0.25429883262827574
0.2451645107248368
0.3036126489605366
0.33391268759837195
0.2714616847537489
0.23720868594719313
0.1954568305206979
0.22164676549855233
0.3004546435559707
0.24501618941966985
0.23117995699294477
0.24284364505601727
0.24986721200639
0.22765127760473858
0.300103132562751
0.24402562652935383
0.2541598233109604
0.23737680751264117
0.2292426596495732
0.15020029646849026
0.23892484157548668
0.2666243541673365
0.27021134057508
0.1458681476713795
0.2325606734224069
0.22851011665067808
0.13417974024798168
0.21663814908079043
0.19355559638902975
0.18329796514525104
0.2259570156110128
0.19527315399518183
0.24335801114413985
0.1834422870836628
0.29140124887604846
0.1787459527365038
0.25642286170697537
0.2229895179846046
0.2263683067853577
0.18515164260541214
0.21554261045412418
0.21499986587800385
0.1822119262093759
0.19165593891043992
0.20123431475823345
0.20245140566527345
0.1883591997484245
0.2338063162032443
0.1916027293346963
0.21500962279171604
0.1822220264000085
0.1914253229406175
0.2057950038689315
0.22234498392336496
0.22501602702379833
0.19882195391061847
0.1848478416625675
0.14610507996586847
0.14537037482825593
0.14211680336671567
0.16954751695599
0.19007116439982732
0.2161870120729034
0.15809517063609926
0.18094782763551837
0.23614261674007886
0.18000815030620965
0.1400552318671383
0.1373260857803294
0.16057675676387698
0.20076623190588191
0.17640503806996713
0.1530193253269269
0.19755396248259244
0.19858538889042338
0.19631876405488016
0.20094446712187158
0.1763605455858632
0.1461843881152498
0.16230728970150202
0.1475672789822146
0.12415247328458934
0.16448760173214078
0.2032212393607476
0.1751395802086825
0.15793568085892967
0.12983016845090978
0.18816324673381543
0.11599760657125438
0.14406203619799557
0.1732849552979951
0.14181307131516827
0.13355184601400708
0.09988000636539422
0.15715539783613902
0.09553059753380928
0.10519686978587588
0.1489243862224309
0.08625883530896206
0.09489481746537462
0.15351387015907875
0.11914869703845962
0.12023255709985559
0.13702913773259073
0.11527498666160418
0.12707907239592953
0.13138010490281382
0.12307145306614493
0.11546774554356214
0.09872362787445627
0.12256887670829249
0.08944602125475545
0.08590319222591551
0.13733266408313782
0.09203839208996513
0.13021294576129566
0.11061390793092596
0.13733435377724684
0.10824552416425182
0.11713235217269347
0.16336979784196137
0.10319834926946861
0.09390330054778748
0.096758524976861
0.12873316151395686
0.10288138775047781
0.11325297124100273
0.10303590116069912
0.1585776789713673
0.11235538189901535
0.14047757375054776
0.12097685113926156
0.11914296318826276
0.12690492445801782
0.10266015801367871
0.12251228497196509
0.11400415960586263
0.1197662233716666
0.11439878483591462
0.09387846909254435
0.1436687217462825
0.09947363768039497
0.12942372986312253
0.08786337645597578
0.11899951324190088
0.09632336391375368
0.11865365346076095
0.10169658429644682
0.09251656038233358
0.1058595433853811
0.0871343189421904
0.10758672395079724
0.10575556143474556
0.10755831735694361
0.08567392840099582
0.10670173061089969
0.1149120011780517
0.08624774556165295
0.08475876474848698
0.09923656936874566
0.12670054357154803
0.09203734710010444
0.09704874150304213
0.10892922913887904
0.0881448026122901
0.0832179678013771
0.09375367862497232
0.12438976646947912
0.09635986748030317
0.08549342130895525
0.08993458960054573
0.06974745558317219
0.07645376688968478
0.08451547674307745
0.09979456282279957
0.057398746918989316
0.1294836131261348
0.09513187363714393
0.08224276113628286
0.09791119817200396
0.09204017802238099
0.08167866904379198
0.12495394533543498
0.09876362055554029
0.10130761823863994
0.10811729415512665
0.12963581159522686
0.08068798824295464
0.1115492714640636
0.10606930968161303
0.11156019694025392
0.11446911630497596
0.10644310884538599
0.07189171993231112
0.09828255136322508
0.06374847277890555
0.11172087797607363
0.10365319177975933
0.11529931635938466
0.09437726493416361
0.09116156003036757
0.06363961605813537
0.11420494212912682
0.10061032875273186
0.05558227969007784
0.09561730875965996
0.09706391863437705
0.08011065310907996
0.08464106490878573
0.07153772953084439
0.059581111434279486
0.09577705956695792
0.08596685422394848
0.05914571888223698
0.060067098896372
0.06807141376557727
