1.2098335923200092
1.0685901273349603
1.0226266145795526
1.0905225005395467
0.9809379094109281
0.9476892038741868
1.0286323969123594
0.8021694702275776
0.7521645088193656
0.8210628979499328
0.6906388305108224
0.7544209138794381
0.8426779806434588
0.7570046442740903
0.5446691697585269
0.730066858115211
0.4624007482809275
0.5701907137903796
0.6582853128921623
0.5378367535237907
0.4167149817426945
0.5845966311664321
0.5546492226112583
0.4872186351288376
0.4730709140570529
0.4676463492211044
0.6457262232965261
0.30254330476686325
0.39649801032528453
0.46939648112249566
0.34132505487002085
0.5098271044256666
0.4501317155913722
0.4206478538477362
0.47776108279894725
0.4187698885681984
0.4692744192557622
0.3937011231033168
0.2825351386695834
0.31457320288994256
0.2545248212164978
0.25940918039270544
0.29849787738972083
0.2963199758191136
0.25696345086939065
0.21050425058793415
0.25766770170033787
0.1909825822618834
0.22509630634679945
0.16000513288267565
0.2514500757043642
0.18028198041865326
0.28414073661908523
0.24141510907464192
0.20490538606229225
0.25450243148678553
0.2094505809524541
0.15354717222287464
0.2011045958520985
0.16821388514251345
0.17678317132835986
0.11836835068451382
0.1674474798950723
0.1629777293682751
0.1588573590169356
0.1778527577213384
0.1380482436383207
0.1346469731848505
0.14957940773779396
0.13132169258121024
0.13345261807088307
0.0861237551299985
0.14568674455450153
0.10463892197032776
0.13629426478978118
0.1412263986970444
0.1568232028796019
0.13397336497705592
0.13723945763996256
0.1278710876403278
0.11547938696737588
0.10499401189642381
0.10398485915393565
0.0900290396805787
0.09161783701181932
0.07595589344340899
0.10129146193400733
0.10709081762672323
0.09236147000557353
0.08293715659560462
0.0811796820799742
0.07764760845519357
0.08276766451653939
0.07544300200377173
0.07999423319922502
0.08980304690458338
0.07106841534872685
0.056947228204229615
0.06121886759848918
0.07128063493577635
0.060782663846704686
0.05720098867199021
0.06443057253374215
0.05539684365870112
0.07272601526527843
0.04678618153358739
0.06088622290236316
0.05958144555329385
0.05583857701899939
0.05930430448858846
0.05341739675305461
0.055545506618156694
0.05094789699098908
0.06653635434469132
0.05834564203469256
0.06681555461607676
0.07092784351385624
0.05915467699293181
0.05287891930496911
0.0578885555710709
0.06629865334895264
0.05827450640746891
0.04920788553833021
0.059519657563618336
0.05253794472676271
0.044960026711825675
0.06018639068666626
0.06346796505535672
0.05540630106838157
0.048866447297504244
0.0496125624833125
0.03818300530260579
0.06798027741066634
0.04239478409279278
0.032338467532611624
0.06694405363723394
0.05007065656441696
0.043131530335898685
0.05536013242293798
0.05448544850496828
0.04897631025181888
0.039929275715404625
0.0427235543019985
0.044180673793146365
0.037589268843826885
0.03825543485027437
0.044647248951092934
0.040588457467661064
0.03844334448939714
0.03833528753451744
0.04613575683085539
0.03852180331041935
0.03418561121193322
0.032612010876836635
0.04139343070286584
0.04324782441133528
0.032127996320976834
0.025357380980911486
0.045457681421257515
0.038223609706545446
0.03368270025643929
0.03165927970126898
0.03213619492461882
0.02473212793024698
0.036921892164126544
0.048148645609389897
0.04026075393538273
0.02568826865166255
0.038318465560891586
0.03469717829192971
0.033398042519833214
0.02210444761897539
0.038826875660753386
0.027056247251667886
0.034790207754481536
0.03125115373153047
0.03041307284939563
0.036644969648852804
0.028362358036111368
0.03888742288505434
0.03242606328313092
0.028835823975787246
0.029809753662987333
0.03685821130888023
0.0279391774472093
0.028331742991243573
0.03663783840109937
0.03579027334701467
0.03673987733059524
0.03065738376212218
0.02511222225382318
0.028910772852653595
0.029468484307250388
0.03781781168853054
0.04505386280358429
0.03085488527018191
0.02913068804336328
0.031155840872201346
0.03648212194074775
0.03410477708863198
0.03394510633126604
0.026919994767150412
0.0342441184199446
0.03325059743030389
0.03533908802450641
0.03584322218598626
0.03746239619438568
0.035365064350956994
0.04194679818350125
0.05040189441857133
0.04895556206046657
0.03485127602971141
0.047053708042395226
0.0384889153960462
0.04241741915405793
0.03623650668532108
0.02989251808057078
0.031940347004340376
0.04179028202736408
0.045638838788129556
0.03556785445113266
0.03740048175419449
0.030306536648080824
0.03403179189751683
0.03626588938782765
0.03223433667752586
0.02432436554697022
0.021843375514706123
0.03402697465890771
0.029293834350098025
0.03273032134998054
0.028725832178201505
0.031437626789886736
0.024262588921839117
0.02945831830141693
0.020045935818082915
0.029623074992320326
0.03325701356747216
0.034682045054709766
0.021945711170976823
0.036868075010855386
0.025900300907174878
0.023596551307622622
0.02684938925157963
0.02887439405443948
0.025750231590172912
0.019950906231376922
0.02315744187887908
0.023503414182521026
0.0253629738686927
0.034795161132700377
0.03238642215350508
0.029731108608715723
0.032586985520972424
0.024611559260078388
0.0350148428522744
0.027561030871538116
0.021572842435295694
0.020685295237281673
0.023108542606818775
0.02175374543594521
0.022458797955867617
0.02524593024455631
0.018634708732215156
0.019066858510625347
0.018478190525631606
0.021813553793859616
0.03131640583203772
0.02375223101495734
0.02761176640842459
0.027699811624263927
0.02468789326229797
0.021594509521371194
0.023172570885547996
0.024548768077895636
0.024743529122569753
0.02605762967829644
0.020600003330482175
0.027165158078606078
0.028472110402442213
0.019389308420287993
0.029627783926997824
0.022406089813061893
0.023175364815234294
0.021181944890281048
0.02704887138518135
0.023909675174554126
0.019940960430950068
0.0225587147325435
0.026893765410723015
0.022342843125252938
0.022104578970834086
0.024816968191483837
0.0226021395994635
0.029147118635994694
0.03139261247494119
0.03446457290787107
0.03180590990424519
0.02369368897873538
0.027288173776207125
0.031493252072417224
0.02174633643020885
0.020752354424116225
0.025985050086521338
0.018446507395851956
0.013775744974949197
0.019257257684440053
0.02131653065000618
0.02637516795910891
0.022672830821126276
0.02313842494824756
0.0247527874803277
0.02253779067907951
0.018330528726988548
0.021706813715949957
0.020031404284309984
0.023736883313328114
0.027448074505782093
0.023908623169715527
0.030845467188867715
0.02715541555186224
0.02324089559090709
0.022150389297151796
0.026705516536708496
0.01932482874602297
0.03220938130583519
0.0270259270692109
0.017237381103912236
0.01754516822879131
0.024877827843765566
0.021914741022885993
0.024901328625283572
0.01916339014015874
0.026294609830140075
0.027096259624349833
0.017967623972216438
0.02661796830391493
0.027139155278276882
0.020584206201475514
0.018896907194843236
0.03134243045387976
0.023953780617419113
0.016942719137598476
0.017722311965038914
0.022203901265154362
0.02686403047909734
0.013844163147851496
0.018425007521821954
0.019771964634396306
0.03099181657855395
0.030885542315311165
0.026185565188855738
0.02134745528532905
0.01966270406389723
0.01746151736258202
0.024216255021586572
0.02141214338448094
0.0219836768324543
0.029890309249823038
0.027498511616608524
0.01956980968412563
0.023686480350309805
0.018203278192284587
0.028743537116255397
0.024266705192374165
0.02131527321917731
0.020485483795797673
0.03467776643230212
0.02916952005750611
0.029436581217466857
0.026217250404117716
0.024086809621139064
0.02877585890378978
0.019788208777740717
0.016184545071804647
0.02114241656626207
0.026876092985334492
0.02173619544095939
0.027695544597053617
0.019077664740181022
0.027349672138387477
0.018899563945594396
0.018867960409190754
0.028454745690131584
0.01978515841390923
0.02373952920627383
0.0177287375495974
0.02117040889085947
0.024573304413793223
0.019457126683062726
0.023804083732847252
0.018142620690589317
0.02124998768086705
0.02104736314026546
0.022521937545015545
0.027731589521557444
0.0163831913079496
0.021139161750504273
0.02332372859358374
0.023661551728382448
