0.8599104863868818
0.7894888073818191
0.7040403193729502
0.7535184042108406
0.7507703578412118
0.7491689074998722
0.611107767815857
0.6021936592552565
0.5072812100667348
0.49730659954102874
0.5607301514490242
0.4380009760668269
0.5598938595740498
0.4510163407585856
0.382290522917541
0.40820561493826313
0.3822567513853893
0.19083159744243341
0.34147678242111257
0.4460776907413254
0.1990413294306235
0.32441680920134724
0.15790882214545934
0.1936470345748982
0.1873174787193384
0.1922885080235986
0.15660471809260684
0.1261256731317139
0.13291546314989097
0.09558553542645656
0.10002339778547545
0.1201542362689741
0.12283943919892415
0.09691676154317751
0.07739439107036312
0.11033657664123316
0.08286740725999091
0.0754725319454899
0.08893123981691234
0.08587930833305209
0.08857783163021486
0.07717588061657413
0.0633171953426168
0.08272828933448707
0.0767647895706239
0.06277839449951686
0.07605689731141056
0.09144912419489545
0.09422392881437636
0.06693756052267176
0.07583141717444253
0.08412907982546897
0.0796896337788795
0.08748550687725079
0.05808400768712222
0.06179180352966855
0.05367048187291745
0.04922198626674028
0.07699852864064229
0.04795153366998131
0.041488938174658166
0.06410080689086237
0.04288574722441425
0.06411999658175208
0.04506107066685621
0.05419582137992377
0.06867761965251815
0.04320383598497276
0.05158259123885374
0.049620984477735774
0.06149143749842247
0.05191717237011537
0.05149797016924408
0.05944188474448089
0.05874666927856833
0.05607920156504912
0.06380750733471549
0.050280176240020236
0.03558735633308039
0.058031589370660684
0.0493233797119153
0.05355003591489933
0.04096146855632024
0.033579518699858965
0.03263898996227478
0.04770778580170891
0.0424672787948845
0.05398809997709134
0.040490400743408025
0.038421396434481295
0.03517240942633721
0.03700196726069073
0.03885847063261958
0.03831727634293216
0.034780173233060756
0.042576261819172546
0.04058552156114037
0.027964807440265794
0.04414409424716283
0.03480605465332355
0.03551260965750366
0.04750239779553153
0.03622914956097452
0.0482779446866488
0.02693010247637595
0.03958819580852509
0.031356864315015456
0.029218316038444346
0.041417783378686894
0.03198057662080241
0.041269454964515714
0.04029670513404077
0.03307666727711532
0.036451185136033376
0.030932683460326082
0.040672177023018875
0.03413488680442778
0.027301282385276758
0.031185163500753434
0.03307929557786217
0.026065235774440226
0.024865511117207285
0.032861950376620264
0.02800977695346269
0.030526261817389894
0.023093001396431674
0.029348312408699468
0.032299636223658286
0.026524459510755098
0.026185282623989576
0.032117886927668635
0.030568448032114698
0.03461429846351744
0.02515669341195457
0.03271590814253132
0.036973034836080644
0.03297046374266514
0.023771679023031643
0.03285150828679826
0.024906476555950775
0.029970808430176465
0.0271378083282785
0.03289028866933387
0.019602773902454802
0.030186693512807627
0.03250853699738712
0.02200771613611164
0.021931746241642795
0.02450079320573372
0.02599808975681602
0.023712985112721678
0.028079648119304995
0.022072577427303484
0.022253396644919016
0.018023978505070367
0.02217305431810534
0.01862765571239413
0.024064287043794545
0.02692577336133607
0.025150412680155415
0.021558092943904945
0.023049251049021436
0.024206038417267844
0.023127628189244766
0.021968500526609102
0.020429840183995664
0.019376623349913847
0.023845388691510504
0.02488778503124541
0.023699114326531445
0.023308184039105555
0.021711649656548572
0.01453704977843632
0.024581596084404026
0.02186680656476468
0.021498418407017297
0.01776192910948359
0.019867621957989086
0.01987656208571863
0.023064167109915466
0.023376390234140475
0.01859218146037716
0.019900147461817896
0.01634163739155204
0.015195276429485196
0.024564557132249067
0.019063350754854304
0.022091069444006232
0.02154804780683738
0.018829332083002984
0.021498033584214277
0.016789274447169423
0.01784470552247482
0.02264158608863521
0.01485350519191161
0.013530389615620128
0.02106602424353509
0.024129572463180086
0.021256427240288506
0.012510201238349597
0.01590133609429394
0.022435602589034254
0.020707828339787786
0.01876063765399909
0.013810782212906565
0.015327574763567659
0.016188501553022514
0.018169437783907998
0.020792705060328945
0.017751448267332402
0.017372880998297154
0.01931012138411615
0.01897336273976008
0.019147818900932735
0.021083155194474075
0.012828581796577584
0.015574404404549675
0.026192765270216568
0.014704661453461536
0.017529291838207933
0.01560899241410261
0.0191507596473083
0.01447611821860582
0.02020049005858879
0.018944630855031595
0.009992790933886225
0.018221508414179178
0.01892952128691134
0.01696395563754636
0.015376802070002516
0.018465043429378537
0.02050831242670865
0.022228795807103123
0.018956339997620357
0.016477431866963543
0.013846775178576487
0.017900227587471312
0.022517574943855177
0.018874303825747375
0.021865518802297982
0.013627739084802368
0.01173220281068954
0.016736474228852476
0.013192810068687218
0.012926504119737725
0.012225199497510416
0.011424089866008989
0.015362711470296293
0.006056238316905959
0.011310492286166703
0.01620022582820153
0.011774904428078572
0.013703524144872517
0.014926923111656077
0.01598412286600715
0.014523843547106226
0.02186368598886616
0.015604337982131445
0.014404209999209192
0.015681325429880218
0.012782001347722494
0.013801687876535703
0.011061918442316104
0.014534425042297558
0.017878043226170412
0.014008543994675013
0.01719276844072217
0.011440070151776456
0.016554316459792905
0.012317331307700746
0.013314521327894225
0.01320169115742614
0.016316632737418586
0.012066201828585942
0.01496704833020138
0.012622608702181171
0.016499508471331185
0.012009702573445817
0.018889111376026245
0.010299239759781285
0.02053135823308594
0.014237602744130528
0.016399661967882666
0.015919844730364126
0.016177012386429754
0.021398444210996306
0.012405576600882288
0.012645582958057427
0.011218939807490997
0.01215807597444704
0.007935440027487252
0.013829459967858889
0.01413770539415365
0.019251901790799164
0.015039646785151514
0.012228072384387004
0.016697410260572774
0.01452545978375575
0.014140118236166798
0.013139943336432175
0.012716142236726836
0.008508372432787105
0.01415310123176101
0.011536560367012347
0.011237516747144365
0.007736366317855514
0.01343337416239011
0.013177119010683882
0.012008127293128662
0.012052767666680033
0.013871499260400896
0.01660458486545781
0.010207364206737067
0.01620406453046068
0.009149101458361527
0.014723186437076338
0.008914068998083495
0.013322671016728438
0.012109795980919316
0.011911674913409442
0.01633319597024024
0.011300150195738903
0.009364309606824262
0.00954396105430198
0.01342643071379702
0.012925902088414556
0.01138402330334894
0.009693029669495219
0.010872557012623065
0.017895888009029314
0.00711138939850912
0.011214377633939763
0.015266026466693599
0.008799164575288716
0.007358363880818261
0.014400837521415572
0.01243236088950242
0.008927982952879639
0.017538312774673916
0.011919213507963124
0.009048787908587024
0.01785296518758491
0.012636751917285236
0.012687527180133707
0.007718929174719581
0.008620455561022531
0.010848120263836285
0.0072485437123421745
0.01496068829700165
0.012829875757498133
0.0074578191738680745
0.012763128156302605
0.012902099807413175
0.009650903125846955
0.012418968672929067
0.00854012745104506
0.008464674601250001
0.0076885811745339375
0.009957076379036457
0.008958775244863522
0.015272658279564966
0.011142979360941505
0.011487221224485773
0.009913395259809273
0.015935527201363202
0.010414365825456563
0.00980008822109956
0.009985175785111596
0.0077296416297004565
0.009977132487438225
0.011380053520125343
0.01103106894129966
0.012520173812195886
0.014432050996386734
0.011057476641296386
0.008514547061531593
0.01240345188634179
0.009663091201333575
0.008368749878648992
0.015743997426178363
0.00837861909619571
0.018000190787107385
0.007987555339329246
0.01202769497041441
0.011998622223402432
0.011923699730496133
0.009659404954854938
0.012516026052541698
0.012767988518238932
0.010151111608370487
0.010423563040072241
0.01554679672169732
0.007557273582074161
0.011688442521608066
0.011156761081616045
0.008871555687077756
0.012402815147576997
0.01038157231072345
0.00933703209526958
0.006019465469401863
