1.4607824929546565
1.298255827363075
1.2003379395258142
1.2101194090237337
1.02494665772816
1.0446480635660478
0.8999064530886368
0.9389182554242783
0.8305454944411634
0.8495588963466417
0.9056708735382305
0.9521779780422295
0.6557998942814517
0.7312107479601766
0.6599547456906137
0.7853626504188136
0.7346999391203932
0.621077034795488
0.6753639975442336
0.5720626489095187
0.516790351058206
0.6003491628884302
0.6689440502318098
0.5899244364982217
0.5864277968433698
0.6489333191060546
0.5030043585485254
0.5676018786825331
0.5015572196894538
0.4889146296472499
0.44369850074668105
0.6647651208891856
0.4938415423793778
0.44436826745410835
0.47641497193325427
0.34568556788607835
0.36371307857549845
0.4079260910335164
0.4281267985090511
0.38244819522454065
0.379182077537386
0.40839386473155537
0.40634637776687094
0.2526539398413891
0.37943163390030277
0.5000257712640895
0.4290305114165342
0.35406908075510635
0.3532611592302859
0.32992891660045837
0.4029089984064485
0.31726521875764474
0.2921706552627401
0.38477915760268416
0.3362756573193385
0.32661873187001544
0.30086339630774867
0.3924706729234033
0.35337945422383793
0.27704018904182753
0.3522598387301875
0.33132936330640383
0.26945575350199913
0.2311661719822235
0.2717165777299072
0.3451410232976556
0.28823710205306213
0.3012063826440533
0.2584489728610129
0.3391241785313447
0.28513270551158404
0.2762250090526563
0.321589511155827
0.2678693711604388
0.3243700920866194
0.31821533428208654
0.25347304458839115
0.29192642951137154
0.2734229371248949
0.3290295492525924
0.2765181782220081
0.2392370584458245
0.2229813227089794
0.2351153763719779
0.2987861773164173
0.3037455459129949
0.31079597973842643
0.2486851854030379
0.19844374927100034
0.28894677797266094
0.3159396562524113
0.2914212560594406
0.2062298683661481
0.19790755940621868
0.2619959591852605
0.2586675537045028
0.22622139611496248
0.2658328884942543
0.2973093464157382
0.3019293562957054
0.2617250352128004
0.210466849604917
0.19796342366007186
0.2566045930271469
0.22882173011447357
0.257370593870746
0.2437118939874507
0.25203407157772206
0.2534563902061313
0.1822307223563601
0.27352124643197145
0.294595074065457
0.22843322408118388
0.24183054378195537
0.2750989181778961
0.27511633977283795
0.23067247393657123
0.24490471404567
0.221011843836654
0.20344354549790283
0.22287586395796577
0.22736442203832855
0.2229410851657599
0.22394793826365586
0.252491695324292
0.22671621715362975
0.14439371124736183
0.184122691287555
0.18491775550970416
0.20517247532496147
0.2021475292599888
0.1988438663501124
0.2434555638026084
0.1479883428953838
0.2555623775751603
0.21535917795584142
0.23463102509077455
0.23651298980735155
0.22785092619002228
0.17150130091711327
0.16199258253799056
0.17427221276665872
0.19064875760774408
0.18136814476275973
0.25324573243512216
0.18257491511622922
0.19269004907172882
0.24623698362675417
0.2445083165600222
0.16161930865761204
0.196013087965472
0.19114073156638367
0.21478622728072655
0.1737584594676956
0.13413815889160227
0.2031270343527467
0.21504487469307132
0.17504097361407117
0.15960897716546277
0.19396313564752124
0.21305819157946576
0.18787356720811305
0.14045811320819684
0.18058261476972354
0.17253673753998963
0.14598093637101628
0.18727579528467866
0.17973475684571624
0.19276726755835316
0.1944257059133151
0.18171064131973927
0.18714187914189656
0.17587166468604898
0.151491165706771
0.2016023579232104
0.18944655921499015
0.15958070388608078
0.16576158389443132
0.16821819792910506
0.1547582724093676
0.2406608943539919
0.18951430433630076
0.18657806537906763
0.16803329624893906
0.18164087949491545
0.15467837230041653
0.15756186779543624
0.18536443899891922
0.21254790041559785
0.20193359488253212
0.18644475449553938
0.1297578342451377
0.19604483537354536
0.1636701174815173
0.16565343836039484
0.17231292237211493
0.19875054365190198
0.14916981721902756
0.17320546626837147
0.1024477425553467
0.1854632017599359
0.11863692105682415
0.17399596357099073
0.1850090035631602
0.14928657234701206
0.16800663470024096
0.1548421930403288
0.13197807218868865
0.19810002546865343
0.17697885181728626
0.1454898602680867
0.10237677790567797
0.16432170991968142
0.19268228465013745
0.17171419086695644
0.1522159264725906
0.13759236128556285
0.1510553834218143
0.14330859081422803
0.1883552933201501
0.15049628046714653
0.19501614169873663
0.14106131421108267
0.1588154487492406
0.1508755627455768
0.16275892305758385
0.15921275925070913
0.1383655832431095
0.15496759615051442
0.10995990589505422
0.19612210546005024
0.13128601129997905
0.142334435680654
0.13436131660902229
0.11197805170170445
0.18093147316611818
0.1217123353981294
0.13964367373608091
0.12365693996348193
0.14037590618188084
0.15449953439286723
0.14148976012937362
0.12649828947415892
0.12898293780262055
0.1317489939939981
0.1364589846005525
0.20914172651583146
0.14362363583038731
0.14829708872178698
0.1351564813267824
0.1175330324554829
0.1416954457002246
0.14657305451652136
0.16942428460670772
0.1470375790003664
0.13070460874234224
0.13874402235045044
0.1524240459880216
0.1562135474836988
0.10139088736176449
0.14959012474160652
0.12156266734436963
0.11348007105785703
0.13405636621540587
0.10157842690141208
0.1389815121672461
0.12066305207559805
0.12606655327801383
0.1467037635027058
0.11914453986338155
0.10208265001498729
0.1219299124280014
0.12994059065335958
0.13989878837800848
0.09949765118658745
0.09018635869849592
0.1761465977443648
0.13809607684256595
0.1477858323830486
0.09609807485068413
0.13107906837298744
0.11043397795099767
0.11709911990961268
0.16941205878166823
0.12172418304514565
0.15941897064840346
0.12388315608165719
0.11838705562265273
0.11326747144622973
0.14975484851571735
0.18010905833140817
0.17527584400398627
0.1434759393317315
0.12273166012280878
0.16473473898553306
0.10082045203506947
0.1228212802913402
0.116200129848125
0.14962222751255147
0.11249611415735813
0.1424094396024194
0.14181504765247788
0.12202283793763904
0.10598506482731114
0.15382505606194394
0.154150976378873
0.15632516044643152
0.13706549281326438
0.1346064970348128
0.1445222621768571
0.10038712243670059
0.12420159753216116
0.12452484456882291
0.18037317685826773
0.14052886184926372
0.09483335064157464
0.10712909601243288
0.14270409789299046
0.13801612491710144
0.13178434750628934
0.13843295590955834
0.139522516988977
0.11100621046144273
0.08404147570615794
0.18380455258219014
0.1241667975943247
0.13794215929692713
0.11608175179530626
0.13923791985267306
0.12186024742413075
0.10565773509853735
0.11469742766794241
0.10519804092818621
0.11903408544585063
0.11087223886798318
0.13098483839797764
0.14167132560317303
0.12699000995596527
0.10040304645942193
0.11624345119723237
0.11935978088121842
0.11292369913633733
0.11506460925667447
0.11838172427914359
0.10594678135723949
0.12824502543486616
0.11437494899388023
0.13172867906367342
0.07844153369031719
0.1163423596667346
0.1497265919904671
0.14537156820310496
0.08524964017808961
0.08442388585456854
0.09371547715484374
0.11298066901213184
0.11206192146810204
0.10267603067831207
0.09586109037988613
0.10986676592261231
0.11284403855608383
0.10951515755292021
0.07065184293019428
0.1064516836507547
0.09625325803383303
0.09228615039208632
0.11434988890581758
0.10813776723728205
0.12033993288988583
0.14548140296261264
0.11577976562470446
0.12271214585363513
0.09370263332233542
0.08283297410949556
0.12291991231888451
0.11019245387072447
0.10313497498895301
0.11649544314539702
0.12769861513330866
0.10118768574530772
0.10743915805282618
0.11462231098891984
0.12390150725116564
0.11755512354226565
0.0913558265881915
0.12210065184435029
0.09951781850316692
0.10705785498411254
0.0815974816945043
0.08868461045946038
0.12126422674419193
0.11637659233717727
0.07592726192595753
0.10769640973381436
0.08797997622079792
0.10795741984775908
0.13532312681381015
0.06754518781150752
0.10416897866363353
0.11510533708850737
