1.590201329362613
1.5030854796190507
1.36295494524831
0.9711020387470706
1.162536797050629
1.055989337794513
1.047087235410387
1.0151775770056701
0.7831164745388649
0.8607221221737131
0.7347859885872761
0.726237255019153
0.7193653600537652
0.7531619127493576
0.661187782243888
0.8025807698075746
0.5348494383044265
0.6127499337896654
0.5511668749368982
0.65705958347552
0.5188792846056997
0.46709220876667173
0.4609877771947234
0.4745168829301945
0.45342288688438004
0.5033033506031199
0.47316879097208453
0.49145334846227956
0.5057948137206647
0.4141335502563332
0.44161416614709303
0.3801643164194496
0.38142490915758914
0.415752917533308
0.44246953632916464
0.3696427073829973
0.33834217077563356
0.40400413971218596
0.3719492079517288
0.46043636506814084
0.3642521424906051
0.3981105523354106
0.44502123251225345
0.38470844905202584
0.3459121302515612
0.30622656744501003
0.31844551496834395
0.3770351765611405
0.35712063352596124
0.3183598675626625
0.299073658156952
0.2761176488807191
0.33505119631178276
0.2942498512995963
0.3565178198017559
0.28640248921115047
0.31363186862896564
0.2723431552194854
0.31827453686511886
0.2899610271497531
0.2831564809105408
0.3067515407642033
0.27135737828877743
0.29138650230313135
0.25456597473482373
0.3180350792389564
0.2587916757432928
0.2702924570591926
0.22502126231281805
0.2631104780911873
0.20691772727854674
0.26962722186120425
0.2242470736439029
0.2363842530368439
0.25553524024347685
0.21833563852026122
0.29327886763263067
0.2494784289027437
0.23309807734315552
0.2359225631727925
0.22369637811043375
0.20422325721748535
0.1937148375879577
0.251004971972577
0.18731348753903548
0.21786109259989406
0.2437708846761783
0.18565025740916974
0.22296171970725073
0.25118128698324216
0.19484473351538997
0.19290955739727603
0.21591669553056714
0.21495751146469658
0.18884805625300943
0.19491703307060998
0.17254205801195385
0.20397101854741373
0.2311538207636396
0.1765971571078944
0.20638727365332937
0.16304266442741341
0.20217803714671473
0.23121559947708295
0.24133845307123045
0.172532247675365
0.20874239294810346
0.18706874447218963
0.1938885216320279
0.19002303648110347
0.15713676004712682
0.15928646638620994
0.20226554147754977
0.14082664549485685
0.16637862054568325
0.19211929836967367
0.14685161775026612
0.17582723010279755
0.1599938299475759
0.17162512090158252
0.17134056562293185
0.14663673864835194
0.16589284433412416
0.15742969521793349
0.17925124898775485
0.131001508620296
0.1792518458163923
0.1796696888624892
0.17477531301446883
0.1777941330696686
0.14929357681163982
0.16662451876037368
0.12811724748895492
0.1389882137933644
0.13214505444308192
0.16495267181254653
0.17751856129209043
0.1540358993044531
0.142081754007306
0.15064559619794396
0.1418604381225972
0.16099031711669978
0.1178618383247805
0.15750904699551968
0.14448098736082302
0.1338502441802309
0.1589644021424788
0.12533437110013407
0.14582853841947024
0.13481715616212536
0.12222210812071081
0.15471086967776773
0.14044197159270508
0.1697235285102808
0.15676383398729404
0.18165075517917
0.1559885451680007
0.1427160217424528
0.10533411113131545
0.14299882933521413
0.12715122397040063
0.13871303141556146
0.12414947838412345
0.12647411065033037
0.10484973820863364
0.14451813263003174
0.13569093882710892
0.0890383798954867
0.15122036572478936
0.10910064471092887
0.1215495448741839
0.12040234698023092
0.12946575846964184
0.12320943791782626
0.1398612569091751
0.11662128195569463
0.10743149718528408
0.1392030722413094
0.13301317601620985
0.1250813751975942
0.15113673286811077
0.10625120695584041
0.11592423640767768
0.12408764717599333
0.09976679789926697
0.12429334868095152
0.14325462702361755
0.13742160118831465
0.13373629458235142
0.12333399336229141
0.10797240410181949
0.11491061728291174
0.11324528771173088
0.0868509915404219
0.1331606881943733
0.08962223583950146
0.11121867597830175
0.12234188635619458
0.09703235556568232
0.1147475951826945
0.1211750409896235
0.11476244142834494
0.10065893144366986
0.10956557247739611
0.08965410451344522
0.12027633434586985
0.09721029627481688
0.08350693051467478
0.07918599329046208
0.08779617996098411
0.11269699248378015
0.10852674113946434
0.11498661573004534
0.0920193510906177
0.10374013165736298
0.10507604444801677
0.11827843798931872
0.10147482231536639
0.08560405760909176
0.10609284163331285
0.10338382328510136
0.07248434586684771
0.08236464096227723
0.11566448562030456
0.11762460747288934
0.10957121224657454
0.11111943876907523
0.10815551139469959
0.0999995852333935
0.09516304950995955
0.10783473462110797
0.10712293977756486
0.09594605590992242
0.09248187683378933
0.08007700335097237
0.08917666966568369
0.10175732307215286
0.08226481739184237
0.08861701590594949
0.11173315072412285
0.09111316054702406
0.10485500854354676
0.11386085824901349
0.09416501758597641
0.09079782197772687
0.09404438477348473
0.10952816414977051
0.08316154209050991
0.10104344965779025
0.09842550539159503
0.0719399331556202
0.09401909537224531
0.11424737885730185
0.08999845698116217
0.07866694949139921
0.09359573888936179
0.07486570709070496
0.08404969967891736
0.1182733147369301
0.09213131806162118
0.0740449278086399
0.08355798028141484
0.09105372015210579
0.09808227478615933
0.08697114184329892
0.09307476259482259
0.09469697291174169
0.09701102130024758
0.09284784387841985
0.10028429365700708
0.07674149193133079
0.059556712210883066
0.07446605640248485
0.1089762637555894
0.07957676892141873
0.07120045290608149
0.07982234641853143
0.06357738447199086
0.09924342954034122
0.08453523748930357
0.10091639107275652
0.0799161045407096
0.08723751377981728
0.09561663278276952
0.06185792846076327
0.07995232984881082
0.08929245550002465
0.05631129350299119
0.08971365572022882
0.08486290741119537
0.09043893811118592
0.10614184671908636
0.08424875778985788
0.07300115586320788
0.07434885820059207
0.09072034241174319
0.08044088711611275
0.06981025488456673
0.09275987205823724
0.07700290905653809
0.07500342013040642
0.08627420102656658
0.08952731244779394
0.08052985298422856
0.09003633190416521
0.08176880200272771
0.08730862091849574
0.0847291202961922
0.07260783001308516
0.07595084978101886
0.08921660470544038
0.06366880845289011
0.09315328374225594
0.06909325616235744
0.09588141767743866
0.08028719899493741
0.061080258245684915
0.06247967026585549
0.0815509491340641
0.08716736705463216
0.07545430388181289
0.07546935761288599
0.05663040155428563
0.08022566273469876
0.07540622215436155
0.06144507230283933
0.06616457809138848
0.09439476290518037
0.07322053205004961
0.07049412850438211
0.06513696801746173
0.07829610060333464
0.06940674487116028
0.06741102352548736
0.07163913473535136
0.06888565052605203
0.0886598528944739
0.08146729576248753
0.07438169552191537
0.07335698480375061
0.05458594395328502
0.10076246378387117
0.07696355380221374
0.05295530164417768
0.07593225322900522
0.056531360170512114
0.06083376857560964
0.08275362754975504
0.08494835667226316
0.07758282844190104
0.08442905818527327
0.06115156597751761
0.07966662420862661
0.07545747786044052
0.08052039954798937
0.08187425946013215
0.07737171565815786
0.0768970055258628
0.08185660309723095
0.08276651895607318
0.051908020628387154
0.06888282481848565
0.06401602701167373
0.0751987705278602
0.0774166047705054
0.06558182641182712
0.07424999563052014
0.06158209378540184
0.06240988509492094
0.07326581636002358
0.06980268964226624
0.08119526663763314
0.07713077975177807
0.07513313639126323
0.06410658264309825
0.05275674464500955
0.06900936691258082
0.05853157133601161
0.06458163367986143
0.0815302142664856
0.06913430879348297
0.060115603648347574
0.08387459450646256
0.06506115848890963
0.07504611860882572
0.055131623201321214
0.058220595770881456
0.05786871040314308
0.05743723157087853
0.05525834723652898
0.06278045789493464
0.05030736648230501
0.07081575077621959
0.06264355457539582
0.06429917928287912
0.06496635585394366
0.07714397111946204
0.05207051651346841
0.06100984740941284
0.061011457699737724
