1.6123587974099878
1.3797607594140961
1.468237513703989
1.3964303057063947
1.189257025431816
1.1274833613242328
0.9982169212993224
1.0664807705383794
1.0197427289930256
1.0573418839509996
0.8443622915978688
0.6479758525012285
0.8693924085345845
0.6484102363839728
0.6480713834082175
0.7735198952963425
0.7081841359747696
0.8120043668141121
0.7171056438358833
0.4564291269041532
0.5756618712731854
0.3754163047820397
0.5500063204911376
0.4866481623247285
0.6016692119204415
0.5210062756483176
0.5436059335979572
0.452001445500329
0.4583576674017336
0.47808959754045544
0.5158098566252044
0.33914893896439635
0.45060247251752533
0.6195531015606076
0.37692721606918533
0.33181022528582405
0.336068032866253
0.4582982408307038
0.3435878755491134
0.24237548508862233
0.2245611367627877
0.23761304344834352
0.3494718979605068
0.2609085980208282
0.1590152186944602
0.16935474450785193
0.2805262313933928
0.2214750011090043
0.21303730140165106
0.18140045562414964
0.12041093500548587
0.13186666802901978
0.14967078233067901
0.1135522701890536
0.1348202687147997
0.14247232991161346
0.18193974124894136
0.17509422527070745
0.1373914823604816
0.15396628127697334
0.1305060589663073
0.08404833354789466
0.11975923208753732
0.11559364257762757
0.11125297809630263
0.15322970468125838
0.1268333871686101
0.14457309767745247
0.09173632640221015
0.12159291302548676
0.08264080485122097
0.11952540380994366
0.10961918779414574
0.0954542677872375
0.09891935083022384
0.12018550364711592
0.06482232649750888
0.06427688220176604
0.07013324868916157
0.10180266039058909
0.09433566265706289
0.08413070043871188
0.11920150963968452
0.09757015068931305
0.07828433953757166
0.06420976392336102
0.08353721924874938
0.08176869548155152
0.09127331846195051
0.08543556485302226
0.07647442237247234
0.05781565084412592
0.0657742350666059
0.08011030638744795
0.06641822150852235
0.0777548916524742
0.06554960072031532
0.06670273768255514
0.06221180630761092
0.08349097367756411
0.08656380393953257
0.061135481765168254
0.09192665055198337
0.06865239943296288
0.07932700566620872
0.0662021551132349
0.06292482266991861
0.07554768965281522
0.0996319327847468
0.07778532484409009
0.059429503082386446
0.06359776111790452
0.06079661246447372
0.07838289132992195
0.07449726290887257
0.07403890332136728
0.0761319836202147
0.05674944607346075
0.06859777995300573
0.0708651749292022
0.06821240957146506
0.038043639647072684
0.041988539226929585
0.0580201015701091
0.05210069389748569
0.04789199065810364
0.05432422656563821
0.0388368248067547
0.10139634702512015
0.03696209818577895
0.07286920780962129
0.07154087499455188
0.06980262289711134
0.07042999154816641
0.06907647389005103
0.05684914573666714
0.07567552063917762
0.07034006571816839
0.07542932211836827
0.07341089488258175
0.07860414565006428
0.07110256293659858
0.0652888519624292
0.15946381776618357
0.05678546715217634
0.08477893198155975
0.06001457470943174
0.07520493278205431
0.06198349342456925
0.08800323910526175
0.07392169925523065
0.05613684864696091
0.08190668028981554
0.06814797251564259
0.07198449936899129
0.0655513645895467
0.07070114439678946
0.056251115302163514
0.05736301160966688
0.04086100941624301
0.0556686637916934
0.038847610198171525
0.042278283523718097
0.035984896672078874
0.07003874034452724
0.053269111164340376
0.059953409330274134
0.03986468991639601
0.04596551607930345
0.034145473460264045
0.04209600608540531
0.05204967449202384
0.04755811965241581
0.04284269861624429
0.056179557043678885
0.05014769160377665
0.04764018908000099
0.054527572855080274
0.052281098222949726
0.05228734209908983
0.04646359560215938
0.035920452503511044
0.04477947294561302
0.05935488038372475
0.044569637774361
0.03985985300586128
0.04417109264344684
0.03263782362484795
0.03699472632971994
0.03742565002138133
0.04088294710670233
0.04238249410747677
0.04358447992513944
0.02538425979135951
0.03511847410791088
0.03240062029230763
0.04189516007627771
0.03434747371003554
0.0371934557477458
0.04523912326687436
0.02700934879774276
0.033490332557141914
0.031089932418209232
0.043131032112091405
0.044611468621607066
0.046839384336622755
0.028578793803029696
0.04190751259533327
0.040592107904068066
0.03119075680058453
0.028979083102131924
0.05070370838566849
0.044214302326183556
0.03980118268358397
0.027590870607097057
0.04293504266104865
0.03935933142667335
0.04010792359237241
0.039369267006810774
0.024944289248514228
0.03329608739348803
0.026302743346954576
0.031149278954636296
0.03474370552501296
0.0311142049407524
0.031972762051349045
0.0384414018455404
0.02924807124793869
0.0673716318354833
0.035870265906120934
0.04304505457628434
0.02983063441888248
0.03173939855091359
0.035467741961186
0.05054392889789209
0.02721979710219528
0.03252947957199406
0.03981342540258774
0.022879796443766056
0.03428316846151254
0.03580778420936871
0.036519588436027754
0.03237134078105468
0.042381748781650116
0.03007592217924298
0.03335261542683589
0.04001985410900139
0.031909957202998676
0.024144404983544122
0.03783732446441066
0.04143389991400501
0.033074145149238
0.04557466515420909
0.039752469394228704
0.02725927719402633
0.032198853913006795
0.02998505048004973
0.03227719118706295
0.029108081069923897
0.03931519979282259
0.03770886863153196
0.03198071847742439
0.03795117180767295
0.035627724122425014
0.041254769442886766
0.03465882265579544
0.02616119272690398
0.03909246277111408
0.02553416029155555
0.04043582522996767
0.040664709765567505
0.03552042171790522
0.03293874152968261
0.034263113838796135
0.038269756674831575
0.06882611784072601
0.03017503844932995
0.04030028981605492
0.03267506698164103
0.028124772981776496
0.052993673308570875
0.039777619189538524
0.03358404219731793
0.03875828382933892
0.04142168327168201
0.043698387627607305
0.03029258478337371
0.032319627116286456
0.03178007539517304
0.0261574914025345
0.02828479115215906
0.031157519033968267
0.03218621788021478
0.021060781909718843
0.036649906582469534
0.04149036500282218
0.03945071491038577
0.031255066975539945
0.022449215722334503
0.040584790505943484
0.03454092605375599
0.030969762605533274
0.03472182008757585
0.033407722169555454
0.02969919058870286
0.028989163061482214
0.02645664103306782
0.026518545997511057
0.02819473561700111
0.031062506568563474
0.04368324830936796
0.028390744149948653
0.02862187506551734
0.03276320349017077
0.042220472626492714
0.02956372364807735
0.04398740177093445
0.030087825771774664
0.03758847540550035
0.022786614828202184
0.03508225286271085
0.04092675319568307
0.03279157047021213
0.035206669039370565
0.02818531576873501
0.028590142731778012
0.03209561744467475
0.024781931664451785
0.031075439436900006
0.024101156325889484
0.03576565593496307
0.02738704277349698
0.026678141040290683
0.03195711868116443
0.03234164760463688
0.02016246333241945
0.03164069344553679
0.0280820967392503
0.030343601401688614
0.0250143713280801
0.027903334105714793
0.022932921658185283
0.02521512863656931
0.020266647743411095
0.013491068281889198
0.03102806601881337
0.017504959773158035
0.02078973729956942
0.027536092296633806
0.02884131432850221
0.024985008264720304
0.027484815152084657
0.026494018236872013
0.0408709562045933
0.015663759196632165
0.029251056302693645
0.02163649866495547
0.031245511523747015
0.02276041791547233
0.023427970348935494
0.03141212605123935
0.025215474624640005
0.02294179904235568
0.02440506383726177
0.022679498175742187
0.027296520494971405
0.0300465537551472
0.030330473871182838
0.024717497864203193
0.0359729368023441
0.03015923282564406
0.026281583311965527
0.032283031351725736
0.05746302891546109
0.035709326348933944
0.026999741333349658
0.02355496174332742
0.036382625775142785
0.034195533831016464
0.03455900509927224
0.02868121702235002
0.03449968955243365
0.02721598067638491
0.028953035230556166
0.02844685483108178
0.018648062703053157
0.028217495125109522
0.029302892479877746
0.02606753489241227
0.02819157350078142
0.023420027632064893
0.026548998651199522
0.02542889255093439
0.03550703475090967
0.06650786927210442
0.03618205149836773
0.024512632942490436
0.028433509552450064
0.03280683534713753
0.03133661649130593
