0.7068995802306144
0.6524770538776641
0.5659364326409898
0.5984491500999027
0.5548566029634923
0.5719716772712664
0.5968394987856183
0.48958137547983993
0.5012418352543031
0.4585493052830188
0.5811985292409856
0.5605312744194402
0.5384497694199073
0.5279138359496439
0.4658992203732032
0.40968130674989933
0.5401068601491688
0.4197738289555419
0.43978820652634204
0.4725828003051184
0.44992724885161534
0.4823191776002411
0.38632569864914457
0.4514989262844267
0.48404219879569466
0.44378799174412115
0.4426109626213991
0.34212599241752534
0.41296696245946274
0.4267819188663703
0.3917484661569879
0.41858549536234085
0.4857892364311825
0.455743543417487
0.3812555355443727
0.362851870643912
0.49214419752967514
0.3643900039263481
0.4849993960906026
0.35897827525036063
0.42537037170974096
0.377812210856697
0.39744754574802765
0.32688874114168825
0.4161824856350992
0.35841264471249745
0.3546303418149344
0.397271384652704
0.36215138102215044
0.33798190646769993
0.37467343543219367
0.3290649270526971
0.3813535763043915
0.3500130446666271
0.3710611841008162
0.40876561207769824
0.37100719574942354
0.43062283435657267
0.3603456830193831
0.380368077995178
0.370125569206495
0.4070316524622812
0.3982608445768735
0.29868096559773816
0.3493747249916398
0.40191604503859574
0.38338481815072756
0.3909895391673455
0.3106558960441298
0.3604282737128934
0.36746199964772575
0.27454166679908926
0.3450454912218265
0.3524130188265724
0.3668980297137642
0.3388654839779742
0.33403781298614393
0.3437136820925124
0.3572525242050782
0.39031179922070197
0.36170332426643875
0.3498073644568285
0.3684257042658264
0.3371583763403884
0.35142975571889784
0.3466329025956394
0.28451514732793276
0.34245059429211194
0.3236113939150684
0.367491660342644
0.30114371615405056
0.4159117258735562
0.32643100631100086
0.31774042047124396
0.2875433360956466
0.274434113274237
0.3448481000389264
0.33482416512947605
0.2977329390422717
0.3001420410738707
0.3336756711817117
0.2630657262695106
0.2906526478168227
0.3594859620358709
0.3315570718056583
0.32057050288765326
0.27442174277099973
0.27544133965171674
0.28244168602334174
0.283833918055893
0.2260002036270825
0.28581539605625544
0.3364638905327103
0.2699601080916575
0.2811352244801323
0.29456628568254406
0.3026365941170406
0.27483844538846597
0.3240337682858068
0.23995683525385836
0.26385662299603024
0.26882310328323067
0.3385970780763913
0.32683210709587607
0.28336823941344036
0.25319934659325416
0.3287628273200928
0.2771285726119594
0.2566829876486161
0.21107668797521034
0.28215603320973637
0.2845707803197317
0.24210939585958266
0.2818156017828698
0.2880923738984915
0.2654130319962758
0.3075302995809329
0.32149482198821816
0.2725093832580943
0.29691356039378236
0.3203265765882787
0.3202176224235532
0.32669111557065555
0.2735064978255772
0.34041874943213773
0.2929669287701554
0.2567073920547934
0.2659037576146775
0.30248390167135597
0.26301963056715916
0.29150762240919126
0.23732762835330154
0.29224545175769084
0.28397848252840757
0.3037856881807317
0.2517148409378211
0.2427445333231582
0.2487227169409818
0.283138476365884
0.28839234735092356
0.2686773339704226
0.2904196954551592
0.23563797487399096
0.2603832964381502
0.2890635063502084
0.196390856240571
0.2493823439263949
0.2802690217828335
0.25222107859112036
0.21830124365146078
0.2833272438731338
0.25832098978800416
0.2503066654688777
0.2932005939781317
0.26472817227442375
0.21124166085091925
0.23272018659649268
0.2663023402605035
0.24799744399101983
0.23865900115465774
0.2327329726377953
0.27029309060916096
0.25108867765492626
0.2884431618260178
0.2091568872865032
0.2519198933621842
0.2453171570211638
0.25252424823482955
0.23358338392790215
0.2870309376561349
0.25621607114798356
0.27424817069469437
0.26073297552041635
0.24422254760485834
0.2437912794213028
0.21819936910209448
0.2379098207101217
0.2495860767129976
0.19370290692768652
0.3092825973770986
0.2586643567746527
0.22864592767317138
0.22453906474569107
0.2531461118253921
0.22779300476448783
0.2087191180856601
0.2751883489045111
0.23446281536818186
0.25199955056499884
0.24555227807973626
0.24683529374299354
0.25167911819854744
0.24504416849570781
0.25606740302169106
0.2038489505613077
0.1965891538232939
0.26287520500141254
0.23228944105189558
0.2502493388435048
0.21830178133823566
0.26218773377792165
0.21570463353518204
0.22050581836487204
0.2653760910899877
0.22111515513700283
0.21223693865725174
0.2213385899293558
0.2549655071342315
0.2160728989326927
0.2094710340418815
0.23703259962239737
0.21331915624107953
0.2359362156912303
0.22713808953181638
0.2571302530220407
0.2511770703848965
0.2540949400868987
0.21149272557334778
0.21940396706587806
0.21098497012962292
0.21655545803512713
0.2407492644252704
0.2189208715222158
0.22984305940221322
0.18417267879428595
0.2718977876495376
0.22372081910515398
0.23295277601549352
0.21745153103239448
0.2526268099077524
0.25493685794947746
0.236275331920541
0.25214950133999475
0.20086699160449237
0.21855496605579025
0.22537430010023574
0.22398061206279096
0.21762683818186349
0.21118682905313246
0.21127050366519443
0.21746929917658958
0.19589895965928633
0.19053046841412383
0.2554045967979538
0.23283536198056357
0.23782178780262328
0.2653178256454757
0.24929612383304275
0.20878068498321417
0.18831072610517965
0.20969077248716955
0.2046103757093723
0.2316964503660203
0.2378741447321739
0.25273211854584593
0.19121564207992933
0.21482259283024985
0.2586781379608759
0.2453297829303321
0.19495100293994008
0.19519057111126897
0.20680370387199493
0.22502242358605526
0.21614749595391897
0.19699105168167452
0.22748260096481795
0.2706802140088203
0.22855892594213403
0.20168333002528058
0.18447239170266216
0.2154396830555953
0.23721111952867363
0.23308895459560514
0.22960851383910735
0.2225504535952422
0.18684957047530654
0.2050645781948846
0.2097157774277112
0.23316169657466218
0.1998106444555886
0.1957489549897739
0.2189132152331245
0.20017369893745535
0.23201445698357143
0.21093280787473606
0.18058461566921052
0.1959308884161604
0.1780958212115344
0.19531912989073913
0.2051718672883876
0.19931582520019203
0.2094754674929591
0.2173535697979842
0.19656457520435888
0.21753526614831067
0.18768880090174273
0.19287159464831888
0.2269061250266451
0.23214169333898121
0.18940917339138866
0.20628318672406332
0.2169953175253292
0.16801009287143326
0.19261247944382956
0.20989045215227523
0.2155389868146827
0.1878580686316244
0.19152021200889663
0.1780423412719554
0.20149436791282857
0.20570027771341626
0.2087595801482572
0.18806849803457187
0.19021591518180023
0.1927453355884774
0.21304993851864232
0.21621511809501967
0.20174378248515606
0.20271776832337274
0.1789637310203218
0.1825128276161391
0.15140421750690725
0.1771348263247246
0.1875928612529535
0.20441276855131996
0.18998881423964462
0.1951392715777497
0.2317840718354077
0.15891484468623515
0.20969662919358684
0.18860317614489286
0.207823471714884
0.18541258261029575
0.17899472973807454
0.2253794215522235
0.1602572832824133
0.20764215997258662
0.2103850795827628
0.2205192053204789
0.19777616730092967
0.21529692990132995
0.21128248009175063
0.17906115494781144
0.19215522545015778
0.21561486079211495
0.21421492660559038
0.21182335936691415
0.17566392146830598
0.20624494367649446
0.21618942358557738
0.18238533735376175
0.19364007058674712
0.2004932960269476
0.1464830071834861
0.22235697010090893
0.17211787936159506
0.21790678167009142
0.1740758693568878
0.2041467333996012
0.1874641209169194
0.18619362540646606
0.22919274830664588
0.20543755442193526
0.22239873809230098
0.17464403568167208
0.18928972573569586
0.19271170560559966
0.19664842418113107
0.15651877597029
0.19206547506441168
0.15331174272140913
0.20849954774033694
0.20375177323189778
0.1694259337896062
0.1910714256076717
0.20465366805004628
0.18079728619815466
0.16260396253857323
0.16802558948617613
0.17785364283720456
