0.6885622495193453
0.623223355536541
0.6100835659775898
0.5678567428839327
0.48149979917923985
0.44443229758071334
0.47604726574431144
0.46886585424117105
0.42114479358542933
0.38943081281207775
0.4590582175749457
0.3429296317295963
0.39053395886687037
0.3884601855352955
0.3532402840750336
0.35635030970797854
0.4089832569240174
0.4022815165078045
0.3722504851580769
0.4089635813216132
0.3691600942131579
0.36695795977430523
0.3071147119833138
0.38785749195579067
0.32671616781573526
0.3568271480126616
0.32381621664746896
0.27745652140659893
0.3151852459750197
0.29830978821264764
0.2888860481934387
0.2970136374265685
0.3422385092419774
0.2611641061533127
0.27275988854425504
0.31741938032952766
0.30053022707957966
0.2801559086643697
0.20668031756984306
0.24301883546374875
0.26927892738248443
0.2546746627780335
0.35118656521680724
0.33217563677180884
0.31487466204885733
0.32883507962650815
0.24994405321024682
0.27434720428385917
0.273276403979843
0.29607335058215317
0.24388651961724167
0.33129353553946284
0.2976151230623378
0.24710583788668194
0.253981151602173
0.25124839550709555
0.21886719039525349
0.2757893645211195
0.16442894948577552
0.23923152888659055
0.22173093436629507
0.2347156664903615
0.30724451659704066
0.25573040093000904
0.29798541904332043
0.2920126310032336
0.29732123229867125
0.26882380479386214
0.26252013982903744
0.23896852275142902
0.19645578450087994
0.2715298939552111
0.2784388691511575
0.25412577599397024
0.2331073401134204
0.22150472272451416
0.2576241996948738
0.26020348099796575
0.1806924461667253
0.22767609283574827
0.2598693054488459
0.25470037854699085
0.25433764585692703
0.20425934943391216
0.23332667687165848
0.22026875594360598
0.21638319428983857
0.25250202704871383
0.1900579476769259
0.2594980552980538
0.18587530205666214
0.26900044130175854
0.22682339013386188
0.20445229226958572
0.18518062764891635
0.1926495600301677
0.23919552392062443
0.24496298826482854
0.1773755581235741
0.2360774405528169
0.2280523640990416
0.21343491026519223
0.1599959124865415
0.15708475709233183
0.16146093580565876
0.1861743262903449
0.1936664626497993
0.23610832621285227
0.21374232109588234
0.17835095552205144
0.16882791060499627
0.226314217482527
0.18735351952159424
0.22616314694067502
0.1766748590302039
0.1749819654428355
0.21444956430610956
0.13963036165259263
0.1714834803538084
0.18243905648304787
0.15646074922797684
0.20994345109534907
0.2121001739789743
0.19497568287929787
0.21444376719706915
0.2077730920347977
0.17153657258002145
0.2035672873895288
0.17029143458938728
0.17199085190247623
0.1821014194900253
0.18800897378752038
0.1685754224929911
0.17142838500156024
0.1903998867898562
0.17361928030522972
0.1548943828623784
0.1792936513068742
0.1732386636569727
0.18937308092203695
0.14786279616956796
0.1354004245347543
0.17028525397895836
0.1871802922109574
0.18045567738212037
0.15712603300086223
0.13282577190665537
0.15271247442806726
0.17922686152848818
0.12832603401690854
0.13853708653939673
0.12851827103961183
0.16067753678102656
0.1784610210143082
0.17576411012479656
0.13567723953209584
0.14034683826177569
0.15136027320643836
0.18367074611130427
0.18765539289793837
0.10804530178418839
0.15538944386795972
0.11950855402925101
0.1507667657315647
0.11863258419349068
0.12118921318483267
0.1438029394322658
0.1520759672229708
0.15343930951992024
0.15936497787357473
0.14012922328799368
0.18127738511203628
0.1339792593784816
0.1356800155792881
0.14201227077300263
0.11301157253086709
0.11619883801983852
0.17845491826791895
0.12577265383338576
0.1256519097793809
0.15555940032590104
0.12195129663857793
0.1460474615395564
0.18484739612910844
0.13150073441262455
0.15249772206465084
0.09635250359916862
0.1340771862499996
0.12087380098425475
0.11090769391674696
0.12845786136116255
0.11631927559229209
0.12110202973754455
0.13012584479884445
0.14157329261815135
0.11957511417201498
0.14674698887397458
0.12211776362366908
0.1574981095326504
0.11903433185422588
0.1275763810253065
0.13149897871305627
0.12977245264301623
0.11149868400773896
0.11664972333174459
0.07772848957295021
0.13826960149265433
0.11366245135191262
0.12588940087010894
0.11608787543010227
0.10343378514488803
0.12206709197994008
0.1421625868845711
0.13166417907138803
0.10206464458053865
0.11520591285603048
0.08097279432498396
0.12139782413059115
0.08617188089823838
0.09032302204107782
0.11527122263127443
0.0950806755271274
0.12003009088612052
0.08429743364786685
0.12609724410188988
0.08935596430141496
0.09838063151855422
0.10975149781804683
0.1037587952163189
0.11131802983783386
0.10189264481478186
0.11746465448988716
0.061254339562089075
0.1081687962431643
0.12277155823050674
0.10437166856993214
0.09567268198939617
0.09943764968615457
0.09752385786739018
0.1029837577421274
0.11397763865211803
0.12818438202278873
0.09319910497745479
0.08169199912667276
0.1084342921244058
0.08261610124234002
0.09466779833089968
0.08618257178178432
0.1015643202326428
0.07761579495682361
0.09417300739450837
0.10965379636152917
0.09846125474172074
0.08133222944049592
0.09452827984850184
0.08453245087848539
0.09264000775326597
0.08400321542405917
0.09881830134329819
0.07105139245786628
0.07955377249191481
0.09161261390337487
0.06981324849646489
0.08075107645338715
0.08621946859794868
0.09626052808378047
0.08553169943817371
0.09438695251995492
0.06875993367025411
0.0833291890950152
0.07290758768327357
0.09765810334144774
0.08634834547368266
0.09283393199344847
0.07967030104709831
0.09504330567164827
0.09640869668837665
0.063694600447708
0.07466390606340036
0.10555505341327054
0.06407755317700622
0.08371671620529751
0.06237623119860688
0.0963465139946301
0.08144440659983149
0.0834387612676322
0.08076186285727698
0.043696736045858414
0.07658640734858015
0.058889815987172224
0.09401251221443471
0.0811744006027927
0.08157049180614262
0.06719856022198992
0.06434491370600622
0.07246963277137365
0.06781261885918781
0.0767586088944719
0.05743540052801305
0.05857812529701632
0.061297155245488
0.08246706624852206
0.047278915636639614
0.07474471346701296
0.06481133024143645
0.05505411435208204
0.048180813900920785
0.07988026073466584
0.054526057543009133
0.06457998967253029
0.06968607537152918
0.06331530720008174
0.0641790567624476
0.06672719541008149
0.062177469273968486
0.04932735573570231
0.05708956202813622
0.05799247473629081
0.06497382512654722
0.04527187168795564
0.06939155052938233
0.04036263854713954
0.0471675951105286
0.052622000000830685
0.051107546784173195
0.053694094111322435
0.051475736054094445
0.046049637362760985
0.05197499217824701
0.06160559277996004
0.048051063367013536
0.05464843799341736
0.0394700143529019
0.05655740402431954
0.06339539772019127
0.057369135481313206
0.039753814755899265
0.054438268304308
0.03524285342833765
0.061857222742742815
0.03733317277848251
0.051857001069969044
0.046766667607938586
0.047062434801031915
0.03914247404320051
0.034557273260356375
0.05401400596035155
0.054298120451585385
0.04107692104955951
0.050199061480463755
0.054774674492932884
0.05332133225763983
0.05982324330135127
0.06612064449791501
0.05579320391754394
0.036173071493132244
0.04997940255250614
0.05475840619380371
0.039709641842432745
0.05750992351143377
0.03399449189735102
0.04119764594874578
0.05250456590512761
0.039126092735300225
0.04225957267019466
0.04076904224831663
0.036782953065068576
0.03381748671493233
0.054800740373262304
0.060722310714192804
0.03474520967731441
0.032780441136170256
0.023073987311752028
0.046456613733828485
0.03741402282471595
0.045974490142186554
0.03534931954994906
0.037747362683328026
0.03899136196570613
0.0454716662966042
0.053796995559229635
0.042312809482921675
0.03333676937980725
0.04876896897770398
0.03799853364888071
0.04316058809624606
0.03487092128190676
0.043030844203381866
0.059470660644751226
0.0393776370970398
0.05347633230457076
0.054941067577969384
0.02065006912124313
0.03635866311793508
0.0399940777968693
0.03439925302870238
0.039662690462287
0.037361343580105726
0.037331312550366084
0.03956741668105689
