5.089694726759225
4.6117226359217165
4.393165867621092
3.822626526785701
3.9790168239340353
3.752130502006929
3.5199074563287085
3.718093850277603
3.799281127142706
3.075355005014916
3.3205062759914257
2.899550332092516
3.2051909000782137
3.0068752814046364
2.931591782701737
2.8661294201407035
2.8431128830652668
2.7255492763667046
2.6981777065201658
2.775022528541414
2.6489688383829786
2.460468275592212
2.5401453704600483
2.490410586994309
2.399556890544835
2.5888448742117496
2.468598436226751
2.3459283571337255
2.4714079328751035
2.3237475725989865
2.357879301412729
2.2984376479173734
2.2511535387001222
2.391416009901105
2.1943779230233824
2.1075170876314524
2.1259692090483027
2.2218680951963767
2.124915643276011
2.034592570726483
2.260442011730566
2.0457005053689286
2.085617214785681
2.0725491803860328
1.987617939044485
1.9229026164002672
1.8003784829743785
1.8904544521261606
1.8538721137986287
1.937288480030284
1.81120258142026
1.7665841226568726
1.728383720882905
1.9392189014088668
1.6913752894262353
1.7111264803058723
1.6567186956083897
1.6877497804552228
1.6705242947371022
1.6460822108988904
1.4929382428663014
1.5702898729754868
1.4944577532081447
1.3587008206984774
1.6380000207613974
1.516164401232564
1.521280407772173
1.4852583702779554
1.4410178419181319
1.3532973424338108
1.4338497876310579
1.4761623545016598
1.3221766794392518
1.3879413968868217
1.320208429669244
1.3622792562304196
1.2465716194798722
1.260337814459001
1.1429032781996304
1.3283393717141405
1.1365380757695758
1.0148971019499897
1.1610521170328019
1.1179819638877715
1.1274974432992315
1.082123121202338
1.096941566478557
1.1921439008644967
1.1414368955149414
0.8414243806846983
1.1799985728537927
1.1411442396656466
1.0166633691940834
1.092512401904573
0.9506924777980418
0.9160521919614417
1.071635622359038
0.9148767076635916
1.0428447332954451
1.068470837257839
0.9812851961756632
0.8997152842717183
0.7898742314297986
0.8247204300382606
0.8682975734383142
0.9178824018022034
0.7869883475728693
0.8827116775222787
0.9025204247674461
0.8519160666978131
0.8472696685456131
0.7286888484199123
0.8864473191349898
0.6536382098441028
0.7289418350384029
0.6488001810270302
0.7215091802904446
0.6754044514171406
0.6444311329957094
0.7859692683975759
0.7003021437954933
0.5881440251133034
0.63389074639567
0.7084299496315483
0.6919796417399817
0.5623386867745321
0.5299179015781924
0.5758993298442948
0.6438696248272786
0.59900546541909
0.5775031091415264
0.6087452517257488
0.5707003537838504
0.6301349124317345
0.6072703948550846
0.5894483635656629
0.529276266961577
0.5655732808958553
0.5678118271835576
0.5160619115078815
0.46660349900259446
0.5304048658318619
0.5145444128179543
0.5906208786091496
0.5336527583023678
0.4599841221616311
0.5356631254752192
0.4394526378707586
0.4635251203552758
0.48787127141762465
0.43503320365985776
0.44618301121794657
0.44942307714666746
0.44936655052165275
0.5085537646651695
0.4322226574724096
0.44692156278135375
0.3855545032463704
0.42700651911181353
0.41739823829209416
0.36234754554404625
0.5146924192297878
0.4567845015032589
0.38643567594606754
0.43926736715360787
0.44803575036832566
0.4198864021394149
0.31066855252663467
0.4099099938080877
0.3669074515821199
0.3694064454338245
0.33807712634483317
0.4078933351704307
0.37519253630807675
0.4269278410326943
0.22841006971516245
0.38213495129946884
0.31306451607029484
0.3350714869643217
0.29711941365873545
0.2592754173803094
0.2836942439640004
0.2825332263732477
0.25399092416892105
0.3067551317840133
0.36007596768702943
0.30582662780724484
0.3395251852290219
0.20764813600473095
0.2659770385413651
0.3169768960705629
0.30036453752714337
0.299635597894791
0.23683688849565807
0.2759211451966356
0.26206955871336013
0.2612348502608074
0.3306325269173394
0.247009276030176
0.18286502620780543
0.3015826626324348
0.2863058717139848
0.27617661616055406
0.27465630040052214
0.25599511137370506
0.27105787328271264
0.2774400494558365
0.22503751916920106
0.27562698018187676
0.23248262772929323
0.24852097380207838
0.29261729001234005
0.22074454411773664
0.2411886868545979
0.17483250843095263
0.3010630940914044
0.24090633301741082
0.27380734753842184
0.19947939953284194
0.22051855156546277
0.2700582949029565
0.2175264375404371
0.22063037600780047
0.2590615996972396
0.2290136150312539
0.21633288763941713
0.228506519893544
0.217112938331301
0.19263204546694362
0.1903832549895135
0.1306164262441187
0.18392719325139245
0.22648525092309485
0.22640731432043518
0.19214852654672443
0.2667994149140134
0.19168830701544587
0.20405909008646478
0.20533310146382164
0.19047972611081032
0.18417000661997746
0.19687091579344154
0.1989482828985034
0.16307690920161835
0.13625816843700939
0.23042314353939664
0.17378037761605244
0.17806893700413184
0.20010608683159986
0.16281088792981718
0.19777928432738076
0.1733331466457108
0.22500052319752767
0.19876832356214386
0.21535542711076658
0.17357805829426393
0.1578318432748846
0.16273767081991278
0.1931905451439238
0.17950031559244634
0.18912228004988427
0.16773203952848137
0.1835709074250615
0.17871903077071122
0.16485125116584334
0.1499144781895231
0.13534827346397735
0.13259729738222054
0.1366860837557716
0.13088014114771226
0.14003002959628183
0.15390157720062553
0.21538439744379523
0.1759954732376856
0.2215226536861071
0.2402180191554611
0.20665803311572958
0.17316409244562198
0.15088338404665988
0.1726228048415927
0.1293308392733467
0.16181036456193523
0.15343271705217537
0.1394046840331412
0.1560291414824082
0.14570979235352682
0.14199420718516437
0.145940452578063
0.1299196584437099
0.10909636768104176
0.15795161219307557
0.125664527010865
0.1255663586126058
0.10075584738793933
0.09250067256328234
0.11775741100801232
0.10916332442669881
0.12849336681047974
0.1468875043783037
0.13559030837478608
0.11322840646096281
0.12122691004793715
0.1348447702557996
0.11781509135915305
0.128462729175771
0.13886066363859498
0.12392707571448
0.1797116066306028
0.08205224562589172
0.14219944912856367
0.11984211322836251
0.1132974854347633
0.11921886826899117
0.10897398756484626
0.10537029169886099
0.10861995087641371
0.14364488000478967
0.07982282003052335
0.12078939550400344
0.11841945218732228
0.17679471671459923
0.12361277439164928
0.11489701442708018
0.09216935701201816
0.10041873063094424
0.1423323433102634
0.10573078644186007
0.11350857399535627
0.09228323107679946
0.10391528031258881
0.09851328259434065
0.11733001477393112
0.11037464664258245
0.13424010493468344
0.08279748337733846
0.10818211482614437
0.1245226999059443
0.0808946135173978
0.12008527688229761
0.10493225639560044
0.0914854767156075
0.1497626500849148
0.08082663836287268
0.11933842136871217
0.14109666364654705
0.12587439663865516
0.11106066782679651
0.08561144111050203
0.09459944874021227
0.09331411537974481
0.10412319913527993
0.14063069943576828
0.10470247436901559
0.11384608228995168
0.11349663333076065
0.10284141058330036
0.11680956777286186
0.0929922844041571
0.11825213522995848
0.1541337587747814
0.10157926185894647
0.10055814619617003
0.09320583948754328
0.06825808370360575
0.09309671930171386
0.0905911172993085
0.11392042185447653
0.09697170296168059
0.0906065087612426
0.11708493292053665
0.03819930170928333
0.11867934940699224
0.09275775276381683
0.08470649746053294
0.12244737698280131
0.09160035291154323
0.08627484980313384
0.10794998455333422
0.11242917945523219
0.10796365843758234
0.08633091069256865
0.1053451740638491
0.06239880258524122
0.15242676014629727
0.10022936508039755
0.12494181787157599
0.13839781969163129
0.06764931649298293
0.09747428375866532
0.07696069885173146
0.09495827346393812
0.09856585287883382
0.07948258573718758
0.08522508808587827
0.07083979731669778
0.15747127127947017
0.11420260886398462
0.12108496693328716
0.10027470047612748
0.13118368997600255
