0.8788024045957459
0.8005485885670973
0.6637231267074857
0.6445525767259171
0.5490418180058423
0.6452191136470226
0.45694643128828805
0.4776028057952721
0.5680737141831739
0.46766042290033794
0.5312126588011548
0.35602116315044074
0.3340567783691068
0.41372646356097864
0.19892846425411664
0.2557664262149674
0.159651298084117
0.1866648635593305
0.14548155821421788
0.10251692536728603
0.236288413015648
0.15606222914384688
0.10506902764487432
0.07789750905133568
0.0769182154801442
0.07218409685048653
0.126144573042495
0.11663752819012654
0.11749707079122684
0.09191132920179382
0.08222578872241443
0.06575951947077212
0.05875834420268265
0.055871480603908674
0.04437319715732897
0.0626180436851371
0.03676412160477806
0.03534378894285465
0.03959122267248647
0.025094235805937237
0.03556212254797427
0.03374884347376569
0.02032656517549257
0.06587209129176072
0.03681069951186073
0.03708517882269929
0.060396937938556675
0.05285820040340992
0.058291881387297115
0.028403092148307475
0.03258930748570124
0.03146675511619708
0.024975010246120446
0.02485768409111875
0.021928207657359967
0.026933656173694993
0.024132832028801125
0.011206133108088205
0.0156002911156763
0.030699040995657224
0.020207843619878017
0.022704856991379505
0.019781408916809608
0.008917724587282511
0.014476918921360863
0.011973999504892963
0.014716373036323399
0.01695148991295956
0.01738542633166623
0.016566272282410564
0.01060686722756946
0.015318394709666661
0.008941121952274903
0.005676216282714664
0.013157531007529259
0.006128983369033714
0.006394607768722355
0.006828043924709429
0.003968547784164495
0.006446423223297472
0.010070406104746408
0.006180937602884174
0.005584020707324928
0.010880313912807879
0.0018935998907604191
0.003192648317669561
0.002988172425252269
0.0021680065287449832
0.01038605526761585
0.005362676045543259
0.0061435760261888015
0.003039264084479416
0.004462944729837101
0.007824892226206574
0.007046981261703047
0.002411741525652666
0.003205107974688531
0.0076868978507722615
0.012590234047474136
0.009996700699107923
0.0038682008429020706
0.005506230171232471
0.0031704541779863705
0.005213915413523887
0.006325577940552105
0.004008584457700655
0.004274124858831426
0.003044087963676124
0.0012375621064757577
0.003967855746933281
0.0026881809293099646
0.0010856735130184282
0.002511042302557232
0.001021941423241723
0.0011183314671023097
0.0009033967177083508
0.002382598385463344
0.0025723675956378206
0.0009981472615492996
0.0007963568214080696
0.001510391398618697
0.0006000471368609936
0.0007148271476059906
0.0007095976852051441
0.0006715911203026287
0.0006047072274048968
0.0007312192620428984
0.0007433532272021312
0.0006803623381882301
0.0024855770595984894
0.000713305793114775
0.0007364957429007544
0.0007720644013299542
0.000643859478425247
0.0006150520436283954
0.0008763764126530083
0.0007329765241719818
0.0006327754994286907
0.0007763136659510785
0.0005431660850678305
0.0005843079497998211
0.0005994675807441845
0.0005449876875574912
0.0010438236077942476
0.0006026730478049367
0.0007193015086433893
0.0007043043826996308
0.0005202772229534073
0.0006545450445761619
0.0005746752165888248
0.0005633652544472624
0.00045205844038223597
0.000563965070620501
0.0006729128373635009
0.0006003498422332617
0.0005659518186845797
0.000615619265141033
0.0005837172930559435
0.0005414151319634281
0.000674878814011479
0.0006610817004634082
0.0005692221669151848
0.0006750501315370627
0.0007434182218102904
0.0005694165462461614
0.0005864691651561616
0.0006331240308120351
0.0006547056255602367
0.000601106960750643
0.0005546592179237809
0.0006825302484689407
0.0006636587826592151
0.0008410902571698165
0.0006713255545024373
0.0006083290627164628
0.0006114451574460126
0.0007289665591814684
0.0006656621428713819
0.0006255252323138999
0.0006696213576958347
0.0005441135166625534
0.0007441321613126584
0.0007224302840032396
0.0007075362175571721
0.0007043988362892782
0.0006022890305490472
0.0006853559953107879
0.0006880072596960266
0.0006355132724189552
0.0006974430464952874
0.0007625763253333116
0.0005663182511922934
0.0006209028107727667
0.0007162539064822056
0.0007133237652210507
0.0005852954962828992
0.000645988994411769
0.000718004106266654
0.0007975913184564736
0.0007354890928122586
0.0007165523232673492
0.0007770586861017943
0.0005457645351242175
0.0007195189311168614
0.0007747443472963862
0.0006922671841154756
0.0006915268347052764
0.0006477338291719989
0.0007162177338098417
0.0007704784963702184
0.000718655674909649
0.0007268255517871911
0.0007435766884032118
0.0007394805507052965
0.0006877225160037471
0.0006684110112118778
0.0007754390321942266
0.0007590665207806384
0.0007006848256792877
0.0007039470603385338
0.0007321517207417962
0.0007789400795666674
0.0005873373041502216
0.0007888252652529798
0.0008441307271400231
0.0006168648148794078
0.0007886851351758791
0.0007187732139241991
0.0007367606686797532
0.0008189700287153884
0.0006985530570989569
0.0007914543646263483
0.0007038869403155511
0.0008723748367986305
0.0006689708463685206
0.0007797503782734845
0.0008050161862408787
0.0006570092148422696
0.0006703461142267185
0.0006990227566019105
0.0006112887604313183
0.0007335244564244887
0.0007451846557201231
0.0007796641196145641
0.000787559034278211
0.0007807151859023085
0.0006677327636306055
0.00269253394729574
0.0007546608411617267
0.0007986569406865714
0.0008378515867781605
0.0007052297583144387
0.0007834540404408268
0.0007857086311214642
0.0008228040817619695
0.0007365787771034573
0.000860918283923234
0.0006623207902726211
0.000700705904310319
0.0006523355179593486
0.0007370581448700035
0.0007649854036282245
0.0007799820869680782
0.0007807460681443798
0.0007090094179950404
0.0008175327795554557
0.0007617758445385714
0.0007682263026225907
0.0006640880644233866
0.0007318628781376902
0.0007770535569087764
0.0006914338072574853
0.0007955363789278318
0.000753520175429811
0.0008390983152425079
0.0007445113098473133
0.0007715932638410929
0.0035265700866470733
0.0007127170504089674
0.0008424951948185
0.0006911811952886195
0.0007371494739891757
0.0007628239799542169
0.0007112414280943541
0.0007692401410178795
0.0008673110422335401
0.00330113482083167
0.0007157877095816804
0.0007793596959271428
0.0008536109722081702
0.0006396938913351342
0.0009222607611780769
0.0016870368972281224
0.0007259104685198532
0.0006973383110615383
0.0006869331171679012
0.0007315923803358449
0.000680316171397932
0.0007911075587716551
0.0008501239987171894
0.0007162460979313134
0.0025369745390573383
0.0008449007862622136
0.0006635010402229809
0.0008247669700254442
0.0008377561560213977
0.0007674056154796586
0.0006870582960742821
0.0007578215838267238
0.0007701118153994285
0.0006772906855222169
0.0009152395720891741
0.0007508718519887655
0.0006946185667676824
0.0008245898700740972
0.0008134776858103722
0.000607910971783541
0.0008286723172023913
0.0007693361519977834
0.0008366817154720127
0.0007228985711765385
0.0008603572974088473
0.0007236748830392011
0.0007766981763667045
0.0007201495430160523
0.0007270162717063044
0.0007452921319733277
0.0007653968121760121
0.0008097697830618561
0.000630712364175259
0.0006984041044012391
0.0011612372906025345
0.0007264076919491093
0.0007733019258362756
0.0008814060956725663
0.0007154846757769256
0.0007746121575974601
0.000819387049533254
0.0007867167331467044
0.0008422494767057741
0.0006386715310450436
0.0007833575006433415
0.0007871488227070686
0.0007930847394769481
0.0008228456122189255
0.0008149032171861942
0.0007333648477516276
0.0007728264079849572
0.000749337302071429
0.000822969796408971
0.0007849326684019692
0.0008507478160011782
0.0008115105064431418
0.0008588940087772446
0.000799275023883221
0.0008144891510472815
0.0008206972752437435
0.0007918539952865763
0.0006716672570624573
0.0007423421069889982
0.000757041987737984
0.0006617303336538499
0.0008421364843679208
0.0007799142371375437
0.0008825256468660587
0.0008663137833245224
0.0007960394004495203
0.0007415614149341221
0.0007667253685122589
0.007506893186736055
0.005631889825838078
0.0010247087121922694
0.004479691831529989
0.0008848263131318705
0.001559623471291224
0.003303593971097643
0.002214864686527568
0.0037190117577015624
0.0007470387333165048
0.0005898071194810735
0.0007868928361285752
0.0072504866687658
0.0009260470945523624
0.0008185292459964858
0.0008671049446950166
0.0008811372837406715
0.0006980556799182725
0.00216981314959878
0.0007912298885169695
0.004464538452919807
0.0008608795998613757
0.0007777274457564475
0.0009026152609195101
0.0008209815801742848
0.0008037825824156071
0.0007162202416935185
0.0007645872699338586
0.0036602171650342067
0.0008361057125613278
0.0027807735615621204
