4.002084159340202
3.662898300979637
3.4728266488228763
3.330603535456573
3.4649107449229617
3.342590515322004
3.225054089859447
3.0560801131932256
3.049543721088793
3.041257500642471
2.8840783114455646
2.821720238015407
2.6883488747308855
2.7492021015482555
2.4984732257304914
2.581690639544593
2.555823944685882
2.2907048317965386
2.5734441188297517
2.523627955833584
2.507960271095345
2.3840496416054235
2.365440203758408
2.3247376401460675
2.3814002503621667
2.234141686204785
2.141730585493201
2.099683083867344
2.0893468243316775
2.1235951331036977
2.272281183107271
2.144065787227985
2.1163818710296916
1.988507239254797
2.0520297457833405
1.8736284067564015
1.9488095477109013
2.0085634290279497
1.907163588385453
1.8276192127640012
1.735563143041975
1.7053185164286855
1.8320268237443713
1.811029400219122
1.5463327441784072
1.5748194089954155
1.5844058606769356
1.662880243295915
1.7835975802520927
1.3745285313309326
1.5670884749654985
1.4605998788928367
1.4960885825596497
1.5217920199107404
1.3424335677727552
1.430393094672681
1.3652546217062946
1.474653144882661
1.2399691725771125
1.1068742318866212
1.329054106096184
1.1815709609124172
1.2279119847137485
1.0328350231187318
1.0955636347817714
0.880187209046303
1.0629662880125277
1.1826354795659784
1.0391723920404694
1.1068878165287646
0.8049599539994441
1.0029403381500128
0.8223658219633438
0.8765863203073826
0.80293333439231
1.0072200445722799
0.8005196950326579
0.7246722262966647
0.7490882329473055
0.6743636538882579
0.5637509886655748
0.6366059085927385
0.785279787082649
0.6928195206221631
0.6965032378008785
0.5466277204831329
0.5475554721327553
0.39418680351537694
0.6926117335774095
0.460651286347146
0.44530292778922015
0.43125916401909736
0.5815829950737549
0.4265718431557709
0.3541755032598737
0.39733301582490854
0.45141658344092006
0.33977549041133004
0.36870966220778734
0.3345054358066357
0.30329768958805114
0.3828376941319607
0.35217508874623643
0.30536577136132986
0.24179584813325153
0.3152443694648947
0.2889458986790421
0.12445639554373802
0.16188340010327346
0.19478426940947993
0.16779042857406956
0.1409020782804023
0.2171005372576976
0.11235376230449798
0.14867368158950595
0.233782258593446
0.0935335649601122
0.1332897036103134
0.16596353888240994
0.0679319587538351
0.07575744245481154
0.11452432580463565
0.09541859243930344
0.1095246903228982
0.10901580718324541
0.09929022619238653
0.11582242238818699
0.053533038590452844
0.05748769006369363
0.08673992388844279
0.050195039519703055
0.056739476453395846
0.06922480161487818
0.0509984491641068
0.03304971523199846
0.030238770321456547
0.09104042258417289
0.04497068822486387
0.021290454903462937
0.07658278288927639
0.036123617027730495
0.032112495439270416
0.06968219135627256
0.01801905727763633
0.023381293594346042
0.03901029044380374
0.02019285683150322
0.01795534288930515
0.02444016216786999
0.05288271289077503
0.04681482425475549
0.011288382914957516
0.03718628358551444
0.020775456412040927
0.009436180516712326
0.009628246394853764
0.014712630680416675
0.018433618418331223
0.029385220252133054
0.09364467089256238
0.011533855102513094
0.008427744753325911
0.04077259704508648
0.014924784523108367
0.019516380723777836
0.006854202973485692
0.015548716797862409
0.038155272686854
0.014287957235824983
0.008331332180262954
0.02305958031568376
0.0069610114875982825
0.007350232964454084
0.00806822965061892
0.019574531085426942
0.00990937954284839
0.006216465219760275
0.016761529837844298
0.024774327493023003
0.01507340109335635
0.015729779282804415
0.0062862441801883355
0.010925867203183774
0.029971492817173612
0.014332914449848008
0.01264004403381834
0.005837440544365597
0.01076301402010633
0.00492262673633406
0.007401154492838518
0.014879152717526493
0.002995499981517189
0.0033948560677693014
0.010302925066522427
0.003318448914762487
0.00467055502777377
0.005125218331821692
0.007939814543556741
0.00917879677503505
0.009620108763999874
0.008517933345666685
0.0023568597457828563
0.009341835540187774
0.0036528344682839977
0.010485680378418755
0.021769370048309027
0.004496706929045471
0.004254392368640008
0.004437219995392259
0.005422753508563026
0.004834365660713399
0.008973977624130273
0.005016081124462819
0.0076310050128865995
0.0026629190833475876
0.004432903563363732
0.002962796439782791
0.004007060550229076
0.004383262464792381
0.005031438565906758
0.0034874360362028567
0.0018662262894553277
0.0020096646387841367
0.002570703726797003
0.002425917711032658
0.0021195516389822633
0.0023086352596507647
0.002077413034808797
0.002372143748393533
0.0016946419305976217
0.0019679976199323554
0.0021955474230621747
0.0016606091300509368
0.0022399289229897224
0.0017143921927151844
0.0019420742421169316
0.001990501316916547
0.002005875102091495
0.002048766372553281
0.0016154920672717583
0.00242292656726894
0.0017214523070366021
0.0022145139760072737
0.0022126881202469643
0.0017321868913336923
0.0022131975083696646
0.0020531381747513743
0.0019022775383906257
0.0018327877616321462
0.0019250224124711655
0.00214249853554242
0.0018858453573818855
0.002162478566030032
0.00165990140289247
0.0018758508977527132
0.0023593595682823362
0.002303081065059021
0.0018688700136376146
0.0021472713910571433
0.00192672174052681
0.0024452288476515963
0.0024773654211603198
0.0022303685672421304
0.0018756142425109049
0.0021715940829802544
0.00159039783252544
0.002130553474750072
0.0016534753818530825
0.0018598080317419469
0.0015735144981178367
0.0020259174602187137
0.002066698983949125
0.002276963276445145
0.0018848227706167366
0.002566773317511953
0.002233641527438172
0.001854280875275337
0.002066302786865658
0.0022958612588710055
0.001978968069323469
0.002332610847263395
0.0020626005843614424
0.002174393116079649
0.0020580185606303095
0.0018591652728505294
0.0022181461315172435
0.0020436849560562993
0.0016837703953489398
0.002464346652202432
0.0020310326261874447
0.0018192373026913397
0.002384640540326496
0.0020513187822307375
0.002285285889665479
0.0018499324502199619
0.0022762377627605418
0.0034973548554884564
0.00269242798194137
0.0021204776967677576
0.0024396049988887835
0.002214370507642934
0.001981728088919534
0.0022125810807449705
0.0023967206941218114
0.0021670353256092634
0.002095275494158052
0.0024598205332711
0.002227973814291293
0.0023875805586123966
0.0020518453438404336
0.0023409011347366032
0.002699846894338914
0.002219266278134543
0.0019085912392022848
0.0023861439524971305
0.002333523011619634
0.0020462307335587515
0.0023530905637233713
0.0023247728027435592
0.002296533428908425
0.002042140076759083
0.001978319532791443
0.004082212283598485
0.0019982326859248663
0.001974617178439373
0.002590975306155478
0.002037994121353759
0.0020929129431287224
0.0025499576593751164
0.0027067704281710254
0.0020089464257471057
0.002233377837470083
0.002065957432787325
0.0021640577078497125
0.002453619092488206
0.0023266133093779967
0.00235483584303698
0.002010159979164316
0.0024289779346096016
0.0022221385803288937
0.0021394204154265607
0.0021509505888855284
0.001964452319319631
0.0024638218171691333
0.002362322632856533
0.0021416277424238057
0.030514224161138692
0.007796245700895092
0.005416600209414979
0.0031832700474440597
0.0026414234371473946
0.002716702420723173
0.002699278682651358
0.002934940717922704
0.018192951915499418
0.003429745283141808
0.03689685979921698
0.043070754869435256
0.01233738947885857
0.01409419931025915
0.020404461636850273
0.044510586313996896
0.014407549984804435
0.03914403626244075
0.004985857074565045
0.014154875523632274
0.0504926884193924
0.004739162056422221
0.014386579149294625
0.03321632848368626
0.055984240143370556
0.011185121137008463
0.01878571040228628
0.013419554994631776
0.03142688705261669
0.013607679097278096
0.024287856750773742
0.03750188821836098
0.035134103245110085
0.016752816879781543
0.016454166082184408
0.03168773042364013
0.057170450584661345
0.031604861827867405
0.008770135975962212
0.00530603068725133
0.015817196451141415
0.01829408011219388
0.0315491158525039
0.0652143771003558
0.027272628470671866
0.007031805814868959
0.01447207233078569
0.026187721969847623
0.00623023745244205
0.01146348791417617
0.004337782895402172
0.01515343110185342
0.003395169183008068
0.003554366025516667
