1.3070963063029626
1.3005740632597702
1.2524488139940488
0.8853890815462815
1.1977231606844154
0.9183258808786159
1.0499350206416282
0.8048747582164714
0.8771985344145928
0.8575427553384994
0.6949504476408426
0.8173182470785502
0.8262374073966638
0.7818112955123363
0.5419944669968247
0.7460266113829709
0.5534607881113045
0.5916638419193307
0.564852031583296
0.47064563882890476
0.4398315387295795
0.6220185658630911
0.40008437792596385
0.42532655376309103
0.48698682649892017
0.4969830849939504
0.3660394726904454
0.31162865969421033
0.4891308608414172
0.315528209558832
0.24757331344147787
0.3650059625608238
0.43240613342616535
0.27998677848625125
0.3201553374463041
0.34749486193870444
0.2612034712231016
0.19178307918078924
0.25027644955784656
0.1764387900866411
0.2749628208114715
0.2724735489197872
0.13756980462087914
0.2118767017733588
0.16875706114694558
0.21212254152414114
0.2229010623436138
0.1468932817928321
0.16473402513554464
0.16400058740812773
0.11741436868083358
0.1396540959570901
0.12998833669537288
0.13998687979226482
0.13837918373792196
0.09685863744618854
0.11682513707081876
0.13549643761263552
0.11938450796293584
0.10800470492402033
0.09622075761695933
0.08717731565603645
0.12388969663905267
0.12591807912699524
0.07256357383837586
0.09442843541789164
0.09101407925858178
0.08206230372609227
0.07452902135266837
0.08170700190380768
0.06486705623543679
0.0697489371918002
0.07964390358600772
0.07176839045645597
0.07664941847862883
0.08135642481594269
0.0735381941234257
0.07871911005001495
0.0810994822155205
0.06275178384686733
0.089280154292486
0.0686751878596493
0.08044148270806933
0.08132762909398453
0.0779125670395027
0.053127668381737526
0.07832697662813501
0.0835583375501823
0.06156177824080955
0.06542868922679476
0.07190957677877405
0.05193901638764015
0.057506912757812764
0.06052461270138917
0.06484679722466122
0.06984155391055029
0.05529651946350285
0.07762949050684789
0.0738276282107336
0.05774857561653153
0.05505177651560126
0.05264324594724616
0.060516660974624936
0.05045851051948931
0.03751379790047653
0.0529472442277086
0.04327352660620821
0.050737416821786306
0.04580725430912998
0.051373242424126775
0.05420455633402357
0.05522178268349648
0.049018182037300684
0.04906667926609672
0.044904940598978565
0.07069808847365477
0.04544247350563376
0.05129852427570212
0.049857589262296005
0.05963924671425123
0.05617034487191428
0.04259541831622289
0.04253845498001112
0.039063340745431926
0.049036946843084385
0.05075624647487274
0.04490392411708803
0.05190333993199876
0.04185245290841717
0.043670829576708495
0.04077302048617719
0.04419145348035731
0.0368224959248652
0.0549477346414801
0.04733329938093232
0.03213567794982171
0.0530088340243773
0.04166717521223974
0.037727278662682495
0.03408674952302593
0.04576221894861865
0.05460278807925917
0.03871619237731097
0.03915096336647074
0.03712342561328989
0.0448627316769077
0.06153111961900899
0.0351469895220624
0.04949597334619444
0.041453368697693234
0.041100139961985103
0.034679048477282766
0.03423713251155022
0.04476185833585986
0.036748558945041615
0.031063909979676573
0.026533155062247904
0.0361923385992096
0.03522046248078241
0.04186135097547441
0.03352067336421466
0.04440706341295707
0.037167775098324723
0.0313365671470638
0.03172571159047533
0.033421622995685664
0.033673950564072075
0.032039911246303635
0.036017210833011126
0.026596640033012424
0.04930128933880867
0.035622571484545784
0.03960490199603371
0.04391804954541019
0.03313792552599077
0.020935584791328544
0.03515313839952093
0.029200589847223946
0.029653720377665678
0.03204478923229344
0.03398619669704549
0.03126692215503196
0.037868945559061166
0.036479041535191416
0.03069235518604472
0.028650346088501664
0.032766549987105674
0.026517412089674997
0.030898150143811254
0.028128433136998615
0.025548621933491594
0.024835041439492916
0.029963481878769894
0.032864104006416
0.031096594674137872
0.029320307403744066
0.04011889675759782
0.027719290712668286
0.03876592888635903
0.025981340326844415
0.03653366278181704
0.03466080807527821
0.03134724430822555
0.024046869856900206
0.03336268797745489
0.04307449974844634
0.04273041508841792
0.03547802030740113
0.04073043712462748
0.03605466897002199
0.02777521006585403
0.03107159577169048
0.031592450755495424
0.028747111106332397
0.028756036822003145
0.030403499304022273
0.024826045982213368
0.029259198676510705
0.0309834224136607
0.03224041900650493
0.027593800785355095
0.032392401634346334
0.030591286294632657
0.039128332348105525
0.0317888432658892
0.03081352312001532
0.028354053132983326
0.02611865161334905
0.02807091353397991
0.033506915752809965
0.03291060117804705
0.03495908568179865
0.03881240150378144
0.032333972425377805
0.02670320022902482
0.030443016366159016
0.02401380602365484
0.038979430729206135
0.02986284510856227
0.02958417150076411
0.031692972247002356
0.02500905490036872
0.026053058446070327
0.03994255034699333
0.030215666896220794
0.031862743623713594
0.03314896340601418
0.025502641057197583
0.026723291842929032
0.035415101162916275
0.030115401321938757
0.017780305624832467
0.021283284290754545
0.02622467622185006
0.019794455605469077
0.031150926918880502
0.01834325644165665
0.040538931305887746
0.03578816748900604
0.020325292323515865
0.028952442254307764
0.0340055535649404
0.026025856088960277
0.033909497668660235
0.03395957755564356
0.028573903256607486
0.03137233029881693
0.02545575000087751
0.026722652058819896
0.029389345567151802
0.02422909787571361
0.036054399057505855
0.028806914931569005
0.021443016731567982
0.031116456421989742
0.02790280444834221
0.0214516405081133
0.032698574075154786
0.020544920696959946
0.02898416058136214
0.02512607233469833
0.0208442970672704
0.034630478327063105
0.03504807417958959
0.032290320436483146
0.023682825932369915
0.019018791593409946
0.03261956264608674
0.030231976981285796
0.02873423191931445
0.0192312303568084
0.02498132001642151
0.01800665920241788
0.023638229267500498
0.024754139027702533
0.03205025482396805
0.024084246279562634
0.03403124930161924
0.02735389753193328
0.024090574727826605
0.02337084859505623
0.0196945202016306
0.02621703823269776
0.02108788830255917
0.03707365498164504
0.02612831561191814
0.028692117561516343
0.029179082809611567
0.028312187568716802
0.021498008619445726
0.03196703842274067
0.023951354847389174
0.015182258561923675
0.029974699299721984
0.02639944188591082
0.033489125031253536
0.02532684859926394
0.020787328708214654
0.026143995436943967
0.024838972237402886
0.03508716522962001
0.035899102762848197
0.026573443544376886
0.02692650865518185
0.026298151565431638
0.02999345115430866
0.032828365035340736
0.034949983326119295
0.02379624957590191
0.0232270995956927
0.026792780328423547
0.029670653636206818
0.028738449524460825
0.02278820337554713
0.028369780024754876
0.020112445114888
0.02493814884366913
0.021348292496114397
0.03166346783094239
0.02006615062383251
0.023172545601783556
0.02381888479487385
0.02237508096929213
0.01917224425420221
0.02062404977015498
0.02469531278075472
0.022083202477405032
0.024759231023063516
0.03204620506366481
0.029370186031512008
0.02683411320010424
0.025691488533669184
0.02686780484571812
0.030307533193043884
0.018685649965488257
0.02451737351780852
0.03105537162321606
0.022650122809514898
0.029863432079783692
0.033255817129556796
0.027001002599719447
0.021756571308658733
0.034053529825054794
0.017463971761715186
0.023559483075662285
0.023039432639857967
0.022463139765893297
0.02536875264060372
0.02759613368213194
0.02934442218295178
0.022929197057489234
0.0230019147861616
0.024740735115533697
0.028581139585016402
0.023978456909375605
0.017903940651839912
0.009204632697611796
0.014869448214650558
0.02256033257265054
0.026915225199884717
0.02662028339730132
0.018494027267230567
0.018930730880077067
0.02557220868001895
0.028428309324765855
0.024043491943189433
0.016493806794866592
0.02005203502032987
0.028046786879867815
0.020878697898023563
0.023601597615047737
0.022588722935780996
0.02673613496035796
0.02543608518076363
0.03120053819212589
0.03272596488211902
0.028745418423944367
0.02395570448553858
0.01821480953672751
0.022002619418502668
