3.983911372543018
3.6323990199277567
3.752868762496508
3.6798144244258792
3.4666503399717152
3.3142491098983617
3.3319533197689895
3.3286515232353353
3.2129863301665806
3.1991533414547204
2.939114909960116
3.1341925399187085
2.931345856461646
2.936167489819405
2.8459476521720504
2.807796281783758
2.7421352282462146
2.6930269173167334
2.6130357181784043
2.629323939033319
2.713404337492645
2.6067046565832563
2.636751027753063
2.613424650850102
2.510747991647199
2.5007611714289597
2.4393885991249027
2.382658885583676
2.438882555109031
2.411141492257222
2.4021293412712406
2.445128542129669
2.4073395833916633
2.2707758827328948
2.238721514984695
2.3406969298749987
2.27217718808197
2.278104095348246
2.31928234842483
2.186016931717922
2.159422968472461
2.2031038982336537
2.247774987055144
2.1852752595732894
2.2181656484935077
2.1570961003101443
2.171879084377534
2.1185004283823456
2.1473326738388487
2.0768074947345125
2.1206084773725222
2.0817894369714383
2.1456409228074604
2.0182911775886976
1.9400203377089444
2.001792955389062
1.993931174846574
2.055226006210181
1.9489844523387228
1.9543252421745987
1.9148368223784342
1.8279339042159908
1.9067548586485625
1.8118994016913248
1.9450374780654798
1.7765898399094826
1.7688923866020194
1.6685588477817124
1.7478819451250338
1.8676566652932127
1.8401136790482497
1.832435101588906
1.803200965481743
1.8315302865276606
1.8365544542671823
1.691604958636761
1.7051507953647438
1.7210809487577658
1.717825794427868
1.6325359392781842
1.504649122638431
1.7117436632717649
1.4676921342523133
1.617541336832766
1.5173229204733434
1.531893284984268
1.6717148969419813
1.416192855519887
1.6177669800697383
1.473721270529082
1.4163416093152725
1.628035316326569
1.5391055421655677
1.611091459409646
1.4349628038367914
1.487692482490776
1.3041232335374142
1.596332956189093
1.4158525617182565
1.4901871602474617
1.405967933637281
1.3657485389632138
1.5335852518461028
1.3676902666199937
1.1742508274969052
1.3220170063017789
1.3732659333068267
1.3445098903216988
1.4051872029270154
1.4893530677299414
1.2148798583486782
1.462816322220191
1.3916072203737797
1.1685611410619556
1.3258473597049207
1.4414942849560388
1.3335362912153352
1.4648965768009607
1.4495556918795074
1.231971829035451
1.2306125684673463
1.362031448072419
1.2033868336965616
1.3213348072334457
1.175486130817383
1.2162431746635722
1.3028316650012468
1.17652388588699
1.2158359345659762
1.1653726722648075
1.2365966765240903
1.184103451183954
1.231860524590584
1.0309796405828782
1.0913255577869596
1.2860430359093864
1.27841152839001
1.158432944977013
1.2658423790717084
1.1834698713355776
1.1468848304422958
1.1945113421515585
1.0822755099080186
1.2611333930418482
1.0851790921875353
1.056723714650111
1.0296509800197762
1.1613850776967716
1.0029392213749913
0.9658873506590189
1.1107352925926928
1.1294401254627773
1.066683048352681
1.074633662772537
0.9597368703902349
0.9566621981227872
1.0074555591160828
0.9737442129622969
1.036623380737946
1.0818792823435779
1.182421820415147
0.9866968917092693
1.027157884177181
0.9601670945972375
1.0903227484238924
1.03689814119186
1.0121701563381278
0.9352833972290867
0.8536357997473619
1.1026582461621182
0.9182923331732573
1.0121414229218606
0.7624110071555508
1.01073884320876
1.0072107356214546
0.9412058658543806
1.068642545262638
0.9573784443739859
1.0654214188239162
0.9990431202865444
0.9165318527166416
0.7920307413415085
0.9319284379863358
0.9424004002752229
0.9864308303379701
0.9809574386098386
0.9113490671982134
0.9212789475099268
0.8520816858221261
0.9632600796798758
0.8933415598511463
0.8798051908887672
0.8221966783658006
0.7055804551965511
0.9205796191996051
0.7733713050999894
0.840813856339756
0.799103399457356
0.8779238945593171
0.9200499636398641
0.9151528890709489
0.8241351393768952
0.8387105753131469
0.9241852823320695
0.7797723444320657
0.737998576876614
0.8627464723757452
0.7968790197013907
0.914637902968591
0.8227937411085353
0.8210236324274854
0.763305501041058
0.6893210322916143
0.6846691447668276
0.8294718708310344
0.8258501907653096
0.7677183840266752
0.723024155167338
0.8231486071373858
0.6711627539984992
0.6690984923824678
0.8393358604835175
0.8446021311039196
0.7588796046939004
0.7607788567564757
0.7468880059505559
0.8447667826067621
0.772508275115708
0.7386784653792289
0.6133751942519308
0.7247953235285292
0.7272147678768002
0.7289462351359073
0.6767993577278185
0.7560768313849253
0.7593202348380366
0.793026656937492
0.6878942502255276
0.6273800533520916
0.7300689192141296
0.5835125038669083
0.6684834102329031
0.6979422466333912
0.7540542822267422
0.6848294192088742
0.7018381805160679
0.5835545306069877
0.6976930991930789
0.780803594123906
0.6537442489721446
0.6196598504317176
0.7343471532640656
0.69809480065292
0.6396844960168917
0.7329534201161183
0.6503699803501052
0.6011932497515211
0.5871070968640483
0.7136260449690311
0.6686835411715508
0.6586878871249993
0.6594699073096213
0.608353874445502
0.5642410719367218
0.5721606769260903
0.6687381216237472
0.5745372586070345
0.5470571749448276
0.6585320571595259
0.5980741497847187
0.5612590461924214
0.7072514539830433
0.5924296749150846
0.5852089517697554
0.6008069976394206
0.6072069308506606
0.5862613828392715
0.6941798873991398
0.6036398258971042
0.6560256475303718
0.612880972019582
0.792211230891477
0.5234508714391121
0.6171773580202474
0.506800362414688
0.5908102582402367
0.6117436003377885
0.713450580252472
0.46378285603553493
0.6732260553459734
0.551150054295477
0.5598136198115569
0.5094465613185958
0.6640843730293787
0.5324408647713983
0.5310846759849879
0.6049132252870069
0.5360962268330685
0.4824795298877957
0.5149696377941881
0.6409102248176868
0.5157327806025518
0.4485754941084517
0.5873133437683491
0.5871600445132096
0.543654310991371
0.5817226001792801
0.5356022030268169
0.3349933277535117
0.5152664946931191
0.5595166081790856
0.5227606921529862
0.6686128247674213
0.5488686393891192
0.5376465988976113
0.5540320997609645
0.5414889487707246
0.4807297346542095
0.41602146113542693
0.48659807097346286
0.5147667670600681
0.4726712513616798
0.40044397414138827
0.5054442761404937
0.5639101090210539
0.47406179209255617
0.4731131722621578
0.47044701149167595
0.4459675871422156
0.5463530277777913
0.6313416007833139
0.5491744422429258
0.4803640974157363
0.5542001009105232
0.5200262205827876
0.5595773697024542
0.5050419034657843
0.556153154641976
0.5099436055732567
0.44606425504712677
0.6505602614991876
0.4381085249099713
0.4633843734788849
0.5560473074068282
0.5324074369185504
0.5150782579116868
0.48014616487317835
0.4470809585922014
0.5567694700820147
0.5374089822443466
0.5824094053317184
0.5081235969389089
0.4708051579942506
0.38294816869732995
0.46455547651915563
0.5383465145102218
0.3733740361111858
0.5283342762130301
0.4690172741042578
0.4395886472145108
0.5478397316473625
0.48417754840101146
0.4506054204533421
0.4646405393278491
0.4981984752813114
0.37430298558687525
0.505414643024162
0.3602636442924733
0.48330529538131506
0.5514028083253224
0.5505949539673934
0.5226440987600053
0.5901157046648706
0.5059245400043367
0.4215287883886945
0.42164745999840714
0.4161858536727688
0.4132602980922638
0.45600587009853283
0.4163591278296447
0.4566834642454146
0.4093492873678586
0.42071003695977416
0.45255297697100794
0.3722494726146827
0.46579781662391706
0.4178840691128064
0.45360341600512255
0.44297440181467207
0.3941227227501186
0.5081442202002704
0.4256870346631734
0.3995904423140201
0.34696905217034457
0.40599497403725565
0.4509511733473982
0.4340510962963595
0.3546421551299642
0.5183377604542383
0.40460670304816065
