4.114732803090247
3.8037428208383615
3.5775977643251204
3.6402654144759174
3.5289091294872548
3.3392129245915085
3.327650818154013
3.3360080122986076
3.2293189742188178
3.0396910998492173
2.8728462245231787
2.8694949390395603
2.9008444876113515
3.1263493639932403
2.710897701679184
2.866966937887494
2.7100231935005725
2.5725009387192044
2.5480817902112802
2.738512089468629
2.561136720044387
2.507289559265925
2.434437374400848
2.390722174649862
2.3611529005050427
2.3247724191371284
2.2922925511669225
2.2118120275775603
2.308490723044534
2.1647179427399212
2.300168748472702
2.140914533214757
2.1070523509139454
2.2086547469703666
2.110328482829939
1.9502529357791982
2.0341790262477035
1.9592879261026621
1.8852880485871357
1.9756939763820758
1.9491995319107183
1.90174744013748
1.9159620104408108
1.8976199260766333
1.9115988606365613
1.701510477773395
1.6866783518004809
1.7659225036310755
1.8015910594623352
1.721464357369009
1.7058483665400144
1.7234670787538757
1.7072236959747058
1.6487989355661625
1.6819018121682792
1.6805655934078492
1.4579031867597212
1.3669833680256418
1.4361894949697944
1.3597657000588872
1.4992106406450452
1.2730517210058128
1.3486237388322277
1.5185573050925705
1.2718736389932062
1.4216562902850278
1.1726521815981825
1.2543827779268448
1.3376541076695978
1.2196086377346513
1.3724569390160821
1.2868297569402114
1.3246199795365692
1.2196929510569587
1.2047750725195863
1.1514894001034266
1.223818295581905
1.0760272773192558
1.1569155090694143
1.0227899554486313
1.150732986227586
0.8743298501465617
1.1009275258563136
1.1159230016993136
0.9619521227021854
0.8999705441401732
0.9557299647280552
1.0109689232344856
0.8857303470209532
0.9703456252348073
0.9313574617418965
0.8885103129858182
0.9200789253570962
0.8410031880560183
0.8959400297365525
0.8833965180837048
0.8007789828003
0.811470051452439
0.7761513360872179
0.853689683992337
0.7463181211091292
0.8148591791215232
0.6155928090307617
0.6865896372655642
0.7898164591640442
0.6106451845568481
0.7396917990921608
0.6367318133960937
0.7339163022370989
0.6112781771550985
0.506603129289661
0.4471771923397914
0.744690130223665
0.6288262881925519
0.6158461795400745
0.6026419663945815
0.6262623349324477
0.6033327119863585
0.6003675172689545
0.48182559998659746
0.5623855972000354
0.587607051791924
0.5002522756471011
0.4988137635032256
0.45046368925015984
0.5894455283170253
0.6588400421594789
0.5388603306332135
0.4266302580042246
0.5117219768543708
0.5304322844712083
0.45917547267803405
0.5971781872548143
0.5429152460481788
0.35290975650004375
0.4986263435138034
0.5807261532874002
0.4484735143260049
0.5207121601730043
0.37779398868989267
0.49478496061617994
0.43040041773631577
0.5018264676021092
0.3725387403954458
0.3857039657568161
0.3778069855349649
0.33401398204867216
0.4087555454560393
0.3632965736560563
0.3896307215805715
0.38840920173753835
0.3666128404910309
0.380818557427715
0.36149122238940035
0.3680051233664246
0.3280987733862816
0.38959445063769615
0.2894620877219136
0.38153426130855034
0.3179730309422222
0.3496546711855696
0.3138935388242313
0.3132166965718447
0.35475157656256806
0.29378547788123177
0.3196122946802311
0.35255184139415996
0.27769797042140365
0.3000806380529196
0.3074264291761834
0.29477309442672234
0.3679052872229119
0.28059655421354435
0.309118473073149
0.2942036614384028
0.23051019497210215
0.2902406640416194
0.3199364159174999
0.29319351105646874
0.3046018254042359
0.28920994954009177
0.28872741443617833
0.26364511038939975
0.2510599867309846
0.33425431481100853
0.28099646656964156
0.27037231442948945
0.2442197167598351
0.2680820612419726
0.3454686585677544
0.1819781901623294
0.2245978776053398
0.23448594654927998
0.24483333092869594
0.23660753649064342
0.24724727380815667
0.22939110090813336
0.18956905307576608
0.2681202014940435
0.2340355172563453
0.2943668444459132
0.2828796864606856
0.16424599434873505
0.23498399342512455
0.22467371980366715
0.21485626536499858
0.2013034856523126
0.2560784035679071
0.18236594681303286
0.21689502370901978
0.2152952815470924
0.18733396269069105
0.2059196739524046
0.19674688988078845
0.14634125234624978
0.24059626588475766
0.22632765726215184
0.14814134064184298
0.26092604260909835
0.1488636152729068
0.18759656787056667
0.1785778611229904
0.21602576526264855
0.18011086926812261
0.17165236626812966
0.19361406202547077
0.15034641681064204
0.15163422114526964
0.17878568825840577
0.20495643796555832
0.15425837301505974
0.16894844996890768
0.18313768286659252
0.16221842579822165
0.17503856961152092
0.1653879808483571
0.16229100268842916
0.14823172786144892
0.15841719060262094
0.16373054128793058
0.15594936739265686
0.19282341616819373
0.1593519240332315
0.13430040325179224
0.1892137818746295
0.11402633838339134
0.14228492742620513
0.17991394775443958
0.17655625092341093
0.16009471943923015
0.11406510393270905
0.11750875555212872
0.16234526194905374
0.19872007490262855
0.14187652518873536
0.12985622754206677
0.13018940133413665
0.1398349433306268
0.12286065104328518
0.20239466397863887
0.1514214905157234
0.13880541977081792
0.161977096389814
0.1540086373510932
0.15316626883796192
0.12860659221893767
0.12380137803720201
0.1713988422557428
0.1637037746557826
0.13543483958922536
0.11244324975946132
0.1014771304568958
0.16647065036385328
0.11284190509349819
0.10914634998194131
0.12748626479815078
0.16426813892526504
0.13642754123131853
0.107669276934879
0.15080070761061642
0.09982892313671585
0.11186230470481635
0.10853062895386298
0.11057645665413932
0.11495620310364858
0.126866345825596
0.1364829193902855
0.12204050500603843
0.12106373422182218
0.11650663206267886
0.11954460726563657
0.10651795971585458
0.12877375327060886
0.13219399388495529
0.11879350035766989
0.11270636057366594
0.135819988838229
0.08820102662265063
0.1262117612831652
0.13493290599420837
0.10341199271981194
0.11613657722041575
0.10351874420098417
0.12317908079723025
0.12167647648224814
0.12065826018259726
0.0730692152310629
0.09689053125163462
0.0939123511137054
0.0774808467637738
0.11093522684849119
0.10695430041313263
0.10529104384177823
0.06858413060902913
0.0881870347827041
0.09246796135192852
0.08547918828559621
0.11907604190343073
0.10483518839730976
0.12488126297397276
0.08277392463658043
0.09174714800434565
0.1056598946928077
0.09933897419100131
0.10359687448034553
0.10078408350643224
0.10090092502089627
0.1043920817082477
0.1260739378954967
0.0868800778875096
0.1720007186470725
0.08853538855263741
0.12067491155446715
0.07831719749672277
0.11027555597029544
0.1254978706331965
0.09880175151046547
0.11268254182439552
0.12419683894587867
0.10250944578384769
0.06968004052020055
0.08846282225130561
0.08329166697527834
0.11203832682152932
0.08673278169950838
0.07196223021770376
0.061182126894265235
0.07900035227640971
0.10843465345674883
0.09745275799665887
0.0924438352523942
0.087765110981614
0.0889668216486081
0.09771184809482161
0.11558515947553882
0.09162473025663347
0.09278246464783402
0.057489078148021254
0.09954202999580773
0.06781058881280796
0.0876370127221199
0.08182768755932628
0.06400473540118241
0.06320575286965711
0.055215472355660156
0.05525263478120492
0.08126390215306736
0.06664735033213631
0.07768835996504489
0.060703175466429116
0.08045320861710037
0.0944850523126953
0.05842573504685257
0.06444151940796322
0.09184285442598852
0.05586739036160633
0.07440738793466659
0.09423917502664607
0.12162495264112852
0.06951046797360079
0.14459464424105892
0.09331328752967184
0.10431788523162981
0.08433880488109688
0.06597018408875711
0.10109875764337906
0.060382140329255096
0.11226244300848068
0.10611554403220062
0.0989167727328086
0.1159428240390972
0.08619298882708035
0.09816857678958006
0.08343853075509503
0.08823914465696593
0.08231854061787477
0.0628551739519829
0.12761383067451387
0.0931950298845936
0.08022398330417621
