4.050848175846484
3.9332955048944624
3.779650490897596
3.533402181052049
3.415554890625331
3.4383660992814242
3.1897206045918445
3.1968721871047934
3.283664988131183
2.9287581219866228
2.9943572497279156
2.929387306367973
2.9108184786910183
2.805181244403181
2.824908510618098
2.668673708289774
2.6316770947595343
2.638752301224304
2.7255442796300327
2.6042246184296185
2.6331935752410853
2.510091980986234
2.577338212945786
2.5432537927612135
2.474441043549086
2.5060232167435244
2.4237343620114724
2.4688760875705453
2.3183753046021915
2.465505148604301
2.4328711158738243
2.24625883569011
2.320406453863474
2.172664920835587
2.255678858117529
2.226610638474093
2.217071809009185
2.2553624972042354
2.3219433675981107
2.1797186368716117
2.1292513272287046
1.9539658106892894
2.1068722977794296
1.9605786225127981
2.1690927747267112
2.017736917796413
2.1286372255770205
2.0633479594102835
2.0326276939641135
1.8759236157732364
1.7798055369851589
2.0875316805094304
2.007292661910935
1.913463809766095
1.8980998213384208
1.8382990836166477
1.9087454126240313
1.82612642487784
1.9544464959837284
1.9464237917890148
1.8329940960059656
1.854837329466561
1.8257052456621659
1.8590683746325758
1.766430680957388
1.695151502652875
1.6858606349961704
1.7885890969082152
1.8382518347356946
1.7395162267457676
1.7283396841803544
1.602775951587964
1.7135573993926794
1.5881853499447007
1.6811918963903554
1.623405106227868
1.6097472407747542
1.7229918290549424
1.7167472177616936
1.4975740232313541
1.5440100292191243
1.557922788723952
1.5600096023424261
1.6161815912510504
1.4639269790696001
1.33639167713357
1.498877939036908
1.5078963824535025
1.5920142930566477
1.5589612461944355
1.4023601975122242
1.5119630553178784
1.3987790108264202
1.5441106189194538
1.3340981818308861
1.4168974489730903
1.4449186242564995
1.3068484299652623
1.4003838833674633
1.4370258165983787
1.4296016207254452
1.4196983430255155
1.4475322647957967
1.3988379888453764
1.4363569920619834
1.2574049492316983
1.2845347550004163
1.2761011129716024
1.2556220586486746
1.3173666840865206
1.3898081074453505
1.2802653814037277
1.3945935322367882
1.43171946677963
1.2112672207827346
1.2330438122436724
1.1231706087586368
1.3003423812098844
0.9553544512395155
1.1928705517297202
1.340896290088276
1.246407064436541
1.2140700553390358
1.0925706805440814
1.2346561273970251
1.1990663028787985
1.2131994363229843
1.1398840396941599
1.1554731175684236
1.1306197647702356
1.3018507889842883
1.2743471560008008
1.1328155591528015
1.1188018125083456
1.2924849841868806
1.0890018028559232
1.1283587082909718
1.0674430372409698
1.059999419695311
1.0615504179574855
1.0562665607243251
1.0692068137670376
1.0588034872931376
1.1188947785864443
1.1135633977759691
1.033522711138033
1.1315013881017124
1.0649094917537743
0.888935926131065
0.9192852930372624
1.091875302691266
1.1110178332609597
1.0042884400201877
1.0345934299511512
0.9773406255540458
1.0793346713906342
1.1339764292345265
0.9649870365209493
1.0589318982634732
1.1336900651971216
0.9029964694128653
1.0249796331609795
0.8614046054286003
0.9483839135926118
0.9959512688573746
0.9972007934170584
0.9529027746512432
0.978574188214508
0.9293313368997843
1.0230799969455595
1.0054217698598868
0.9476843644546328
0.9495322755865381
1.002211841771254
0.960403660993592
0.8263960353474319
0.9240855445409537
0.8091567909025736
0.8558228640806795
0.9515385676788881
0.9712120076868018
0.8108373224089037
0.9340594994382432
0.9225546825693165
0.9122357810353756
0.8041936374744116
0.8432096964247933
0.801516847112922
0.8363101465137518
0.7795624463407809
0.9580879115660366
0.9199245773588037
0.809903677714425
0.840487202605561
0.8653168543442368
0.7981557403804062
0.8687790271901605
0.942765020920587
0.8768698195686202
0.8388750494265977
0.7964409858302617
0.8305905103373099
0.8897712749082926
0.8313274385189635
0.7496344148134693
0.864915788255715
0.7239914076127655
0.6281138055662062
0.8670125320950831
0.8216932425714163
0.7617614087850362
0.9014009353770369
0.8458456587092146
0.7287937725738922
0.6915630896275341
0.7256872079698766
0.8434569881696898
0.7346678860376704
0.8368545884906287
0.7594096481062359
0.7889937504552158
0.8139081302228162
0.8053875847230311
0.6636316772051478
0.7603398606948085
0.7959510375860066
0.666796817656836
0.7031268653103939
0.8680696767415933
0.7819253968167275
0.6961450389376405
0.5702200464750453
0.80428195541053
0.6782560582098834
0.6866236034398344
0.8310675471223903
0.674875669383175
0.7092033534891087
0.7653006404683625
0.729720717369229
0.6411080021493698
0.6722321688501032
0.8098767228646322
0.6664577825359849
0.7015181962103165
0.7398436532432402
0.7758306495748343
0.6676788548938102
0.6134360815955608
0.689515684675644
0.6958314014965693
0.642831903353153
0.6702924493220105
0.7364142735961915
0.734813046892301
0.7394770429822732
0.7203083253900335
0.6748652762543285
0.7254313113421744
0.6566253204243296
0.6970811226812141
0.6400576425163261
0.5838645347176927
0.6923245218070321
0.652454248343493
0.6168640409707241
0.6057169223106136
0.6428707083818634
0.7014693580026968
0.5412926117017579
0.7266138594951908
0.588448902223317
0.6784240150292422
0.5975278440954914
0.5977730142652647
0.6343029629323098
0.6198393993937127
0.7188776515529891
0.6925868349392289
0.5644692611865365
0.6574365168485493
0.6259089434839841
0.6859500718489023
0.5197526382007229
0.48200027033899956
0.649708514108651
0.6352280454402119
0.6501629839881967
0.5893179756567688
0.5516606527783161
0.5653348447763953
0.5875026896792085
0.52889485560835
0.5231671365000459
0.5605744845539216
0.5564712573151711
0.578908415851014
0.6019950585635276
0.5708762801640715
0.6311839274968746
0.6176502884480021
0.5369312164444197
0.5192791381539855
0.5395480884299524
0.5117233140838915
0.6625486308608172
0.47083919694469634
0.48896057267017934
0.6299231944815764
0.5698709491131357
0.529218460529395
0.6222907964101527
0.504198336506382
0.5217003232111957
0.6469287567525458
0.5689031922585023
0.4600975416915139
0.5293191538404661
0.5694247611503424
0.45826923399823877
0.5227963995047311
0.5382660368183027
0.4151452132391384
0.5752672933410835
0.46689600140732884
0.56617543973151
0.6200808442727278
0.5134355221649719
0.5647988885589224
0.5347155702551979
0.5664281271398748
0.5434611377948257
0.5671125261723722
0.48597766876718307
0.46347164428426557
0.47835462299213916
0.420640942271442
0.518246117179352
0.5061278252852554
0.4918236181959495
0.46783812357731563
0.5088888006198514
0.38349078056834063
0.5508745212501882
0.49119322937184
0.41904469072736383
0.5733210088481308
0.5497970832215479
0.5202002801796612
0.4877340376630637
0.42523285534196853
0.48684275450967307
0.6024287782019002
0.455538844898418
0.4619583043732377
0.502654380673943
0.538672402399122
0.5183359068609762
0.47799070504595403
0.4240686601178025
0.452931262248519
0.4081481137435737
0.4988125947191965
0.4348053851552917
0.491514069926139
0.5114438016650992
0.42680601878668745
0.47343813064953205
0.4279906518216772
0.49607347465947943
0.3923111857152563
0.4755346569364648
0.45047241392505255
0.5095220243362613
0.48847235424989216
0.4777135492361687
0.42885015992116643
0.4401525651347263
0.4463643029090615
0.4297008883300436
0.4663485419726595
0.48978414812905174
0.4385312132476096
0.43975941121383455
0.4399497865654028
0.4899914329035502
0.46009458540372217
0.5193499434413533
0.4422287782204079
0.47332965684571515
0.4465192585501715
0.34603195719567814
0.4484946676539123
0.44942216961325093
0.5008577437759978
0.33541278114326756
0.45305337905207504
0.3644370267645942
0.46076767254717693
0.5180809216776796
