0.9596876333171809
0.725673124971278
0.7226233823362201
0.5896343225948939
0.706441203380937
0.4890927508829205
0.4109471668220719
0.3651055048867363
0.4611430834678483
0.294738060307151
0.37299092107210524
0.27526648028574097
0.24880530996216174
0.2058083819377352
0.40294047557230916
0.4652531478359302
0.36938242416767403
0.3272264467036126
0.18121509099899555
0.34540422329722986
0.264481688889323
0.3254199864407628
0.2073327014515962
0.3004033598522236
0.15138876666603035
0.2279448821813776
0.17229745442084607
0.14678401794276846
0.19352687585598705
0.21736970766405875
0.17352195433007955
0.14745263252364985
0.23583325589064913
0.1867813731637863
0.22319519936170357
0.17408160309722415
0.1755219011285142
0.11561526546642753
0.20592214715351184
0.13417862309477252
0.16721335243937444
0.1441109757896057
0.17018041253357036
0.11171767089294485
0.11242064976968477
0.12000398823142097
0.1787160124857241
0.12269443259035526
0.1190102398650483
0.15202616890798729
0.15776597714594776
0.10153142206171714
0.1439435597290642
0.16300546913044892
0.12479107452431352
0.1301363549519373
0.1361439395064913
0.10484017468452995
0.12568388707871966
0.183762860968181
0.09526834822966912
0.08886850250557056
0.08639197843315319
0.1178697404178235
0.12391712622692057
0.10277544931506684
0.11201761047911503
0.1215744900337687
0.10416984726819956
0.09416351544887003
0.11014532598105076
0.11200963238180488
0.09240545042384277
0.11446587775902248
0.11646012651660424
0.08028524992968876
0.11440845381529094
0.0751316612511738
0.0961311175222423
0.11455764299089241
0.08616020306737793
0.0935220050287531
0.09295759011691243
0.09097775205530109
0.07602608054185586
0.10547791313890538
0.0909747782524606
0.07632568707630105
0.07256545523951276
0.0803287812088898
0.05867928911696868
0.08397007310139232
0.110194109662514
0.10228563860931536
0.07738068286856911
0.07479276114475557
0.08701271702454583
0.08404177835121471
0.08108483508687983
0.08040995627240663
0.06822683072892625
0.07158240423001966
0.07341219059585576
0.09033588190684673
0.07661119438072968
0.08252053559515975
0.06756574302660523
0.06501761009467308
0.0669183708552602
0.06945075403700317
0.06172630864703791
0.0800629083231454
0.05994806835542947
0.07083341798102061
0.06876125829982556
0.12348668413453216
0.0755483684237497
0.07850994762331648
0.04882868151108713
0.05632961688656406
0.10267865658399347
0.05050438744089127
0.07788706446021154
0.09903528323485983
0.11003963256109339
0.07071997331422127
0.10976110229117567
0.053073673142098855
0.05344443053947288
0.07406483253823701
0.08774186643966381
0.07386621664611735
0.07695396664935328
0.04662198251467327
0.11849822604712193
0.08096320118026941
0.07192048529617259
0.06187248775845948
0.06462492224047887
0.07297801671770467
0.04727110803256842
0.07524015505757457
0.05832586540581186
0.07543344924731021
0.07388595722868521
0.06677596847890949
0.0651750558277059
0.053717752944859476
0.055166670140995924
0.05897645560366747
0.09013303806418653
0.056354653640986706
0.05266799827048717
0.06910704596673821
0.04763195407617563
0.06673467720585245
0.09105796314851038
0.0858332175609789
0.054533770208487854
0.03965851377566651
0.04952336936361658
0.04533681482352986
0.05318186719369648
0.07136681872387177
0.05355778388842346
0.0789648834245879
0.08801537240541416
0.07546176553787048
0.07911433790213836
0.06415562217767058
0.056644479204726095
0.07180790846790085
0.05728344119395645
0.062172402261536565
0.055001162418127414
0.045070352423880945
0.13751232707064145
0.06820128332345218
0.09493829008965778
0.07164361596141741
0.0725254134045478
0.03502604217402317
0.043023148619036104
0.06776714899501848
0.06857246733950406
0.04587828814471044
0.04730502642441696
0.10224127767268647
0.07006815817978371
0.0520692308812033
0.08457910047898844
0.062360981857111586
0.05942491338920556
0.056803121335068395
0.05019431423994436
0.05001004675354061
0.04631979365023507
0.0614981062609648
0.12883133163722554
0.05148107669686073
0.06547642713774307
0.08894381309679114
0.045791660436789935
0.04745210641129058
0.06924913534583402
0.06262647988948404
0.06750290296870395
0.06920959103532219
0.06407170300781241
0.04539311303678538
0.04677527725534148
0.05068535973684808
0.05241798700915572
0.05882973968666842
0.0458393913660504
0.0895474862802859
0.05110898992532714
0.06138797284107713
0.07140113789295136
0.08348588777733998
0.05469207641974583
0.06664867511922254
0.06784723589590304
0.04571036315230489
0.07656828058996494
0.06300472053655179
0.07671688196673204
0.07442083737615621
0.04708816284455236
0.05705317688385566
0.06697981580552778
0.08057888553242804
0.03587553948135202
0.10166761775122482
0.055281746240660845
0.0783997489025445
0.09426866723701502
0.05952611296430623
0.0592931217393988
0.0405065598063767
0.07696930534082998
0.03793270631659788
0.044222677752137333
0.046441879555179214
0.08886865952011744
0.0370454815891793
0.042826341257786546
0.052982874121119516
0.04911884646880632
0.04776586808284984
0.05280094997451751
0.06016598995239748
0.05463331113534457
0.04730321910750933
0.05567112638055468
0.04713747610070251
0.14349827845997443
0.05807815368729476
0.028683289487603836
0.04906903017471914
0.05323365099829298
0.044644215917339414
0.08021887402003477
0.04365695769463062
0.03690168700874621
0.053519863367082386
0.0472885152001602
0.05020981272371376
0.062130499516192664
0.057651066147296405
0.035583382630095375
0.04919431922989032
0.04624767428433378
0.07976388919537766
0.04977995824553687
0.06019684386592987
0.0454211633441865
0.04689151942820224
0.037257070456037995
0.08853258936363081
0.052987025622122964
0.0423157867494311
0.0927364764529619
0.05955394523025944
0.04284194245099549
0.04346313284200628
0.04744800222866384
0.07045445838654693
0.07463079075627876
0.05856517428583981
0.05150482137648933
0.03608998489243369
0.03927161015885337
0.04947894657221184
0.06730210202314048
0.039746479948132116
0.0547517665889445
0.08840622821016596
0.0756080749093331
0.053439619960133355
0.049537121576219825
0.047576296600067
0.07024077342045014
0.04889418551153362
0.09226365162901116
0.05274281126290557
0.057808114230352106
0.08431255499316707
0.04346984231961458
0.06619097425844832
0.0648532863606372
0.0541890572967478
0.03134998122980061
0.03383638708686244
0.046383448795113864
0.053247780187531936
0.035247401652216605
0.05524799234536458
0.05882744624383248
0.047095771273551176
0.05697905843260627
0.06486878153149227
0.033700029340712014
0.08000905586339191
0.060150916971335656
0.045236181540003716
0.04521782368919054
0.042890555006471286
0.0914630157102766
0.043968919860574725
0.10024540887116393
0.0646149257945475
0.066661010337891
0.05963392680940168
0.032729003562994984
0.04077721342512872
0.033851821879842245
0.03948699560223779
0.03928098355094445
0.07510553224083605
0.049473867318442936
0.039427952909263965
0.0463974466892963
0.0553155219640659
0.05566113005460318
0.041820397067720935
0.043712626441445565
0.05378779086422244
0.04131501797593686
0.051099045186373385
0.04219601875983796
0.044193722690206126
0.048963143217440865
0.041464219011829645
0.044496212847884936
0.03080464145777148
0.04761905488633565
0.03212773462913136
0.034565378178343056
0.0423636399395723
0.03207593405112343
0.05346939223791129
0.04658868336530333
0.0425902500943832
0.03005102661157973
0.045060213699577065
0.06309536299023082
0.06786806596135554
0.05902605054946377
0.05334814720195306
0.05258918772842709
0.05988803699717591
0.05249249489862721
0.042292717324731104
0.056940902738287925
0.033630998656183644
0.09248271603947797
0.02416327174626554
0.04982933972073279
0.06134772275175482
0.04845158778619281
0.0423460948612112
0.08181144070836646
0.03837451199274888
0.038923575048452425
0.038733669081446834
0.044280356854148765
0.04468204943950211
0.039555322402181785
0.04702993447466651
0.039300283837602125
0.05027168093040495
0.04021847706354993
0.03560390907815438
0.044193236179542045
0.047609172671458734
0.03764467436967019
0.035496964962177004
0.05953506320268263
0.049308734284327506
