0.47790850134799256
0.4614663109871124
0.47260466310646737
0.2766196341486056
0.29340513775278054
0.475819660379093
0.4193295577322038
0.3085504041274183
0.5674517250402062
0.365373933485007
0.6372857526399767
0.3952949483113368
0.38786246409735714
0.4822251892798522
0.458871231036137
0.49910515676767997
0.3562476642440634
0.5170387216082984
0.3104804611781322
0.4579167827822685
0.26949689498141605
0.646171398683839
0.4298623933892977
0.35126636118450144
0.5343134703663512
0.5550840202803033
0.7324606559535666
0.7828443238176381
0.4948342426513045
1.2220506736310928
0.7278188098601808
0.7231027374077124
0.688816869034331
0.7738082682448537
0.7058789590310484
0.4716591606326858
0.4983013886305632
0.5828441122410376
1.014282600428654
0.6099104444604553
0.5710805891207967
0.6278970708751987
0.7122753220740722
0.7662148196310998
0.43475727295330974
0.7899072335206376
0.8422367111299472
0.75822640917442
0.697123694086431
0.6686526255640216
0.7256036355942344
0.7897624485179404
0.5187906084588247
1.0066521828769133
0.7351719400652563
0.7455151302387242
0.7807541538115765
0.7602632672096661
0.7409852963045792
0.8190998943916519
0.7328650307167232
0.9413077827511372
0.4876214824489352
0.8472085290466163
1.272769180236228
0.5935306889575219
0.6556533542376709
0.5328060544230243
0.6257311052314981
0.7061859243009757
0.9121940244366122
0.7162418286595723
0.6106254479759372
0.6770846131250761
0.9022254185342273
0.5938789502161613
0.5776648857545384
1.044285313969906
0.7706134865921194
0.9710008257350239
0.9690876652592296
0.936103324076894
0.520380059065966
1.0079608091030563
0.9044620050783783
1.0571712996768148
0.8966605089166487
1.0070435395389483
0.8432979753045521
0.8949132105159965
1.3868630992390827
0.6889152558282665
0.8457333339002163
0.5881179603438784
0.8634396458277207
1.347892716516617
0.9565478695731237
0.773104947033376
0.8357470307533748
1.268441858833246
0.7159952871672066
1.1652400356180979
0.9588535681946541
0.9804799640049555
0.823568944397557
0.7026435360774463
0.8998878145964693
0.7527879041635244
0.6014295014854285
0.548646037505626
0.7198735965703692
0.7111965323502846
0.6333768432545837
0.7817731729425647
0.709162143008482
0.7231036229556197
0.6849571844089859
0.5468426766370016
0.7402764191603814
0.7746609209487885
0.7160143437322595
0.6945013447630649
0.8254592506723171
0.6896770787315665
0.8725862391854793
1.1527750644795558
0.6400288741963726
0.834406711636492
0.5919902926307168
0.8388322213056746
0.8631768932564547
0.6860104378267646
0.7960342893414782
0.7305143373920797
0.6463816127025626
1.3591426759717442
0.7488180324227347
0.9417032070142668
0.9516905098702715
0.5951947183532007
0.7852123191678532
1.0037122413644863
0.9070678532319251
1.069852711792597
0.6540967972912515
0.631098067196947
1.1654840043580856
0.9948201990527041
0.9593441389428982
0.7951332637784005
0.6407533462453409
1.2058633030260126
0.5310408786311316
1.0178961819211745
1.1714367963028962
1.2504057642185793
0.8147206832757881
0.9923446378558353
0.7518235109568525
0.9399963497802191
0.7884441058623995
1.5233616170380835
1.1833177487530158
0.6296699189647176
1.208418595963989
0.8940541808470879
1.038630213881874
1.0035086213383146
1.0302934158103016
1.070528840515617
0.5269119646692848
1.1069161409471764
0.8372296364465674
0.7364922369991638
1.4285827775755293
1.0426133406310731
1.4252842306787261
1.041805229759061
1.045183255233122
0.9544482943634648
1.2422241793685624
1.3427383957665984
1.0350480611036
1.0583169118840272
0.6104551011826524
0.8149065696615688
0.9292092492780422
1.2956957102838977
1.243834000394345
1.0023544620694773
0.9249675166684875
0.6067483934201607
0.7716176896764155
0.8080400320337322
0.7051817723434441
0.811540624989757
1.0374334695791074
0.5985451879800752
1.0671331102361559
0.7900511382643022
0.592981530334647
0.6698198331716523
0.7953985895397181
0.6937561003625461
0.6486047974813651
1.0148250902924696
0.9720270609856849
0.8500100393061805
1.138877404216043
0.7278230611058144
0.9550237845262298
1.0014639108161147
0.6716634239688574
0.6374930038180563
0.8582959950536111
0.6374309715372337
0.9903452328206891
0.9729761336272347
0.8546319081641194
0.850399080229899
0.9967677080352975
0.6505008380909671
0.8708151829934204
0.8624368270911669
0.924030300699401
1.2055212492771554
0.6559360646923096
1.1538096154537514
0.823022129936193
1.1220019799226795
0.9074197596097177
0.8920275234811811
0.9486513764220768
0.9600156925500292
0.8138903162931316
0.6821716423693326
0.8357767116970217
0.7731138790786094
1.021626673002832
1.093692660183929
0.7229592691258221
0.7973976309510575
0.6300426299000367
0.7981878054385311
0.8356279525894298
0.6570968519371923
1.0899256272364852
0.9871075898364549
0.7035692926667466
1.3317241642999214
0.8843406206599866
1.1273258105906625
0.7985084445761846
0.8550804258894464
1.2971897798754313
1.1837591349284888
1.2854823998279792
0.76975614767035
0.6957725181975172
1.2232101510149298
0.7273546592050844
1.1553476888177647
0.8578618353862113
0.7924799519922271
0.9416512399920907
0.882192879470242
0.5668477807152028
0.8651607592214487
0.5953330177357747
0.8878383589847363
0.6021119099498389
0.7874302984339469
0.8418817322979969
0.7789806401017949
0.7100845687194577
0.9052599319392641
0.8177743485727478
0.8000191076954547
0.7251696966026645
0.9788903947530189
0.7954440984501692
0.5607480810223386
0.5246035422727984
0.8035170483044555
0.7940373686471639
0.9164297683983396
0.7086332394813144
0.773505732294047
0.8228924482137243
0.6753621309800433
0.8669029155632186
0.9508361088347881
0.7180600846423354
0.8443146939094021
0.7681113308351042
0.7854987332686661
0.5859676008652014
0.9557342152617115
0.8254122487540462
0.6900909487064
0.8385520205650272
0.8413600323410184
0.5387142281827436
0.9076756739315778
0.7157710243477775
0.6777971996875338
1.0331153598614136
1.0310497556154095
1.4498405091835234
0.9060622729686763
1.129068625681839
1.0057314991023796
0.6646692323958661
0.8272252632328267
0.7487164450535728
1.7033089856519084
0.6264822640521597
1.0685505651312546
0.8587324393587444
0.7182160891634658
0.5924229487876802
0.828278385683516
0.7745681340052336
0.7522646543482685
0.6868525518938579
0.7752802932355296
0.7428215056678893
0.8854548309129517
0.6984647169729047
1.5605501243543867
1.1917461273142869
0.8492302723016112
0.5527252357604615
0.9019715942424276
0.6949078836803951
0.7844255620384223
0.7128410063573757
0.6895205947250858
0.6130262948424982
0.9199162399881642
0.9085765842448714
1.0309829257368688
0.5982399109413825
0.7522765823655029
0.8814544620203215
0.7679569754209332
1.2545149503501671
0.7555187524155025
0.9370493151878039
0.8831426503468999
0.9844103456567973
0.5543019886280853
0.5118070483386372
1.1400208796941669
0.6336819430831646
0.8075418100590716
0.6405910643608149
0.892076378502899
0.9392233430676212
0.6425985788264974
0.698165498613964
0.711750633687112
0.665550904923303
0.8028768567559451
0.6047005131597324
0.6285003516903682
0.898378215019824
0.6047469868599546
0.5575347315883825
0.8603955529491983
0.5732651837819295
0.9629637431350669
0.6932581680203839
0.7995858867881267
0.9098337787303603
0.536090501874954
0.8163572433191177
0.8287455451983942
0.8860868181298537
0.6473558036454015
0.9197565082869394
0.7132578981187725
0.6872452443332846
0.8579197150023686
1.0622867857992593
1.0465045852173072
0.7267978959273222
0.9051883771147267
0.8741263573901078
0.9722157557649552
0.8274874737746224
0.7705631042118993
0.7069950523892474
0.6951581083638527
0.9365511794304414
0.7416787404966471
0.7133584612290633
0.8666726651755357
0.7651981832110786
0.7817938852607728
