1.214671396964504
0.7379065826805207
0.886501040625248
1.005776564577979
0.7643282704134793
0.709164311631295
0.6480949273357591
0.6772885075927995
0.735276913638351
0.6656252277234868
0.7470074159468142
0.6321725513179979
0.5778221127711153
0.5760594701925539
0.5829480854902755
0.5758032682315206
0.49187230463214104
0.6109539031966702
0.475967496183041
0.5436717936837084
0.5721337940324581
0.5643359186396457
0.3895063537212609
0.4158883418778556
0.37144580469148625
0.4555561669458507
0.41006791582948426
0.49013713300024947
0.4881703716587696
0.5450822346276767
0.4398548463250241
0.4840080777044162
0.3958918129125033
0.5651509755240667
0.5038350276111212
0.5552525685973241
0.36112540589527264
0.4533885940497622
0.3804061540232496
0.37628424345908384
0.4322757367442933
0.4522191860897805
0.46057591592728925
0.4412147810707926
0.3778250954290952
0.4355881169181818
0.41667711913162453
0.38356464000173685
0.32542165811098384
0.3589358427448649
0.4109451486713235
0.3802331836170617
0.36367223687011846
0.3147412750088153
0.40055240668725894
0.40278476218481185
0.34917143370839004
0.36413362934717747
0.4128925489231399
0.3923487011384569
0.4080612431656891
0.3742542170324841
0.29517958753224033
0.341905568679614
0.433519689802534
0.2939846645677363
0.325237454796877
0.39147889385052465
0.26931503578519833
0.3306800484118323
0.29440302726615364
0.37379981077240537
0.3757493673113904
0.368788039414848
0.2884887876399878
0.30981061966168616
0.3226919157086457
0.20200839397025855
0.3112141679981288
0.35782364006758327
0.3943158099534879
0.25569055308775146
0.3210577569781836
0.2654386701721793
0.2667762794392143
0.2742753246638189
0.2717993096368516
0.27704274660993083
0.291536363877812
0.2811179088556253
0.29583440661514654
0.31331723140433976
0.28057741130080904
0.2827732902881867
0.20717559376799932
0.31135205998908166
0.2812893255929052
0.2474850466432875
0.23326424499476012
0.3448631462221751
0.2583667330285784
0.26075852528506893
0.3214860758927851
0.29652180935992717
0.27896901461498375
0.26586982134725
0.20517817099599367
0.22379315490618143
0.20501411053685378
0.3015440770301995
0.19917984804049854
0.33851160245639134
0.23505173772682833
0.2613056054803114
0.3279400450513372
0.29762221766022046
0.21278383730196987
0.21827037924728065
0.2875545169100037
0.26630501133477585
0.2687776547356462
0.13990627750155804
0.2560521126744725
0.19110868233806272
0.21256567147733266
0.26067171518135485
0.24891695754476056
0.27545307050944845
0.20633392249976984
0.2504933434959674
0.2761595021873403
0.2745987764162557
0.2141296916205337
0.18956684316229316
0.21815310179267225
0.20739232761914858
0.21735825462880873
0.1766381891448772
0.15310835194543407
0.2538448825514382
0.17340093154771058
0.2006927424580228
0.22478025786005493
0.2556326928428182
0.26754841849524363
0.223888162851136
0.20855819846348428
0.2051250063623788
0.20192823485654507
0.19709320713549433
0.228127848334716
0.18926913878352358
0.26503067468040914
0.1733494392899825
0.30176308533294993
0.23505212945287307
0.2549919151493517
0.20857860034868145
0.2793704301349773
0.228829165526041
0.1785757897633341
0.21792070087102652
0.2007818415229742
0.24766172449463014
0.20859833495760505
0.220247738903064
0.22039484723098943
0.22748086463252562
0.1732009933041005
0.2993814928797377
0.2782467786087094
0.13889695749677008
0.2464389397583111
0.1759714320316455
0.1774804482322716
0.2146227827471691
0.220925696581391
0.21681761050075057
0.19502761244758587
0.23928170197700785
0.1164579799531867
0.17080982873070466
0.2521444866520023
0.2210745447135051
0.2645860572617091
0.2359461676363471
0.24041339603574002
0.2187018190168785
0.1526513391525059
0.22536108410702999
0.2317704374962973
0.20715949608928086
0.157583168714008
0.1726780415683435
0.16919744891816804
0.1896015381289899
0.27982628644170376
0.2642085699563042
0.17542974862729915
0.21585335300422998
0.24882721808653585
0.1823425918106732
0.16468356524585565
0.208407297446988
0.16724041197545073
0.23402568287882924
0.10967614125742857
0.17847687721025454
0.20074749815617926
0.25622714320856965
0.18924492446666644
0.1747672399870029
0.117572633148082
0.23557294512867574
0.11714457040699063
0.181894195159726
0.20941775211551916
0.17164502507558035
0.15270256948901967
0.16815652362596595
0.14036363146575198
0.1533435305961593
0.20459049471662333
0.17779390739296294
0.14291151611764785
0.14479535524871748
0.19294590970850983
0.1683820341823385
0.1931680568448954
0.16188581466982335
0.15647728773850605
0.166911199474624
0.2253946226157721
0.11707637774898416
0.22027427455935236
0.17574715598634716
0.17645019775190057
0.1483835316869418
0.20884622575058476
0.17077921692085113
0.24815603290028104
0.14285454329304967
0.1460896560361699
0.18050496326693505
0.18296069581268787
0.19112250899037836
0.16476697162638917
0.20054861347338196
0.14852381272789386
0.2595140720440581
0.18435924431926748
0.11866040235105715
0.19718413497150405
0.15892712479663357
0.1778526545670484
0.1803697184586806
0.11643668590150683
0.1365117736665264
0.16249630156933434
0.19637973353205376
0.17967171339204382
0.16220656263153516
0.16645640230269274
0.17600006075498462
0.1997261638646517
0.13510544758342227
0.22370114355705456
0.18638641091357805
0.18189156884842525
0.17564587348993776
0.15960384319866522
0.16405067425123726
0.16598387001477558
0.2362572934442248
0.16090351307559936
0.13985374799055023
0.16719474464951148
0.18091767326048974
0.19500117816706425
0.1977785618746324
0.14690162201714357
0.14223185539085964
0.14933599462436778
0.18119821256655808
0.1846484360658497
0.19889767914059844
0.13404320122028035
0.1439345107255434
0.16936664919920746
0.15749868537698897
0.11335691669617025
0.14944699497625233
0.22291885674640638
0.13666714886863096
0.18731542699206724
0.19924292101794724
0.20356264238049776
0.16511923834011338
0.14757495424991682
0.17163337549933702
0.19640994428291908
0.11811144262753126
0.1812661488689854
0.13980622369970203
0.1259972222728205
0.1011848874260578
0.16398891594271944
0.1644159446099886
0.19493661621982772
0.18249347013566497
0.15526715596422103
0.14592336681685497
0.1407921174588761
0.14916332717765304
0.21340168463274
0.13059453029935258
0.1231234546371954
0.1397795346264503
0.13290884903098002
0.20416258943257204
0.13405946336332536
0.13660571255504245
0.115915971058751
0.20168605403854362
0.11642136213455474
0.18832584380499043
0.09535630531409056
0.159407665480677
0.1855752129238662
0.13833053485166705
0.1259629861074421
0.12438883012469644
0.13854901128127745
0.1478166658191739
0.1468642654927727
0.1624512203164713
0.18102228627893902
0.16120889952780565
0.1984833839200461
0.12425317551528967
0.17311192524138277
0.13602448130282943
0.10917374779268854
0.17824151301808924
0.1531852180322258
0.16233824584907816
0.14283125591838258
0.16486803041907264
0.08873743599027858
0.16918546579566013
0.1128545282838723
0.13876224816500177
0.15024604123542729
0.1505404349414132
0.17838472454499849
0.10883899642191149
0.17978496299265523
0.20021208659099274
0.1660834548683055
0.1355959607390158
0.16098023237213682
0.16645448676495114
0.13340613868267745
0.1126190800755879
0.08254106325506236
0.12609010597326606
0.1583596970629209
0.12696917464639385
0.11731942372702783
0.16773234709925125
0.155293247557228
0.13893595290787525
0.13487566306380022
0.11341373573875158
0.1153324042584534
0.16386256751450484
0.16293578232670558
0.1164495112973259
0.15523105005704058
0.16472397651554696
0.15067598813960503
0.18111206755062828
0.10832691978103795
0.09520412967586975
0.14620421808447193
0.1790028298323122
0.13450689776290234
0.07235427447735153
0.11823777182151471
0.09077180529256904
0.1303562142066772
0.16684014897827354
0.14853397768128812
0.20684080369022637
0.18193069974132217
0.12944764822444527
0.14732960615490237
0.1301226538897721
0.15698786979784538
0.1729020220793614
