0.7059048281099509
0.6846726253877083
0.5679986106373232
0.5183137510672173
0.47705670967540853
0.4900117147529688
0.38606364796772374
0.40699151778343207
0.4942415957287666
0.3901581274236809
0.4708451557357761
0.4402497250909585
0.2713993764192709
0.40870033026121
0.41743297989406497
0.3463995768651129
0.3641027264286322
0.3329259419097158
0.24738402385457867
0.2804955320238177
0.24140893829132928
0.3019304386551352
0.369888773308018
0.3531001399371222
0.37410557061767147
0.3758986718656389
0.3077898234121191
0.3495177091344176
0.3501288913918442
0.36699726938614197
0.3336178844273193
0.2733451667071486
0.3029086751109819
0.3162614024208163
0.2638705183678082
0.32142520395433377
0.32406514690980254
0.2924552162925563
0.29630785587874964
0.24252513636379264
0.24299027309513416
0.2772728904763483
0.2789800492377168
0.28767589681627237
0.2662763092908086
0.2855472124233453
0.19729546811515303
0.30910538259453996
0.25664817503474735
0.2777460784360587
0.2543870214288839
0.27519486877189436
0.2284032515564664
0.16656504163058353
0.20590265851899323
0.248024285239608
0.2909287163759699
0.2906868769936368
0.24629461747952167
0.24852715945120027
0.29427713638136266
0.3219821768527711
0.33444080426801254
0.31218394579331893
0.27830905207264073
0.32906502882844363
0.25981122816429925
0.2715447018656915
0.201968106294186
0.1950480646581673
0.3222825771877197
0.23364514322136065
0.2104874040065044
0.27460742968449336
0.274837464434185
0.2119870477765767
0.24933895067791262
0.2487550378356544
0.27930978710880244
0.22605788983733882
0.30687810485007644
0.26292689410174186
0.2698954731716717
0.19093541721779378
0.1969290739044468
0.215648270554184
0.20076959697663838
0.23022056970749452
0.2188923300121131
0.27688393901176883
0.22840899577304102
0.2006387990265961
0.29969546440906863
0.19759084135374083
0.17675451624262176
0.28522485304893364
0.27245529602361307
0.2602640139423117
0.18704273786230913
0.2177492125899616
0.22180014215266355
0.17964457776020018
0.17774048727314554
0.23272252155801482
0.22798392393732936
0.17247779329150287
0.24347806268918815
0.1678354799889733
0.2173834651267743
0.20559969997402283
0.22621973045086596
0.22883396995807764
0.19319425627563355
0.21436981918839465
0.16053150256624654
0.287786896347771
0.23445957662603742
0.19790328099802676
0.20315279415214302
0.2192733133597628
0.16184263859928422
0.18453527374723913
0.254720514354973
0.20150352441556504
0.19447767234320948
0.23405434643816853
0.18023136370713738
0.2033744435302008
0.13479940820244535
0.161519083950125
0.16984392621603156
0.19981299167209085
0.13106717106766955
0.1593502303057836
0.20325433725841222
0.1848378404868855
0.19131512271507917
0.22371859171467764
0.20875252927764384
0.22869472657682038
0.16391668627300598
0.19937055638058426
0.13222563600078857
0.23341429303496689
0.20078188790369528
0.19920989583178214
0.23023475451525885
0.21519447320327717
0.21813036313756098
0.18504527339520857
0.19604330286019495
0.2064820284813888
0.21507555857636942
0.20600514983321566
0.22015496975563464
0.20138056659111733
0.15694658890493735
0.19478557216160863
0.1844402505892186
0.16080460450524864
0.22909217703132595
0.1891593503620391
0.21710818318896327
0.18209394293834985
0.20400946007190668
0.19481730549979054
0.17683035735712296
0.15011056319274108
0.2312347140256123
0.2049002043541313
0.19474919300939292
0.17534069493941504
0.20356029495855657
0.15443498483012297
0.16090307996739014
0.18719924315660794
0.13824063103319212
0.16658341969422338
0.20961785717969109
0.20267057602363478
0.183093749762884
0.19176556409315978
0.18040419260940904
0.1681168214629502
0.14800318062581194
0.24159476193420465
0.17718957283723316
0.15296526036295596
0.23011510384159545
0.18036210380727963
0.1940766922840881
0.15528040565946935
0.11236098752818884
0.19845218039876608
0.17355638203178056
0.1728303505900936
0.14580390518720115
0.1701600498718596
0.15738962846612997
0.13844662397316015
0.16721182649778105
0.179765990243536
0.15663897898123585
0.13095242754645942
0.14362013535835963
0.14835970965415463
0.19550324579373277
0.15711853851737503
0.11514211349337358
0.1463315152071064
0.15981928590484973
0.1731914804711562
0.13643076590562755
0.14480428083849092
0.1853418254921895
0.1915583997702925
0.17023950736082583
0.16342468599859244
0.14282111196831562
0.18583527183338047
0.15102181035086365
0.16360494500944767
0.1313866960041627
0.152972199655787
0.15157376271795225
0.17762417481841516
0.2094379298256778
0.18531637557210123
0.18100718700255836
0.1477655481867313
0.19888482554818948
0.1784489195523565
0.12839525614007907
0.16198577564824418
0.18583999720654698
0.1276056608551786
0.12746032579987945
0.1848381779324255
0.14236268082239362
0.1211950071394641
0.1420660792657832
0.17575026489813927
0.13785538323491336
0.16912008506752668
0.14242249846275626
0.13864124915768997
0.21450920951506974
0.12795407162768999
0.17086661475594153
0.1806810099728288
0.14083162854833164
0.1671564274561142
0.16313243982418568
0.17250983439356787
0.12684303806558056
0.12308355028664024
0.16897316249061264
0.17862763113828875
0.13463993346897313
0.16426500330089427
0.11485330547372585
0.14257857829092516
0.15429885873390287
0.132465162472105
0.2116359588801727
0.1397566601344601
0.17462177336943033
0.12091028533833229
0.18357961730109745
0.16514901697143594
0.13947693784961304
0.15257988575382583
0.14153542041553246
0.15199691722116565
0.13677489206711843
0.15545776064815311
0.1928418339778834
0.10840300486652385
0.1315687262585356
0.12366005116624437
0.10232366503368566
0.1750644546452262
0.13254660873250637
0.17449655569607345
0.1531503515212346
0.18759308693123136
0.16239237445841287
0.18146151985310685
0.16059870416179872
0.16489599800991625
0.1625484969374978
0.1741718385080552
0.16141308434659246
0.14498619247009378
0.1364556617529833
0.1359503863244808
0.15024744594487624
0.17031850942132898
0.11706869339575439
0.1255279975031809
0.19876081262341191
0.1959065052247176
0.11748643971671165
0.18073815827832124
0.1495679748714516
0.13023579072005337
0.139650236859036
0.11623290720933403
0.1544167484814197
0.15830348202765934
0.14312672649949323
0.1640142195323137
0.1218862689931794
0.1584122960137918
0.14583932677260775
0.1422144331591645
0.1333514528217832
0.15456013743488556
0.16574389800653924
0.12077376893699288
0.14018763490354327
0.145027811325021
0.10522793897471645
0.13431066141145528
0.1690266390327667
0.11047843135851983
0.15788368676142522
0.15104197755984589
0.11962473891025552
0.13727591074695705
0.15949997585037096
0.16277038241407085
0.18397531149050741
0.14468823179742485
0.13570720831058342
0.12228270764277985
0.1689741074163774
0.1610598098482761
0.10370253491497419
0.1428086018406881
0.1354495163239586
0.1587181735214283
0.13005511520920363
0.11909462118762484
0.1280625133569016
0.1362914763670428
0.1412491378961382
0.12099645457557984
0.14270171608280682
0.14782535808311406
0.15598005465031345
0.13728665719110553
0.10748264698293993
0.11690863266673739
0.14903494672527476
0.13529637556900428
0.14518589354671008
0.1480838645354431
0.12719850956745685
0.11741868628484656
0.11686632440550596
0.12840486784594762
0.1641771789953445
0.1290930578062479
0.14840342366044784
0.13618335702446632
0.13011910785662958
0.1122531455723419
0.14924873857265458
0.13395931308792908
0.17284981444649322
0.12858179175237333
0.11010028237606899
0.1411097789863195
0.13328241815735625
0.17500264393189482
0.1427390524825222
0.17334172487819427
0.114824511555733
0.10374428919144156
0.16179722497150378
0.10663356793289902
0.10609212680419593
0.1428454217819641
0.12498253082076023
0.136931654039468
0.1258215942582474
0.09466629284613495
0.12012853124099923
0.11594727178106143
0.13779868578169413
0.11416838152723155
0.09849526616067932
0.15775943044831903
0.1044498208269518
0.11024697014083291
0.12661126210427803
0.10955367023631221
0.14695952976661458
0.13167323803472483
