0.7812943423710571
0.5949525076727867
1.1320937698098652
0.8628805194828606
0.8790540666274976
0.6662492132983906
1.153510898198015
0.7386786398485212
0.9704097978576331
1.2044573614585474
0.8757915012160697
1.1642400983120826
0.6903221905767603
1.1749644469123544
1.2923233142714996
0.6534378511040141
1.2019263442393424
1.0088123376152454
1.525396511687171
2.7525644448136632
1.2831790869103115
1.5804027516329784
2.276623433566328
0.8645834354282382
3.231553210714612
2.0931022764137763
1.6282751060976408
3.3517569081045244
1.6278369904575736
2.288563768523202
2.0448966725863396
3.224286624238421
1.5078262790218147
2.40548436017256
2.2569303907190683
2.965874501100805
2.981207391653168
3.217244631489861
1.3101037537218394
1.6582030088229538
1.6399022639290632
2.4095574251080887
5.228467903454319
2.0382784667624803
3.1967983950702443
1.9035349954219871
2.960165799269316
3.540833760021185
2.076229138532702
1.8510671447674631
2.1124580259922747
1.8789711591803653
1.7139941022179155
7.355556331840693
3.5171147729284122
4.726516000885157
1.390342137456525
3.058697719187705
1.9584084711369996
1.6808333840994802
2.085445802967349
2.287116958832679
4.525447289218514
1.0786500026842383
4.560671820609725
2.292166143967136
3.384967369546895
8.190851749931829
2.162239084263326
5.264458689687116
1.7128895987837365
3.000110857455482
15.929836303031653
2.6140065794052916
2.8417817374271364
1.777008458943633
3.4471366406468222
4.641276304706788
3.981818214744274
1.587207758808783
1.6543915538747325
5.091871084382651
1.947366943428388
2.641667748145024
1.5531009034743186
1.4956456602906862
1.5108714324684995
2.5364789328195183
1.9410307012698234
1.9986845990873383
2.256334787691079
1.517913757028501
2.7942748996587676
1.9542978099841115
2.2603221783900698
2.27417549205678
1.208806371882234
2.0497044426952313
2.4322504912606275
1.7324854757224522
4.526478230614649
1.421132203656875
4.1760514743652255
1.2826339718365298
3.4620511990495793
1.5904335940023915
2.201036703691393
3.3307473436971833
3.2451399341363207
1.5705663634854399
1.4445914648193807
1.561542039746437
1.810756474974189
2.17667582790217
1.8375929906402395
1.165010604138087
2.445951634563464
3.0334034157605556
1.4377395544684843
1.3437557899669188
2.146174146758961
8.754073940059378
7.682956549508985
3.1099972145589545
1.5081210973507582
7.33473447694674
1.6185976938086306
1.859221847641048
1.2116055718329788
1.601078866639479
1.1500651873512657
0.9750439204479043
1.1762170494675486
1.2227361758546764
3.7065181934892353
1.8730335316162567
0.8460822493523587
4.464753847768447
1.902756588162721
1.424699051493469
2.7759449950444344
4.6289035626039565
1.484292472059108
4.385861661605234
4.091462604906412
1.8772582204180335
2.521221823512477
1.4932634722395037
1.1131852529771098
0.9623560603597815
2.4338691411256783
1.8051228232571426
2.081461034482788
1.1929301285337446
1.2572315412973085
2.8134625913823723
1.1436365794581977
1.6183689015926663
0.7674018395407682
2.6821958004969346
4.2338459148268885
0.8545183771399504
1.9012356635652252
4.628166226036185
1.6011287939039405
2.0815707348594112
1.370649425911983
1.4359405389466944
1.723173705810178
1.9503741097897134
3.53354131523198
1.1574551566599864
1.4900117009907414
1.1744302753311644
1.0531128407088237
3.242072723271826
1.6498866622456618
1.3692738082199363
2.0906929434300507
6.183361093914263
1.3124839811811104
2.3233358762725684
2.8993154320199297
2.7285504819229542
1.5340437030837204
1.2797223547291083
14.000501828565367
6.230041478616036
1.1607863867833768
1.7867970396881105
1.0262232102378408
1.358714939469611
3.086893962207129
2.1519754724569267
1.9130538719649977
1.7838499184152163
1.2022469958493018
3.3485751331998195
1.3951550725359856
1.1866633312911796
1.2048327925949354
1.6096715582823364
3.4924120763139364
1.5903744008311342
1.6016900305284163
1.066747567418327
1.5052638496973985
3.4994059492451206
6.61636989903216
2.2860650989193765
1.540736685632078
2.4734296498506314
1.9493718455990723
1.2192014334735426
1.7219113920905653
2.027154391837771
1.636633452061227
0.9923391077526041
1.6173428251964583
1.6604238672132194
2.7140481856756216
2.3326047211461036
1.9998200025543909
1.5721889043280768
3.0776591182845836
2.0541641278677125
1.5798198501176808
1.7861541133535273
1.3582801503973965
1.756524692103304
1.3425547752544742
1.6522670570750198
1.5558512872085593
1.4247036251509726
2.8921025937502685
2.2093038439661745
3.1655288744191283
1.0284864384976278
6.0002605122025425
1.6628777701746817
1.778114528776377
1.5298222991843655
1.462904486809244
3.776451690382969
0.8522025263462172
1.3295915619561758
1.2514303772910185
1.5630099329710443
1.261739655753266
1.2904997093646293
1.0657231524491269
1.19599805643576
1.8043386517026043
1.6832822488418557
1.982056996318032
1.8087051207747766
3.3353915758716206
2.039320435056306
1.3120524812368217
1.8967528300210792
2.3127569239437067
5.0977758962999395
1.969047349537321
1.3554297871110053
6.204942280520851
1.2444908204199858
1.928492479014454
2.1905961817829347
1.535877493560219
2.3666377827154035
2.685926996250699
1.2400675527860052
1.475174271103499
2.0414839328854515
2.049823797082142
1.459499709236044
1.038930874830951
1.1602822974603695
2.4199847324561476
1.113212282620663
1.1460820604751012
1.7029827343647632
3.095135739992951
1.5583394602596303
0.5969575506839871
0.939022451051998
1.0405734123686203
1.308308529947481
1.4249311739213042
1.453725669838272
3.4028084842253916
0.8738573084618618
3.0897067471521447
1.3589782210147718
0.8803346262929729
0.8336460327782241
1.3674371087111772
1.4925488270304499
2.559362498925876
1.9676285054848364
1.2856624723431112
1.6397258235528684
1.979596212373032
1.5011088247995001
4.598955485484711
1.4655286403376193
1.0109888182283064
1.7744987621408939
0.966105741049381
2.0549316260369954
2.2290368271241485
1.4295990370870768
2.345295339576337
2.638045634168292
8.751961416164772
3.8830231031309204
1.7846299245107111
2.7741730972990815
0.9329704888269703
0.7193974752530639
1.668572557577571
1.4390066557516314
1.8488996437377598
1.767376229413538
1.493759891589463
4.370129499691217
1.86639095320306
0.8269549395659326
3.177002109848316
1.0173316935242276
2.543499131821794
1.2864128886941066
1.0773553441351644
1.7259871775236761
3.604656691243849
2.8606889900870254
2.7421999494109985
1.6089831901314366
2.3822728819496364
1.3142194717200515
2.33916357535782
2.4675962450033753
1.5441790015538333
4.809117881968208
1.1492154640163288
0.967188509887609
2.7914672284937656
2.7384763930911715
1.2885475687095065
1.7526068666209036
1.365399613405851
1.6739631543800146
1.1129118389226065
1.2341286769585094
2.1692939757544956
1.511131571717725
0.7374599528198568
3.375909186170479
2.4930857261781956
2.5930601059769134
1.391603482027961
6.078625045327991
1.6851995170600964
0.7177955283928108
1.0946401436391673
2.82199892530146
2.5573886142685285
1.174444269544492
1.0233971770083168
1.7029245050610307
1.3923720405259328
1.8093462564696572
1.6020964894918954
1.947759208815605
1.0363956239778815
1.4558177947129893
1.001504787357872
2.200544455361953
2.7769295119426882
0.9712994245245655
0.8058854247058592
0.7032521279317984
1.0349410060128386
1.659622008839771
2.6046809393805894
1.6361319867435793
6.408818349883909
1.5028031045742547
0.921698843177577
3.6948414252496233
2.1354201400641206
2.66363679541031
1.0025338801391723
0.9903968620275869
0.9753930545704224
1.0071984987619969
1.9230034922293608
2.100860117750323
2.066727222573629
2.8864469895415086
