1.0600963954547686
1.1320430563441541
0.9829589609083952
0.9169902027450408
0.8922068827815999
0.8540502294712857
0.7468740615930798
0.7115792934335482
0.7211715954453918
0.7273908716553438
0.7821043668248044
0.754853829483711
0.7021697480853148
0.7076644949561329
0.594556102303267
0.5636120935126668
0.6453457398262266
0.59217707587389
0.5913477336745209
0.5314486088731455
0.503766932298353
0.5796673683644447
0.6047742065391093
0.5208706607085019
0.5586484234709769
0.44438614057254655
0.47779739595494436
0.4567244428705159
0.5590687175110197
0.5485922137920871
0.5568760278578104
0.5038859629635948
0.471299138912223
0.5029874949281963
0.42316492830959634
0.5377232770314432
0.4447210197828457
0.5344235213656559
0.5036858176693604
0.4490345448259808
0.5548767610780505
0.4699348111864284
0.4066568135979952
0.42223317302712227
0.3977705616547952
0.406763660318502
0.5145532648289339
0.37610155901045234
0.4227878319308605
0.4487656454143069
0.5128651982898953
0.3918610963911457
0.4628043955210163
0.41693280691020423
0.454694619110984
0.47599890596482164
0.4046118571766783
0.34157294386722886
0.42193924544259354
0.3207320428825716
0.41359008740309455
0.4757383178209268
0.44508762516036954
0.41003173914744134
0.43175202413659497
0.28613025160509925
0.46084183221094
0.4052898862137709
0.30677770358512746
0.39586140143048754
0.36870296645704764
0.30991107083774416
0.2962431515557032
0.2752022814330092
0.39405824043972587
0.42220833839311966
0.3777706636399838
0.31837969540188465
0.4238512075049311
0.370410779201202
0.35266341638471493
0.37091816821740003
0.34821105802508845
0.2913740298582651
0.3496690566280957
0.28946346077060486
0.35159512234690193
0.27337697133685646
0.3024772312401224
0.3121012696247173
0.26556003715134147
0.36624122688364114
0.25999427778751916
0.2651415506326574
0.37144048130214835
0.3528750945024993
0.3105408334987983
0.3068905989249799
0.3368802194791033
0.3088921402747085
0.3140025430144888
0.3445470144164763
0.33780436602236197
0.31689861979780404
0.3050136770387512
0.2958657100426124
0.22419002891056022
0.34286847581866625
0.30453806513076576
0.29591438325478014
0.28284194396438883
0.2660734516880111
