0.9634878444209644
1.0947429221104368
0.8899423442487473
0.9132481997396187
0.9818430747504662
0.7364821728934527
0.7419268638725076
0.722526784928535
0.82373169994139
0.6581182604511367
0.6803681199131699
0.7787185582623259
0.6117335973110657
0.6237352495969228
0.502461427978313
0.5466995373716872
0.6048103193774786
0.5754934054340256
0.5152064416942584
0.40400071417605954
0.5789978570813739
0.5131477665800801
0.6329774020653671
0.6702492171716782
0.5156204059373305
0.4917443955060975
0.38909271720989247
0.5248692657255128
0.4654202359893359
0.5571531467296135
0.4309342372850712
0.4799302070445101
0.4769090856814862
0.40389197347355654
0.38994366018004073
0.4896746061800374
0.4530063301817965
0.43925722711598336
0.41385102915575117
0.3482843297712298
0.47329363823923326
0.441809648335416
0.48374163451734153
0.3707444463693662
0.3970447642340508
0.39291990842577373
0.4084863758315961
0.3776405387117586
0.35655492906229014
0.4542218322729396
0.38333091191419105
0.3451117678262071
0.35661900010145103
0.3941139384536599
0.43725771566084076
0.37852438238471203
0.2576942343634812
0.36567402556999734
0.31184689474060506
0.28253379606453405
0.33592885440911674
0.3030851753738487
0.33276298390312004
0.28963947579143223
0.2945195926035805
0.3884531138930811
0.27346166238364167
0.3692707703265353
0.436321191668842
0.25199487204742593
0.34453569347458035
0.3627955816120118
0.3433016130004098
0.25784791744292634
0.3060324879067679
0.3863507268905697
0.25774155984408365
0.34539926545165994
0.2767488021757693
0.3199301064126937
0.311489982040732
0.3573031667936555
0.3027500710273864
0.3369831058527505
0.24389995337897757
0.27153029738953416
0.28924109701011125
0.3025455495157999
0.2761227103945486
0.30332218871143407
0.23250500989116102
0.27330400865885973
0.2978019018111187
0.26742745133050516
0.20393753495297795
0.25615301402712604
0.2859991964689009
0.2706467108949727
0.27723167304990215
0.3768933819187238
0.23414822035077645
0.33372625643379605
0.2788050807521829
0.2585959803107942
0.2382775129969294
0.23384718279289718
0.24747710028031963
0.19935650646012598
0.28183684871461095
0.26443756548145614
0.24323767707453162
0.2186125747479443
0.20929356461231063
0.23297346177740708
0.22699382884492075
0.24124199732549623
0.24203015713099582
0.2465951113097326
0.302386372532046
0.23019874370984533
0.2999617665000178
0.22175569719425542
0.2700757931429477
0.2775496441986878
0.20948358011128043
0.3119273123598404
0.30559647231952847
0.25809489231402605
0.2750076079581525
0.20752779546854075
0.19057304737473646
0.26157876276940845
0.28751386044489236
0.26773578778398177
0.17437477716627892
0.26836708275374976
0.19474737308029033
0.24639248640159478
0.28453862837351107
0.1521851992896825
0.2724554439228162
0.19909438725973566
0.24181869214573362
0.3435376007340143
0.22234740637624487
0.2841728205671658
0.2671352860942094
0.20156617974968705
0.17157772480973138
0.2670886053262275
0.21799606031076543
0.16036148824026414
0.25279904761755595
0.2665541370892937
0.2213083652476529
0.22918482160935358
0.3248574336385378
0.3112057303212076
0.17088518246013365
0.2554230264122058
0.2008276985403965
0.1958803170431237
0.2002219038861781
0.2249007334590043
0.2042610728010014
0.2007777078555939
0.19191356320269054
0.184222192507377
0.1309179311968668
0.17053043872213577
0.2466847660771107
0.14067988941417534
0.18039285513332065
0.20208271834688288
0.2211773991619141
0.18153027567664093
0.1950487204655213
0.2839501009572517
0.26122027762817923
0.2272296794489533
0.1859289824542325
0.275331240729998
0.15402003844483086
0.16377150764302098
0.1456701472640703
0.20085961674140104
0.287454065446377
0.2496968797470768
0.1988176975510872
0.18088525799193161
0.1402893806707018
0.20268137143105974
0.18399930350265606
0.2554558189471681
0.17350951434287448
0.20760747012940056
0.19150605259523013
0.1846982232141262
0.2080624637494947
0.19055208739867482
0.16833762298342034
0.14364017963352374
0.19059185513996732
0.18829195888681854
0.1868831309455172
0.24027239420981972
0.1920481512513859
0.17018684224830075
0.17357474482406252
0.21989398364770554
0.2100887927188945
0.2127107186447789
