1.1690412887213295
1.0394264795687156
1.1156982156481503
1.0283803139091878
1.0000022350801532
0.8324539850469567
0.8994174635600787
0.8010802369759249
0.8785239779487464
0.8149828617000734
0.7708529526296287
0.7021348299875224
0.8034651341205212
0.6902162868049694
0.6436466833933904
0.5372104954057833
0.6616060612658157
0.48759821496752853
0.45866427032120144
0.5877062570906807
0.5118788767701984
0.5989696055720408
0.5164554077487279
0.507338960113923
0.6493985412630636
0.42374494830728554
0.4280637861412724
0.5376970873311151
0.46737623512141113
0.41677132157003605
0.4169849382162762
0.5989238537893405
0.5429079739941777
0.41063092508926335
0.4746151924135547
0.39390794103946314
0.5464234398110313
0.43266409585671406
0.4031625044845075
0.32042725020591073
0.3650164945395014
0.44891312447880993
0.5129180509348606
0.4580633929260956
0.42866603918672164
0.4322029584286537
0.4224371450721661
0.2684467629719173
0.452977742619067
0.31514427162200925
0.3877633645769194
0.42179320265013265
0.4570444744781029
0.3078998181393409
0.34031678300793894
0.40980975807253206
0.3818867250470966
0.360891172052575
0.4138901617465705
0.3303565354455275
0.3833158450041583
0.4323772538449413
0.29013610366907006
0.28849926038398965
0.36492912313382175
0.3701212118226153
0.3141336745835762
0.28144495099504363
0.407863913575627
0.28088335288121474
0.2335002140530042
0.2849867112886652
0.37068499772733654
0.31513967948528937
0.32507996376539455
0.3222003602138797
0.3243696206646683
0.31656228393781344
0.2863394350155352
0.2931534861828727
0.32456101971622664
0.34104577100078626
0.2479456018330727
0.3259440341629779
0.2772588307982682
0.301129199987116
0.2959077887711063
0.3187913270513244
0.2734284570260603
0.303851472856742
0.2596938124869883
0.3175168145492927
0.2790366399731719
0.25668025633877206
0.21430497391510167
0.23345992395569065
0.28214493904422444
0.28148797943500203
0.3119190909666475
0.24786203173585677
0.2528174191116471
0.25570600296259177
0.30186778128328134
0.22825117120660438
0.23811796297094912
0.28055005684077167
0.21901890366849203
0.2692883168101615
0.23087400094060576
0.23678473775387698
0.2600899883584944
0.19206465362288366
0.19040721968150578
0.2454967767895934
0.1937938373104257
0.28053577769904375
0.1669408750479815
0.22409674866254153
0.22142577188132684
0.2688130479974752
0.18406544727365629
0.2670769130950865
0.16701125870489472
0.26321903378886735
0.22511822872984832
0.20878532596127924
0.20086744347229785
0.18744126840412573
0.15899058454762344
0.19379127267895316
0.1665889411720713
0.24113602071734125
0.2159153861950885
0.2058625677094453
0.23384936677633955
0.20524147321561292
0.18130456720779425
0.13472804802134997
0.2275484070558847
0.20905771843376136
0.2125461759198651
0.22079025453805073
0.1901373125084383
0.1862674003246068
0.17060651069379273
0.13647617500949255
0.2001904884994683
0.17517178463757918
0.1667508819117244
0.18951331051556022
0.11276125379986388
0.21569512965599916
0.21252535800383038
0.16835277167324145
0.1305101313316213
0.1433152787718422
0.1439684563594162
0.20659059491897996
0.1387689145492019
0.12933881615576628
0.2145222789280888
0.14132007695839027
0.17611406846084732
0.23413258440683168
0.12669535289793013
0.12388994317250863
0.17279981490871218
0.16489137587550665
0.1751870497791064
0.14288964426764736
0.16172000239060394
0.17974613713058643
0.1883878195105096
0.14335218167810393
0.13895654004524974
0.24341907790947248
0.19625068633123519
0.16312150660346741
0.16294334847247555
0.13818795908347575
0.17764169306376593
0.08554279953709151
0.1631984282823033
0.15977764803043468
0.12580090829124496
0.15481946422110035
0.21311832340433084
0.16908948499730822
0.1465674343423103
0.14792315147068283
0.1133772459985273
0.1506745373138853
0.1463137921875592
0.1280189619615317
0.152544638524011
0.14691315834757446
0.12234001406185087
0.15047347862180405
0.14604082101000335
0.12957810539884884
0.14359970998891353
0.07745996536496094
0.14289489644716336
0.1170560193418267
0.11191796907803808
0.1659301868773288
0.1478293527402243
0.09763197007689195
0.10557818415852968
0.13457037964149027
0.17595498311604577
0.15633757954718253
0.12351305799205259
0.12462516708552432
0.14042608705739382
0.14733460324801775
0.09457607336379767
0.13393055149419184
0.13385596098154162
0.09078201425725832
0.14727133911455953
0.1250378703738443
0.12435698768404309
0.14044382123390625
0.16293870395460527
0.12455908287874544
0.11929445903287594
0.09693898507746554
0.08051093941997503
0.118902180268292
0.12521076041010834
0.14274828279942986
0.08075400327969476
0.1592087891924753
0.11603846318446345
0.12381943634151145
0.17658853243308442
0.12005259474423773
0.09379427971718422
0.09209615447028914
0.14361750644401905
0.11747483788525
0.10335816342061935
0.09619437450486776
0.09682775841246762
0.1372197876820053
0.18316052140371503
0.09424693065437235
0.08664123309085972
0.10593810910667781
0.1593803577908611
0.17996600273897334
0.14533000914540342
0.1187269267871506
0.1324276592793755
0.1436415189689478
0.09868183961616572
0.09602347464525539
0.10952683581373553
0.10219471195294379
0.12393546548829859
0.09521136500291073
0.12813945943257293
0.14321220606187027
0.14124260724826793
0.11301702511869496
0.09296473029386168
0.09842415343036287
0.12633454135369665
0.1477363948187694
0.07906390675844636
0.08881729270485286
0.11023816645014314
0.1029593097067462
0.13113740394819093
0.11605803851682894
0.1005022322130054
0.09133801165566095
0.10128452491637734
0.07899424144469155
0.11706293216853196
0.14981290893519228
0.07379636132580325
0.13853269313486855
0.07138564465157864
0.12603084900892172
0.11555226707112694
0.13974387455923912
0.110232256459418
0.07792364590761855
0.07562638381280881
0.08096786220037082
0.12136922383665572
0.12085524980421929
0.09569572005730664
0.1277124981083079
0.04735852470273294
0.09372194192381668
0.13694494932645845
0.1395128664899669
0.12138647931753084
0.12593176121716504
0.08389267786878138
0.10567175746989921
0.13558691530715256
0.0625789414658184
0.12944679557266278
0.11732665955400992
0.10998850335319632
0.08870411596096874
0.09036170406467989
0.059348073546073285
0.07939211572211069
0.12285871104715788
0.10111813206020426
0.08414413314985444
0.09385681453659105
0.06850845543579129
0.11149313703655728
0.07768693692493867
0.10968776415262142
0.07942250916184604
0.11722264095470089
0.08333212437781032
0.11713117196313513
0.10700869999124765
0.10113880706064682
0.0709554656264799
0.08462364664474577
0.09663840943898869
0.08452701311650715
0.11574990967875384
0.08355618692713357
0.06804222749031057
0.08812157444813232
0.10012193317268994
0.06480527840606234
0.08484813586448904
0.07491150430587637
0.10194254004514662
0.0825498962203419
0.12997860712548032
0.06472522554253513
0.08156641555458176
0.08536998558698787
0.06125248494759169
0.07445747338187478
0.07755619735337557
0.06687980773520594
0.031810842180965596
0.083735489332015
0.0672860311902598
0.06968196506647749
0.09407233289337621
0.06659477970263061
0.10326620759970344
0.08893284032714709
0.06204302448807677
0.08193675810662278
0.06668653962351744
0.088638530913313
0.06231550530941127
0.11416470341782092
0.09248582100312468
0.10154755806476583
0.07947416368292155
0.07227370217214339
0.057567052343465784
0.058279416428835405
0.0956119076765954
0.12900963935845247
0.08464574657389015
0.08215516808616746
0.05633835059197316
0.0616153114275725
0.10086370697461852
0.0914778259337515
0.07760098797107198
0.09364360067074312
0.0632194714075739
0.10008123815718281
0.049039512844572516
0.08608564628788717
0.07302696331308989
0.07001158286329431
0.10366938844057332
0.08093772341133834
0.05909024049606866
0.08383261738903347
0.06095947086090877
0.08174357387800125
0.04514974476271751
0.05187535970849864
0.07916388811817085
0.09449770187548846
0.06400719092681832
0.06402812275555789
0.0625274482621375
0.06676449541331168
0.11849704180641422
