1.0372994031286495
0.8586184612011196
0.7952777100641766
0.8401612195621933
0.9483595210626156
0.6629738577324036
0.7627844034075207
0.6701806318300728
0.6985245319994984
0.6580040706744436
0.6884090521549483
0.4767789073775964
0.45493652925695277
0.6663657722197168
0.5199616907273821
0.522064093054105
0.6425917625782063
0.47361187979727887
0.4890812394682983
0.43778767801005625
0.46586371722869907
0.4798912996630721
0.44059719706984024
0.46526557847484656
0.48096790398214867
0.40747848362834704
0.3080613853518765
0.40608841970646753
0.3855266141107847
0.3800940947540272
0.49875792800432606
0.3715652243653241
0.35295648267302404
0.3069807738842196
0.35181241820071535
0.24509523730747826
0.2964221448877919
0.40202757684866536
0.3650113400599012
0.5104754709591047
0.3553923480735598
0.2500963259412872
0.2810309660007904
0.2960460902245233
0.3968782327327347
0.2795921249704281
0.32650260603881925
0.2332602537267287
0.30861078686397614
0.32177337209486556
0.3136854551032202
0.3494720321568133
0.2881432678658137
0.3369302899215759
0.3375791610343216
0.336582966397304
0.3644338278925109
0.333386692088336
0.23799846175408512
0.26544067046986786
0.31677321381919643
0.2627163631924566
0.27261078208018874
0.2969102502289203
0.25837304839757197
0.3100985140883101
0.2615885193362216
0.28273693160835056
0.29348277649248067
0.2897459664465766
0.19770682688448707
0.2610717011907668
0.2797744624737996
0.2544106582130213
0.20801674511281512
0.24275044586468097
0.2720690168584582
0.3178024729179486
0.23301489690876503
0.18184414035016272
0.20042161354181398
0.1554198724580928
0.18738400957007564
0.24900712466940314
0.23323704069744564
0.2524991015437864
0.2420592187337791
0.2606901270314471
0.17512874536480422
0.21223150777824337
0.2656616485222178
0.18217887594021426
0.20394007727511831
0.22858037860470098
0.211301510433133
0.2661332212159264
0.1849151340596339
0.3034037036541072
0.17601343971474775
0.17740261761546453
0.18583896792365384
0.19610180748435824
0.21572902224463247
0.1959890812309418
0.20848946226037243
0.24920903430072938
0.23735907828977248
0.205749028861061
0.1757969254376454
0.25471286148335653
0.17888576419239471
0.1954429503215516
0.20925749310034897
0.1445929774550859
0.18224778195331398
0.20000973448782228
0.18126626624293002
0.1688666267306286
0.15164762321461442
0.19202431598531194
0.2012402206251751
0.1616942206957394
0.1802921154495561
0.162394211438457
0.16035932541961762
0.22152304936883754
0.1443399382483722
0.20423000268670705
0.15057351024202142
0.2176898415028214
0.21578034096757728
0.1309639431420822
0.13443934594846055
0.16994436480103597
0.1773807872451159
0.19833145242659997
0.14078347966308363
0.10667562426051039
0.08453055169360404
0.17677829791596142
0.1518142366801847
0.15417896562146163
0.17472673726545057
0.18068222801085312
0.13867891311159988
0.1386062124007788
0.15961825540515703
0.18256160286479511
0.13110255612710775
0.142731864134911
0.15957518900490344
0.1469899803312809
0.1349991003028656
0.20115789157022057
0.13294739449881746
0.14618558250789007
0.08344174281857701
0.13814424906738923
0.16857218010996192
0.162243975509821
0.12521163578505115
0.1679726189254167
0.11213752494830069
0.1344389568791517
0.15491254171578045
0.08939487933853055
0.1781851720613234
0.1325636506384194
0.08555883524756008
0.12678972145678116
0.15272467917523191
0.13867435109679307
0.17012866759606232
0.12632878687559124
0.14902751726543928
0.14413920749158565
0.15234469937110878
0.11014985291586185
0.12788348384683515
0.11517799249333809
0.10279418070966431
0.1526638466010045
0.1399541398405162
0.09205483240536291
0.1420977395674588
0.10104231349336805
0.080563186480852
0.09034090891448031
0.10599436908197087
0.11100818237358137
0.07815950134587206
0.18190140318853237
0.12149697472341048
0.09372720267691448
0.11561785946573737
0.10784799145251141
0.09880510134953932
0.1563704460325376
0.09222756353650764
0.09652219095422697
0.12302838881134752
0.1159399336100084
0.13882275493478258
0.12731653706027396
0.07474603382258972
0.16068187904229767
0.1203201845554825
0.1601459711832851
0.09225573526023817
0.09516417164002386
0.09099288412445126
0.07784992571985164
0.080253234708099
0.11126554879600377
0.15335608002827844
0.11116785376717213
0.07842780935341755
0.1263823535872902
0.0796118404250985
0.10676796883548649
0.07753646438422124
0.09965937787405466
0.10647417378590218
0.10388552356744969
0.15932009965264954
0.09549196220383598
0.13549507285353793
0.1322928445775577
0.07912774847712609
0.138210350821707
0.0806731252451736
0.09663651622210032
0.1186813407587349
0.07402877379648021
0.0544951861823
0.09864848714297181
0.10226273517484011
0.07951497951218225
0.10530089046778449
0.11103897396781012
0.07021471647498836
0.07939378106450957
0.07607879180102135
0.13164615065786772
0.086866824235598
0.10927730873993682
0.08644052797757859
0.07726501150657251
0.12011144673438942
0.12694211716963713
0.0791086174579929
0.12692932827718023
0.10651107749061355
0.0674129021458921
0.12085033297885502
0.11166406512931022
0.09378873090868065
0.07197139215875277
0.0676049571719942
0.06319172262617373
0.08729847413877256
0.06240074738718093
0.0715738374043499
0.06996502146385639
0.07839174596581723
0.10126544976659313
0.08319365920497966
0.08858481159969114
0.06297505564175707
0.07054339883113328
0.08966601419131766
0.062378433230558826
0.06615229374655715
0.07457713772757425
0.06271379932473628
0.08067703741848245
0.08017339783614037
0.06718006995548223
0.07881698618960672
0.09299850795351433
0.06794540259409343
0.060723266313398826
0.06747600752857622
0.07896538601209767
0.05233232306221691
0.05073017675048649
0.0733741089839011
0.061541907546290756
0.07560551701095569
0.05919471269342268
0.05368182841798399
0.0725920522170797
0.06361592845435399
0.03780491391429404
0.05802500572913407
0.05269874027896807
0.067204610669823
0.07457333251959206
0.062497348696354926
0.06611123876812094
0.05525919810194272
0.07061683831649086
0.05531415744408176
0.07532804470265504
0.07514666117276247
0.062085005047436394
0.06594187520341709
0.04814147090491256
0.06894305103360011
0.06370715368317277
0.06970886031487591
0.05467013659195378
0.07716937040683798
0.06782821105215477
0.06341750120506617
0.05365429343698288
0.04762828547365744
0.04284047440457798
0.05830138610748027
0.0632025002326528
0.09212320477584773
0.050411870648559585
0.052089195777152
0.03833432448217243
0.07370576204337717
0.07349297680379233
0.07541710584899433
0.06563856905566176
0.05143755473396253
0.07891168651609679
0.032658989454804825
0.05793222432518702
0.04643031690135697
0.07252062989723748
0.06176648273347428
0.080912780165483
0.07735385782738335
0.03844823991429883
0.08074747074677077
0.030230549181921872
0.06275979282548626
0.04929981559681566
0.05199944487579403
0.06513772664735393
0.05253091321610799
0.028144098511011045
0.08749368566115215
0.039592553288487625
0.04709713684102089
0.05235087531004447
0.0464872374608825
0.028364775702512158
0.02455284351229592
0.07050260838489317
0.056761786313331494
0.04240401438966942
0.07410645311347396
0.05720972669845377
0.04962352663830611
0.06333372645022675
0.049928898603613506
0.062236590931910626
0.06525646246822406
0.06496895502366776
0.06439085188742008
0.0587912993636522
0.03929462487474367
0.059948512172360045
0.05826895270731845
0.06133897717370427
0.04591211320316468
0.04712380077548543
0.08566395230437407
0.05251996680473218
0.06383823758353992
0.03762437102160525
0.07444916792792346
0.03289950704033299
0.036543820356938456
0.01859202605513845
0.0627949698762545
0.061379364444264714
0.042405835540687234
0.05287686194190122
0.04509384340276611
0.049195615712644025
0.08843419389215192
0.05322521924915654
0.0508523541130111
0.03872843923583875
0.05034451833880249
0.05902228184043749
0.033880885554783774
0.03597151609893069
0.0380988077656794
0.0765827268917768
0.05195477574297569
0.039268638476717445
0.05111510573905191
0.0736943818397481
