0.4335184902208858
0.4003332554302085
0.39779399293927103
0.39014107379153756
0.34291974030666095
0.24515012982694162
0.30278834410597477
0.3518957017112855
0.3659898208535092
0.34901053103095825
0.40800165999525734
0.44118591117920014
0.46345778101096585
0.3454009030230816
0.5047433171204261
0.683942961903307
0.8747186854742337
0.5201918319982598
0.4886565234106041
0.6385235430080642
0.7432363866849895
0.6759036205809024
0.5944478435893052
0.6553985508925373
0.7155182199090178
0.7928534648235752
0.820058092865529
0.563253545517175
0.4803890921923938
0.7408836494026154
0.4537591727664907
0.6297398578859191
0.8104814730141123
0.6848705542211503
0.5128418282628742
0.6292263559970677
0.6333178168514808
0.49822618865755597
1.0872141328775173
1.0640992790644686
0.7136563987442388
0.5734889874685607
1.2447668938694276
0.6980845072668005
0.9563778673631951
0.9457101868458
0.6092803888053528
0.6169275771888156
0.8299454868908962
0.7300854080103406
0.9550757038647225
1.0414350539591521
0.9474557584934565
0.7736282561945705
0.8160868492174812
1.0802313227008495
0.9523623556656382
0.8200869532173869
0.9919590687121088
1.1339807333958243
0.8907622874443405
0.7053188283555281
0.9608840090655757
0.8735475018235578
1.2042226641336309
0.9118458008205085
1.2969257125399165
1.0029359277223109
0.9639875298002456
0.5159891567883506
0.5850316899709208
0.7727389385660646
0.8342043299380728
1.0201459742807915
1.1424263135289998
0.939931290762266
0.7609089093939733
0.8860958850691768
0.8938697719412019
1.356566608365624
0.9182974834728043
1.0147662136446542
0.8698577169140933
0.7564697473129083
1.024157918308394
0.860069509899956
0.9598939030645968
1.41843097366036
1.1368737839978298
0.7138405425617819
