1.0133450206433274
0.9856352620293707
1.0634132812470214
0.7708426252736548
0.9057657620342742
0.9594151985968142
0.7426496434018471
0.6621263510667752
0.6077899655629753
0.8290603669342135
0.7669270385044158
0.7111614804057858
0.641911851282751
0.5791944999391576
0.6309233259127405
0.6750195048404264
0.6131644475134449
0.605338631562472
0.6699665463694761
0.5338632667342466
0.4946319284471635
0.5671174855842691
0.5975279333046227
0.6663652789771675
0.41615999701181733
0.45473137082408605
0.5069939412135952
0.3915431561381273
0.48191929757289803
0.37961606520049995
0.5197675723695727
0.45909878631897705
0.5419637549499163
0.3702620318985041
0.3794577768618713
0.5175706626170468
0.46093139464637234
0.5322718296455414
0.49469791332239704
0.35786923398389164
0.41627746985833725
0.40359517710068105
0.42653554624367607
0.39451644993732
0.4533741487534206
0.4756068996098988
0.4137068026408384
0.3496124232646953
0.41478738629699635
0.4638768443440647
0.4231029999242496
0.33188571247078036
0.31046020881494146
0.4038657112537661
0.34530680825185944
0.40842271105434025
0.27938402087342984
0.4197525501885943
0.4326915987760098
0.36140205701263806
0.34091330655870905
0.39071979989228045
0.25453716934991666
0.37338738903796764
0.39125154106989585
0.3899698001708565
0.32214043584314644
0.3154888877104714
0.39631004748772175
0.34126099994917186
0.35695465428881235
0.3334007332919757
0.3328823201086116
0.32151541722747295
0.3035664816522604
0.34379463868559
0.22639854391949857
0.2725134858326001
0.2435935737558462
0.3273207556221868
0.28153923458993446
0.2613194964368401
0.2315332999463727
0.23191431191265047
0.3577586668354963
0.3006119360662287
0.2268751553857758
0.2214281753536654
0.32221005282205667
0.2304418028674672
0.2562084025425184
0.31049095977310803
0.27311395465821553
0.3242154942471757
0.2577134538845232
0.2404249590512721
0.2853228895768132
0.28220890737917453
0.2330160658363639
0.20137865518246673
0.27119614538655484
0.27206191179860967
0.21927036985213197
0.2622510262858647
0.20887637229685763
0.22078155314253337
0.2111859896962
0.3006360192290643
0.2035371459139172
0.22146354907390906
0.2614542344190722
0.3087203742956231
0.21868958261645294
0.2324973638509597
0.2652487993872674
0.22749824660989598
0.23057776170886707
0.22861743621153957
0.214147455342881
0.2739424978801904
0.2172670889597054
0.1608601011613666
0.1742612177518123
0.19475561424956983
0.26987410651276084
0.21877739162096027
0.19397042786395652
0.2480306334325772
0.163799762561101
0.23422176122738042
0.19088431846057724
0.1950658696244218
0.23375687859354694
0.2630346600948113
0.2072706846375853
0.21582533374788046
0.2020302967291102
0.16985685007165124
0.2097278087809878
0.22863069708325034
0.15833438021664456
0.1963206479318828
0.22885708174891445
0.1809989978409441
0.20806099274792858
0.17310500068957718
0.22875006348404175
0.19750108820883513
0.20058740276394899
0.15028092393416098
0.22243719410216908
0.09077544584666022
0.21938663245696807
0.19071676245103836
0.15553659431068856
0.19067546133529892
0.16406146576045222
0.18765237519457015
0.15285072275976982
0.19228348872005463
0.15954587061796532
0.16220165194093644
0.18398998936635705
0.13721998791570253
0.1599093228692832
0.18735759638259195
0.130591778553459
0.1655523342571434
0.16102427471350428
0.10518265841794823
0.15834846424581045
0.12572441344206692
0.13910395423950037
0.15204988975656702
0.17849495867713666
0.20340136193275526
0.18256029480706687
0.14068618236370917
0.1376734282227366
0.13610708816139877
0.16391751002899876
0.16286916677010513
0.16521554589833767
0.1771994770079403
0.1194154864469732
0.1693762673670815
0.13084989923758467
0.18531940134318553
0.1570699972326611
0.145516845682725
0.15661868168047982
0.14747710145772683
0.16023894216509676
0.15058277840861528
0.15045275185699608
0.16246842958152136
0.12290393107983202
0.16833729115765345
0.11326665080986838
0.1475743147804149
0.11306776403927629
0.12115114265753195
0.14170502769304713
0.11667217606292613
0.15357492053655025
0.08683686872183999
0.14629159014414203
0.1222336280647707
0.14991070490173403
0.131917778490131
0.15144550487577615
0.14517352065293207
0.1257343680957702
0.1728949691787337
0.12583723260464214
0.14810729873414769
0.11020907607321725
0.11578905986751184
0.15563793005921278
0.08226091489725824
0.12953683030116275
0.08232224515141526
0.13600760072031107
0.11886695239040423
0.0596607476910966
0.1588763650255868
0.12399749485947435
0.08683389482333417
0.11468203621520408
0.09216985519363545
0.11287360446126757
0.13390892180692976
0.10194197442470751
0.09531857978558893
0.09508362647470174
0.1188531138261788
0.12049336535421555
0.10681313499102074
0.10882088949455644
0.09104118698997365
0.14671819495063204
0.1114738305662776
0.0842488649244071
0.08973383623826396
0.10938899559362254
0.08430282011757932
0.12755677241337096
0.1342800346758909
0.0949225176902457
0.11411089698870498
0.09601145517489534
0.09397042010468243
0.12945694778097844
0.12857066027907993
0.10285510202297761
0.11608134894003416
0.11255976949998583
0.07609887711795751
0.11703930703302343
0.11682108751911054
0.08172112678429301
0.09037146338542404
0.1288620379383291
0.12224354012706791
0.07764992873060639
0.08496589091838383
0.09042426939458022
0.11479516972489803
0.11089727375255268
0.07683115266064403
0.1183119177560723
0.0697834505648538
0.09213728642276939
0.0864249877924447
0.11826577786711352
0.07962639351390366
0.0583412371380997
0.10898896089397773
0.10867092272581473
0.07976545475107014
0.09477797792420387
0.0629520875644111
0.09495277432250984
0.09380358438700205
0.08083930973956595
0.11140523175170644
0.0804234767597507
0.07376794542237151
0.0793435951947756
0.0796342949811286
0.07541565145261304
0.10396263532000245
0.09602290949169313
0.056349408524773104
0.05484224871201088
0.07720693234174572
0.07270479437729907
0.06661677981867999
0.09535319748237432
0.07927828508555675
0.08115699670535552
0.05473444262333499
0.07031035521591895
0.09471512805326163
0.07902874743379484
0.055528715848739765
0.07862600040806565
0.07840440682237074
0.05462837384338456
0.02795633175864238
0.09130192506740917
0.06757963874786807
0.10312842014138153
0.05501945163023242
0.08684412258467189
0.08600373845449502
0.052376900351083056
0.05728164652817297
0.06241812684430513
0.09081713058680708
0.06083555833066653
0.04135596310969185
0.08272679853466741
0.04219636433632208
0.10605613046159794
0.0474950459545384
0.06086156875989529
0.07090765287420124
0.08387602733772608
0.05996203766561603
0.07453970952664778
0.0781474537476916
0.054551958500238876
0.07247726772745446
0.050050835177459486
0.06636373573171597
0.06394361353543508
0.04658710367479345
0.08191884927164522
0.05876700702375354
0.08365458916713227
0.05810926451604429
0.05280340179328502
0.05509112687607256
0.07133599905545661
0.059751010229793344
0.07156106042068441
0.06141926948990282
0.04845667204997844
0.06554171425952607
0.04880063839584843
0.0657578251754471
0.10251635178049216
0.07742781462787553
0.06421284103734269
0.03649659861281061
0.05664399794084739
0.07774952195103511
0.08283834814833034
0.07804228935682858
0.04559087519529302
0.04616360290766743
0.046060637918705266
0.07794436440165517
0.04094362363057069
0.07213932822486456
0.024985275666362137
0.07708333638193182
0.06723802948842253
0.053576282483736956
0.06821470297931966
0.02490490464340654
0.07607068525612741
0.03313262026096269
0.04667797293591387
0.055770988957822974
0.054871581609094645
0.05140531059067098
0.04479380653519089
0.07853428812201864
0.03612810116351056
0.051800386092325845
0.04516175193391841
0.054608758229817714
0.05398339087549288
0.05495289024367909
0.06138976993616503
0.03605237787368656
0.040784200809796875
0.051448852118900504
0.03457751887144865
0.04353939525230916
0.059405171548833804
0.04462936538173399
0.043643983572313874
0.02389647348805346
0.04744532617458516
0.04060948133540691
0.0563396451551574
0.06189844095825923
