1.0930140159290525
1.1757096601164405
0.9080918083481782
1.0044657938974129
0.8699039469564529
0.9465380101792306
0.7884425153842511
0.7858506327157165
0.9034339817757002
0.8275670652615847
0.7438293923439898
0.9118035251029759
0.6442421845870063
0.6217817562681802
0.7840546200310275
0.6628036414251472
0.5892843246545261
0.6206258182688472
0.4973905001339438
0.5287894515966822
0.5908516109664388
0.6428393699918892
0.5667625392041112
0.49432602159041805
0.4764667599031007
0.595007767644079
0.44933863637065175
0.5282448671505089
0.49984499183706677
0.4781725204967861
0.5367057400894386
0.4703672282377406
0.5158327283473033
0.5425082540940421
0.5302024231102194
0.46015126027029823
0.46984885428382706
0.5132574902133094
0.38224259775179303
0.37741398017416544
0.42820112084316897
0.5126710271208061
0.503493122765724
0.5670376542287807
0.4309828595131825
0.40417142406567247
0.5043054505160377
0.3563289058599554
0.3617807518892666
0.297563693047535
0.3489336880663735
0.4069486807566518
0.40104588213104186
0.31154336157348805
0.44133990202495477
0.304831366628329
0.3514859682838318
0.3709520922295802
0.31854920257288805
0.4368528501437151
0.3185137666163519
0.4128301426755089
0.31174406079925815
0.3211043574326557
0.31672775624571603
0.368429164141651
0.39526669154531663
0.36613183510701214
0.39160647095282725
0.323852003588509
0.4484187905069089
0.3337419391300455
0.3159563953426508
0.3836284544718043
0.32442685433860985
0.27291041299756214
0.33625963904983447
0.48431576410039157
0.2585133068379859
0.3731341399590019
0.40136709337105103
0.301048616163758
0.3191739099425085
0.39149517341696705
0.26489194599151533
0.38076171175370255
0.2438108308815253
0.2765794493331026
0.2410056366248904
0.32563539470963343
0.4747957030427049
0.32705390712565374
0.3109206671095145
0.35437738999526475
0.2508803791292472
0.2920266094465974
0.2854289338227377
0.312475332951508
0.25051279891297024
0.2811842287894307
0.2610451597259706
0.3361134560256616
0.32944028334470477
0.28815448197228266
0.2620433015186634
0.3017883523616575
0.3035645308665831
0.3033960583972003
0.2540257319538087
0.2662771303516145
0.2152408891571354
0.24940563112316855
0.3303390295191902
0.28049787976376905
0.3140739964201634
0.2871061568646327
0.2584742138541598
0.2560865189033975
0.24507528607569742
0.2904751623423738
0.24379847653385736
0.2748065769872786
0.3114864100313618
0.23837612886136855
0.1917622459547075
0.269801365017014
0.21459124220211484
0.3517567156056069
0.29598433224520193
0.2019294484766611
0.24958784751269988
0.3101515610504087
0.29817238021002934
0.1918998328077178
0.17661801247221448
0.2789124467173051
0.24127007489979496
0.19981694049244395
0.273448852357948
0.22446306891117934
0.28412743862207274
0.18569889053619107
0.2719356031217375
0.20091562079708955
0.2301463833427103
0.24723448529700284
0.15923681640366455
0.21465670732304054
0.20090319558738484
0.16539913337941567
0.26067645227317204
0.2269418162645906
0.16390551950714058
0.22605353342611428
0.3129384060891609
0.19537054330917453
0.1868735060912453
0.20992523226122967
0.1926994418136408
0.26958377881573214
0.20964422237256092
0.17267010033494218
0.1757827296129913
0.24069236991509874
0.2897992340306261
0.23061083425940593
0.17558046422838736
0.20116372097921845
0.16982817412975468
0.18874871712414953
0.14289546488647223
0.16849933402720413
0.15506303615243058
0.17610618540726358
0.19071186814138463
0.25352439624643064
0.21405197567012518
0.1853766642546581
0.24835881689915967
0.18573353591590364
0.2360125972997865
0.18096677422938093
0.16750053504308723
0.21820102004877745
0.22181803568580802
0.1533756357454064
0.15693828741238738
0.2338932098289117
0.1560135771408398
0.22974137018937987
0.19275588018624007
0.1986796194071665
0.2061717644968959
0.19577985478577295
0.19397832641115054
0.20342433543855956
0.1678169019211126
0.19620020621336723
0.24297580195468843
0.19681862290843075
0.17296928364063185
0.16379665758132222
0.17425171802474917
0.17261666395715505
0.14451240554597553
0.15394982570063886
0.2468124202198053
0.15841871846061104
0.19889440193834076
0.17327772615931508
0.22583456069760488
0.20703181635862763
0.20194637708263352
0.18090329116310838
0.1887887146086834
0.1934237768316121
0.15919740284971926
0.11196556780209657
0.18368469123005043
0.2627007346054901
0.16187276611897003
0.22377183956116484
0.12751765600235312
0.19179695080708248
0.15897155336740953
0.1963301145340319
0.1472202592502034
0.16735794041784563
0.22119581035176955
0.19967872678579884
0.19130721841594034
0.15181523765200083
0.1976434200045888
0.24254230447325248
0.20038161424912335
0.17437576657785495
0.1668524712727155
0.1408886581860604
0.19516844919326914
0.15097034784399938
0.19009126909266105
0.15680997113964484
0.19771091878379937
0.1379637496992747
0.15278800449557456
0.1160197819942029
0.15729505547347655
0.198031089848691
0.09877638811215474
0.16194232689751253
0.14529475161345967
0.1543189184771534
0.22600592781659148
0.18630329502486614
0.1896400627935841
0.14155708622422383
0.1760560611539746
0.1894181456351864
0.18696853851996267
0.2091417898627051
0.11051729862727747
0.21669990785725632
0.18587749679671584
0.11345400134838121
0.11380905443794169
0.14928733741697697
0.2252537060265042
0.19981242414235031
0.2295136220252736
0.11764419132263673
0.17647508846419563
0.16328252296451573
0.1568590990650442
0.10841937580763435
0.1613378780373332
0.14020165265344112
0.2127644437822822
0.16591989296570447
0.14154313477920413
0.1852082164697654
0.1776394262366533
0.12228615464955502
0.18317703546288785
0.1938000040711563
0.15236452830983976
0.18668524742691323
0.15151589833283613
0.15397507146973965
0.17099207412007683
0.18252384627990897
0.1708648137781151
0.1991608140881821
0.16944237880859936
0.17944022127563225
0.18391947883520512
0.14605341523769558
0.1558795144829867
0.18398239670090727
0.13360809397650633
0.18485105714704625
0.1169394390245861
0.17841961403612927
0.1556426147274398
0.15682817701582114
0.11226920778213031
0.16192532271335414
0.1438770739487617
0.19902769290261763
0.15925793562396226
0.18162459715430843
0.17195947329315148
0.17791772171116924
0.16392285293413786
0.17148412184191847
0.16166007268503754
0.1480639833432853
0.14452922954012415
0.13627497260251403
0.1570747425134028
0.21670081131908528
0.1724562473724145
0.1403217541416277
0.12353975862570774
0.17546937086211406
0.21887682695552
0.1725877831475553
0.12811831451385997
0.14716449596151993
0.16166521208250878
0.169085877342665
0.1291946177952203
0.14838661258505687
0.13922724672956652
0.18557076060599487
0.1158564845464863
0.12126553743837394
0.14730135222728588
0.1782769969746664
0.15356607645064807
0.09277974498494693
0.14372145439555162
0.08903448476339522
0.12259709762241906
0.12863935905920848
0.14761024640476245
0.1357700548149136
0.16195310630030402
0.14943779959737497
0.13227672828609488
0.17071089774289722
0.15440840341203457
0.16160386291096135
0.15315015822686312
0.08029318452776596
0.1466138726872234
0.16134700165790697
0.09351969786023415
0.07268503384283233
0.14354300242551218
0.08589337651785277
0.16312108523612276
0.12894080999607171
0.1232718548910249
0.17045438362927273
0.1130512155839731
0.14745371023243603
0.16042682565275995
0.19658909205594652
0.16088954201887884
0.1731019330989157
0.11189081207096538
0.1260580105685735
0.10674159101855245
0.12519508109602964
0.10096666464792221
0.10994683968497747
0.15222829183539938
0.07581263747295222
0.1568153467155209
0.12408880354417821
0.17319703603537234
0.13812098909891907
0.1287194336003198
0.11022332640858426
0.09996470942070576
0.09181166211522832
0.11567506708861805
0.11137414430665746
0.15196165349428203
0.12627134507792942
0.06345949666862359
0.11700657594135921
0.09622772092367626
0.1572791190194615
0.1303301758470785
0.138330175736409
0.1374489962166095
0.07183212075301398
0.14786394630969088
0.11422060908527587
