0.9937428416479156
0.9917872516562746
0.9406064119621638
0.8559218467500023
0.7270762680880666
0.7400087193502574
0.8523950668675683
0.9539763472629325
0.7664249970362504
0.851590575375681
0.7590089093502428
0.653513628291436
0.7510755908789559
0.6135768745974989
0.8102402716359925
0.8707581476969359
0.7247065350163611
0.658945640595716
0.646744737743653
0.7017447518655796
0.6229756819042811
0.5886876361320021
0.5669780922684222
0.6943672879332852
0.7168365755936357
0.7083806893559705
0.680691020875169
0.6173877849639984
0.6041482064639901
0.6679781840174394
0.6766504897684527
0.5356842613927424
0.5717892871321125
0.504619946986943
0.5826297187011
0.6008331408149171
0.543137936002628
0.5126772848042425
0.731477028477585
0.5416945532965661
0.5887480607325016
0.47247776114416873
0.5958508562274681
0.5679466567845642
0.5075547531309827
0.5268284406230782
0.5304530802327648
0.48771580563258166
0.34845751325596347
0.6418478402740114
0.6400111000263486
0.3455928374667593
0.47375718853875937
0.4411443203280091
0.41897169490215774
0.4984878999911938
0.5709823251310129
0.48760775376483423
0.47311860177752585
0.4221755773004907
0.45256389330621183
0.5615806924081252
0.5565911539766141
0.4536079923038775
0.47806935031619774
0.43334887709098685
0.41779558927697014
0.4397407397789711
0.45479973539418095
0.44428004971973467
0.3886754369623995
0.4347960028339575
0.4292584663158313
0.42469500818733275
0.4537033990556054
0.46645568781686125
0.4609182931759224
0.3969837068774062
0.384869684289142
0.469490322520397
0.3661368073827715
0.3423154204946014
0.30213841275631903
0.4228508062927786
0.3671351569634025
0.4107890575792932
0.3655674693536377
0.40934628506031967
0.4681696261317774
0.3917441636493333
0.3162027794181823
0.35187016309691466
0.3665489845643873
0.3285856338441445
0.3890555473836153
0.44840701420035883
0.4046981946006708
0.4566811602077207
0.39537026814058235
0.37310699146642384
0.42183220061883525
0.3262413254164636
0.4205303366587841
0.438850718641565
0.4138628846482003
0.3490942965734072
0.3540471471783985
0.27145873787994124
0.3786997705656712
0.3230186739634176
0.37405565901785065
0.33866952439691034
0.3413529119238462
0.36528009927048793
0.3576490427508138
0.29634501428215476
0.31838846645108776
0.37566284648707654
0.3176269230545044
0.3664581950665143
0.3455138389177136
0.34324786879196584
0.3843132126089611
0.3260304653962855
0.27124918014032423
0.41200851086598644
0.3812163512546049
0.33491698344984483
0.3911589106882586
0.3474299397137908
0.33620006782838324
0.3399140401386126
0.3272172591900676
0.38709288038647
0.3375492541715143
0.39174180585059626
0.2575013459084497
0.2994429526484575
0.3060154489686078
0.4218405651996622
0.2828965629878259
0.36145532250996915
0.3426569650207231
0.35763580140101736
0.2502447794208966
0.26740043898712273
0.3305516666601307
0.30558764142467454
0.2958586122579961
0.3046803408337746
0.32887822238187703
0.35053948409548225
0.29364154659769415
0.245429521141498
0.2960189443241493
0.34955597434908736
0.27472380979811917
0.3160462311491349
0.4249730739193936
0.26521161943259564
0.24461841827380254
0.2537706900130575
0.30297269002139676
0.2829705834283653
0.25783292610541386
0.30253914541554444
0.26126200560558843
0.2741975583948846
0.2980086328458189
0.2826732596780615
0.34791508790240283
0.246482954184639
0.24398028355009957
0.24340766921490498
0.26435547420273253
0.2984318215728871
0.36335343110711504
0.300097093850141
0.3074356296050488
0.340618615578285
0.2855426785800211
0.23799891738683562
0.2936102290891891
0.2658601684823693
0.3288450628029461
0.2720093553430493
0.2962737339534497
0.2599988887101291
0.32343905649148547
0.2446296956267855
0.34386085145231826
0.31020848307018084
0.21172997306691124
0.2463738423571462
0.2481331985966071
0.25757127186997975
0.2669285825889692
0.32191858641090754
0.3314008854836287
0.31266696597774446
0.2677379307571895
0.2988002187475106
0.2366347651840294
0.2711663643615353
0.30318435078080064
0.2859948649003175
0.33648471061280877
0.2159377306797655
0.2008112548753754
0.26205274900296843
0.25158685455228885
0.2511752377422697
0.35277410064253056
0.29325372808913514
0.31089497390714693
0.24605409476779805
0.3244014156481965
0.2971611644924205
0.26103575835540127
0.24306181729432308
0.2272225733519607
0.2849371555403864
0.2731398388160341
0.23798250629332598
0.3302533241405609
0.2782999724003167
0.20894083041844075
0.24387373369468116
0.23354541452449168
0.2565896606464285
0.27574153087957337
0.29117902762881037
0.2730454346537287
0.24141267665350039
0.24920990372893806
0.22461052381325514
0.27130785707054633
0.23540246148959346
0.3226555622424781
0.26461437003026345
0.2530416214427359
0.2202037809517737
0.253920722735109
0.2856650438990306
0.21863399637310083
0.2339621037630088
0.322587035746261
0.2511611648376867
0.2562268756240522
0.2685508916188757
0.23474881173648074
0.3002088520397028
0.2793191092581778
0.29095139746191656
0.34465732666435295
0.22162569878678934
0.29075853287157033
0.2747517003723036
0.272744220841586
0.2917622471076335
0.31350434795945753
0.28648583473088984
0.23700954044594685
0.25747617156297126
0.3435506366850693
0.20735041745485794
0.2567776839817651
0.27836761614213945
0.2727413307871869
0.23270458379791834
0.21075322454523562
0.3101424951715811
0.25442241885799216
0.21465982624016794
0.26631423290523004
0.20014560519538618
0.1786794092145248
0.28108719369427776
0.22977125402788529
0.2700173245850773
0.3060116967367508
0.2407701114753548
0.28361544153212404
0.22516894834458318
0.20439446132404565
0.22083764058200953
0.2755205510089008
0.1897684266766194
0.2399365417876545
0.24550585101396577
0.22389908694099275
0.20685840795465232
0.24167332331217012
0.2492879312760022
0.24536210663993074
0.22608055167224417
0.25287308206052855
0.28578302929082045
0.2281224102487392
0.23140798933031745
0.28799243295835575
0.25588663238330855
0.21903633103392198
0.17867716568520078
0.26119946734662625
0.2252770954141668
0.22886446835927732
0.2439653646072978
0.2299324902456774
0.2002503357732724
0.22381433603317383
0.19864664360882653
0.1639407360008756
0.20279806307019901
0.18175103478977128
0.2385418971582287
0.23446038661158336
0.2768324048529306
0.216523829079438
0.18025775804628183
0.24069342584891684
0.20889503410308033
0.24163487385053717
0.28724565204989944
0.18043089566045667
0.23604658496607853
0.21510868594770266
0.21316916761772003
0.22771657699626324
0.22681262612710493
0.23683596453947414
0.17821729510307854
0.231138086185576
0.24847924806853539
0.21206656811265176
0.20048600717141282
0.22182768088194674
0.21730236261804267
0.2530318257661851
0.2251401523360471
0.17988618027628378
0.23282702216736326
0.21510759640329535
0.18240083224663686
0.22485562037579618
0.2271356604140033
0.248854629908874
0.20087556723114597
0.2007118626055014
0.19919513686201196
0.22229274349415645
0.18593963583899475
0.23477631466598084
0.1704421395120401
0.21655378564383326
0.19169801380487592
0.24378143304632666
0.18174796162422704
0.2306691752597104
0.21316093294346125
0.19993867573851834
0.22162849515109245
0.1882424120144524
0.18856173656017108
0.24216583125374638
0.22591910097952156
0.24876127933877754
0.2752984966500725
0.24479591671404588
0.19446385605532596
0.23422964512426106
0.18410977848173266
0.24446136238914767
0.2040405145256694
0.16715072417552196
0.19835849815082982
0.23494679737831875
0.18144395283996723
0.2132582899969877
0.17691325518719037
0.20906447225224478
0.1728996770492646
0.25661189821501285
0.17104822902505754
0.211959216426288
0.1855078389984412
0.24737595728173853
0.24691032175475702
0.22465443001824212
0.1908217036791015
0.25878477739687644
0.2074283989772093
0.22848312897387305
0.19623307784519456
0.21804702069101617
0.19087250985692492
0.22416441266218978
0.24027933433274068
0.1933371011989999
0.2461665532354736
