0.9484916175133786
1.1753089577409557
0.9345952491385526
0.9250408447256533
0.8047055076867393
0.8311334727378797
0.9657540590913409
0.7847229642754069
0.8346441948740262
0.656539464252096
0.7404267926794328
0.664492660254324
0.6400865711192419
0.6676816576766116
0.7254758781564962
0.6390113081190814
0.7079009232416275
0.6161624586777948
0.5777319553397422
0.6198960026784108
0.4933190303694368
0.5747323330476557
0.5417409238598426
0.606317411479657
0.6088094168514657
0.5695240202745789
0.5941416185958588
0.5414257869943209
0.6549006530503054
0.469768635812185
0.46094826232691927
0.41633674607817406
0.4706236463689673
0.4926962689727087
0.5200442771685074
0.6650491289672451
0.4091038035690479
0.590144027220569
0.5046404990862859
0.48027953169909665
0.41212768180860904
0.4490656403859175
0.5114632991046912
0.4147201761928317
0.5016493436693699
0.43427643710462105
0.3767115180910754
0.44115589655098597
0.39401963687327063
0.3409598540320955
0.44260814217402145
0.38949242700322584
0.5335289063490457
0.43364500510402326
0.5567148181865235
0.37769056307443166
0.38910147244164883
0.42840502197571134
0.48767836449414503
0.33625714702417003
0.4327177849078863
0.35103893397570457
0.3878124496066087
0.294343351430456
0.39312808065909605
0.37449686285307837
0.40512875287426964
0.3883313943721689
0.35001439275377116
0.31520933752131275
0.28888753672198086
0.363264415790986
0.3137977516452195
0.356692245091895
0.3374222128470799
0.2914322993346392
0.4421596364834647
0.3647796121701398
0.3804136049125926
0.35147605198039295
0.34012527264989606
0.3423761056189293
0.3911946771266309
0.35299139225914844
0.36471046094418164
0.3281087632258807
0.295167766270944
0.34375306983571596
0.23129803726091938
0.3039761598370839
0.307398495514039
0.36368336175899196
0.3480049887529134
0.31352143637787067
0.27118175506371844
0.2695290044837143
0.33278828764729185
0.30270036348367957
0.4067153311894436
0.28884719622182575
0.2694263210431922
0.309525097232272
0.2607419623517716
0.35358900297534995
0.2800487230424894
0.3335921559697121
0.27067480998774995
0.18649396809133184
0.3357442932113007
0.3162348692943374
0.32055556265050933
0.2548226263716421
0.2975061649756157
0.2503928234505898
0.31204249353317554
0.28670031707880367
0.30380820454960406
0.43219561024157327
0.28107114263416144
0.24895294203145757
0.25775563167992643
0.29578993282586846
0.26184108583324456
0.3198068374769364
0.3083959649133653
0.25808172339522917
0.27740733863383604
0.33082124773561983
0.2620309072129725
0.3947525046677487
0.2523129505458738
0.30166236601495855
0.19855530705990695
0.2014032751682838
0.2385575290237405
0.24134474732321093
0.2870279615342686
0.3336837140152257
0.2664201701543365
0.30976519051858264
0.21240585578218765
0.29743887839770583
0.24595844469869904
0.2577806954692555
0.26730026213539815
0.2141693745453809
0.19263509598601242
0.3220494123490346
0.2714532949376684
0.22583574940503842
0.3171423492524195
0.29875680913416514
0.29129120272351045
0.28871618545979505
0.2765850690096321
0.22449484514381024
0.29344905430692203
0.3305424828790866
0.2243213851267279
0.1923383800637097
0.173289028770471
0.30614061905976153
0.2416193326473448
0.1849359902507727
0.18983445546582736
0.2732427191517016
0.23691703203623718
0.1777031709856618
0.29850798024709113
0.21318872392053506
0.2804685625851121
0.2564970395492383
0.26119150129964763
0.264587660722151
0.22870713887052246
0.24697424334119839
0.27710482354011506
0.25304814077041515
0.21817169109256654
0.20525428521129144
0.24878516983200788
0.26054741633342404
0.2173285667228894
0.24470627629442912
0.27011967879214777
0.2405591249932025
0.21731909984124664
0.21777284746066017
0.18405801048309176
0.2430979027543013
0.21370707519949664
0.287319627653585
0.1958042844468993
0.20918505223656486
0.24135994999496008
0.17236372540440018
0.23896608434364847
0.19511398271369784
0.24425582650575034
0.23621449765291813
0.28379602020958583
0.25846121618170315
0.2602424544984785
0.20015532281303966
0.22713589801464756
0.28158024089087913
0.17715305353013125
0.21863815519978758
0.2047227472015783
0.20292671335572754
0.22827241133334936
0.20789801537053307
0.23635253614496216
0.2062750057416919
0.2472485756193889
0.2393627444605241
0.2849976684161345
0.19730593610423866
0.14602483521785356
0.21236108724888808
0.25980542545268925
0.23559453929393262
0.1852816459463014
0.22110840656219294
0.21386772766212409
0.1962904798535678
0.19033787507371797
0.23666486966987194
0.1725302996380115
0.20514493502390643
0.2560052002957422
0.18381987203771916
0.24032925427316681
0.2757366483514139
0.2233977159951524
0.21717376615300266
0.1752996389518612
0.16504312768081003
0.19554923884101666
0.20518596913839854
0.18437835682638792
0.17496009223548228
0.24345089956275134
0.21360412283220268
0.19030910526082495
0.2253948935237478
0.18790466289610736
0.24026048515180437
0.17093659120936494
0.19516981405902406
0.22968901314443171
0.19180120244809823
0.20547230242722442
0.1569501591735866
0.24543998355876634
0.12988840214282932
0.16057480160789867
0.17697854821856124
0.21916469191552607
0.26093017582954575
0.22041064343525218
0.17206485600761
0.15754935938361864
0.20489138638715318
0.22536503071239858
0.15551143039089363
0.14059504851388632
0.26591655434476047
0.22029843106647534
0.2724161877326058
0.2728692030090495
0.22774221570412823
0.2029832730446794
0.20099332715617418
0.2039471206415974
0.17877213659628166
0.19049193818151866
0.20116003377468566
0.2593269787214464
0.164156160392458
0.16896428954761128
0.20005307750424373
0.1801774400304182
0.16690198135488815
0.18449260047317806
0.21215964865794795
0.24000379528992427
0.14905915516478557
0.15178039757883585
0.24863472440466056
0.2180631867105985
0.20642557569321546
0.17339794958913718
0.23350290859966902
0.14685122935656383
0.1932313997640214
0.22292220454238323
0.17346255502054192
0.18345378412768326
0.20445533029690582
0.142958579315393
0.12270471741837512
0.14760387363153915
0.201125364129687
0.17552145521881146
0.1565567071605062
0.12329538365631192
0.14986296629183893
0.16634786920107308
0.20405627795922684
0.17828181219739447
0.1542780728014198
0.17599738801659212
0.20837704338483726
0.1602053715575839
0.22455686016043153
0.1751112629986939
0.2064643288023588
0.13727543352510121
0.14263363378551808
0.16308515227991455
0.18613155391229702
0.2188698110851329
0.16958960092544076
0.17633158429009524
0.18119816121394755
0.18118366721857465
0.14316954724738157
0.1138911038508672
0.16833864921878963
0.11145484623265375
0.1864326373526147
0.19663857516886157
0.14559301852058262
0.198520861538174
0.14911339990270295
0.1487597479412182
0.1713718950772658
0.1546211762028841
0.13582089663885707
0.12964277744825836
0.23894373008041248
0.23015270035498384
0.1213768284531574
0.16303179364264597
0.14400794390317637
0.08758906021155663
0.17000216964321146
0.13924825427910323
0.21516992282124203
0.20922591421483827
0.1523079186897328
0.21573566206679673
0.148228280454499
0.16602598374909033
0.19680341497540357
0.12556465303040323
0.15875159791279944
0.18349109302756178
0.172115830972914
0.163088305943861
0.16353383393263649
0.2223125558247408
0.1322173762111368
0.19034237984621455
0.14288505657955436
0.23430606664854697
0.20663860410228502
0.18532051772574093
0.15222670007282485
0.1823590796916289
0.18395176285604778
0.17741683421336701
0.16669677509680164
0.1876110435180425
0.11289295631978065
0.1644124400778228
0.16525657124121915
0.21141770176813357
0.1831077059183211
0.19002582890494896
0.15850858488811576
0.12716973617287325
0.1070848058918171
0.12243828840177536
0.1040961587630997
0.1714226652079641
0.14101636343599727
0.18370570321899266
0.23213028100475314
0.13491115900748246
0.13642363731294235
0.16201282941644277
0.12496296278574023
0.181004633100124
0.16894324196069227
0.2083971628817428
0.16184240775335484
0.13095219531388783
0.1259283246493217
