0.731188442819906
0.4804161575081206
0.5612553147307231
0.5528983423234751
0.5193550307315478
0.30351789875838586
0.3162204307893336
0.2295350828317651
0.15451404521876783
0.21438132893882106
0.22338127785256834
0.18687149140111114
0.10937322976140622
0.1400519997512775
0.05907355875143335
0.08316233696605971
0.13890783630947512
0.0621414361501819
0.07400366938774637
0.03530754742426437
0.041320429455334005
0.05420873973567488
0.07076942232928415
0.04855270184761523
0.05237687394280545
0.044564838737588944
0.08853591195381683
0.04127062000951194
0.04686950100351937
0.055934126460409316
0.04496091740212917
0.028936037541897924
0.027725320472230315
0.01776048727346947
0.033907094000463524
0.03272727928702967
0.0228933373470728
0.018887596715736286
0.022704677570009414
0.021732889863221586
0.02131628511101964
0.023100400715517732
0.026641775586840694
0.019332634365233796
0.02241546910952855
0.01764696459049039
0.015219783722427927
0.02030987576865354
0.023774363379875443
0.015488565414481365
0.012030858437556106
0.01248430186876605
0.02027876210121418
0.011636245900136141
0.016115474970639608
0.013650694552896516
0.013892752310918405
0.02231984837792448
0.015906703968798435
0.016304383907484735
0.016246457199013003
0.012593196291210631
0.011017642464665684
0.012788449500728586
0.009975400039277266
0.01198435670292922
0.016124663171454116
0.010211383194626281
0.014979805016321032
0.01125167102796444
0.010814153165952318
0.007909433926448599
0.010736766745023428
0.017000806827693192
0.011245812794268128
0.012651610098911446
0.007053323249444412
0.010704182354353595
0.0067998455983159746
0.017840062378663916
0.009411582392094147
0.007245342705070006
0.009478426280460214
0.01376421993996838
0.008889390582377716
0.00963978139242775
0.009777174657871118
0.007235074343473742
0.013222618855653673
0.007173187694676857
0.01028059138615612
0.007418469872015956
0.0041118527631274675
0.0075907623081692245
0.00475805147406385
0.008841771078469658
0.005520403523821169
0.012550748999859298
0.006679864196712415
0.008814533915625835
0.010483202335473424
0.0066924409399632245
0.0067479650805703905
0.006293820449166798
0.007801231442044787
0.00872714307162212
0.008553647424099208
0.0070199341878869285
0.010719138006857748
0.00598052658820775
0.00710509276839931
0.006475354300483589
0.007137942971919229
0.005757869137552511
0.007710257981703665
0.005032272027945114
0.0057434417845745375
0.004513956515609532
0.004715146739528433
0.005922262238020947
0.008889642101025884
0.006120385678846761
0.0034897403730761154
0.009887441120616514
0.005733326432931008
0.00682142769505697
0.004702218180670562
0.0053952872075896195
0.003969193135595145
0.006546855682878765
0.004454362301024795
0.013313733775502972
0.0062558298783815984
0.005478916075189466
0.005331194132141315
0.01347319855459492
0.00420226952281662
0.00606936741895848
0.004535965882618597
0.005946236651539512
0.0023531179460290867
0.005855778337369761
0.006956567841418871
0.0037452781057541115
0.004052706363589729
0.004537066772622646
0.0030534894113569324
0.003091282674747383
0.007030380455260973
0.00513335951051048
0.003118544400057471
0.004057877296855852
0.007520245378990431
0.004110519151624434
0.0034767494491699086
0.0027335530434318286
0.005966372544116646
0.0039752678044490475
0.0067706027054232325
0.003837738058438933
0.004741323675410411
0.003903561867621136
0.004351228842631316
0.0041723606934655705
0.0037459282203812505
0.006981349810147237
0.0017819689503582696
0.013859974006546502
0.0041957174580704686
0.006586564812703031
0.004237559780708251
0.005413921300437798
0.002887249086173037
0.003927964362227599
0.005422963462880586
0.0033397167422928877
0.0036611629592081573
0.003654959143194217
0.003952965601688721
0.0052897713932495965
0.015525289431503313
0.006368798543178055
0.005217960350677014
0.00595658948348095
0.0066807544505442145
0.003926730404348127
0.007524299335706329
0.004052693569527865
0.0027225848117855174
0.002373875617892146
0.004914125885254432
0.0062639388856826645
0.005943536072427379
0.005364400767063819
0.003265330454651427
0.002976341349150465
0.0017774858485696966
0.004707507501169047
0.005170516955991708
0.009375954417248448
0.004125328962241071
0.007604762784773102
0.003581961606659592
0.006994016814784685
0.004113892039768708
0.003627458066154135
0.005159592963011423
0.0029522763143337307
0.0022049150433641634
0.001919548709678355
0.003167630493856533
0.0037827468254449997
0.004839052476276045
0.0036473444300823355
0.004783593536315445
0.0026571583757689634
0.0025516665229349165
0.004153576223742297
0.004818579426942193
0.005524324225714574
0.002881433756754904
0.005476395775516878
0.0055130683789301515
0.0033853413726246664
0.0035540831422947138
0.005452821904476963
0.003580540645740772
0.009639691952438228
0.0022536047429161524
0.004430301300890734
0.005030669943197155
0.002213030421053179
0.0025928673199028204
0.003526127132295684
0.005553231919964818
0.004096765056731897
0.0038523851423481795
0.005840264484518222
0.0016947819354074724
0.002371733436129193
0.004319628458748001
0.003966940305459298
0.00341379130950163
0.002767293556704609
0.0036434127294955308
0.004159190963135322
0.0029020503809563543
0.0027073951433662737
0.004101876742914687
0.002136410239903737
0.003106837289350428
0.014333540348350108
0.003394869630997198
0.003913164198023102
0.004759645965688533
0.004079139493643406
0.005536445577583331
0.004735201301684647
0.0038448467292466607
0.004488672810680002
0.003641383656438168
0.0029670882768361973
0.005243748401069192
0.0041781023431992845
0.0025978254622678453
0.0032996218916630723
0.0022048263518418616
0.0038671286901926253
0.0029487213244666945
0.002136639779577499
0.002295239684959859
0.0029180723400235573
0.0016934481833061372
0.0011389610411488137
0.0031680137695184497
0.0033466818382382663
0.002389755516070838
0.0023292962382249613
0.004935096168085422
0.0027485717994933283
0.0026647020634499247
0.003769616963790647
0.003328569637116177
0.0021571014422505914
0.023092450280091076
0.0022916531092687926
0.005240777719109728
0.002465317977129752
0.006414393943601588
0.003011797678049159
0.0041874129379845
0.0041699366886124665
0.0025334141907951964
0.0020737049553346855
0.004407233943212609
0.004981643330255704
0.0031278260869114518
0.0022201592976304934
0.005930788174393619
0.003398665050013056
0.002137863528253418
0.0025295302793352584
0.0038535260093253017
0.0019142199432082116
0.0036527950873346893
0.003832516782324604
0.004079828274439741
0.005085710206881001
0.0029569808188634763
0.0031822582485790648
0.003552272781521572
0.004758366494162865
0.004158489831100128
0.002990096608715304
0.00465478189135809
0.0023147936010229943
0.0029430089912333233
0.0052757787052594525
0.003754524449544705
0.0033372956708722827
0.003922998615639876
0.002557768017034595
0.0018508652766777735
0.004662934907529631
0.002615154583821278
0.0022086085481923126
0.0028657725048728644
0.003454267425334141
0.003929702977916426
0.004036362316714434
0.009039504099078402
0.0031468272129338655
0.0029641049695861574
0.0035164454072845993
0.003334080518574272
0.003013795188338255
0.0037539073141618752
0.0034262613988774193
0.0050764667302744745
0.004421338369294272
0.002252346023479057
0.002384172373335543
0.004954113680152672
0.0019403822200387097
0.0040772683267420486
0.021391463749172442
0.0032269897046814204
0.0021844452725197218
0.0033074901994536027
0.0020873852202571404
0.01236268464890684
0.002831821388270542
0.00212264923742936
0.0031499483378335984
0.0043309250262614256
0.004417662283738176
0.0036197287087548985
0.0019465131251451904
0.0012828287312454663
0.003362376726985937
0.002429820742230359
0.0034883312613351305
0.0037238485236955323
0.002322644071124287
0.002007423075699612
0.0025882591600159604
0.003571971734793432
0.0015237238255502476
0.003742357141664004
0.002662084367077374
0.002782957491722935
0.001931159162735131
0.005580302287380209
0.003398192065781834
0.002094491549677476
0.003722913953820563
0.004015202621174401
0.003992165515638127
0.008931939838978085
0.0034651598005475672
0.002922568521500929
0.002341255435278857
0.0032794456477561957
0.0032451973014625346
0.0021070556899594603
0.0027105087808420966
0.003706067689610304
0.0039015021786074295
0.002639431462132211
0.004140765143625732
0.009607285216402781
0.0031701390605586048
0.002432599124123631
0.0027788696714277977
0.002817645292129605
0.001662127620709887
0.0023459555700475446
0.0019836002372696135
0.00400483605428042
0.0041204549918422845
