0.583644331117769
0.41675259466254333
0.5232661055258051
0.279458205345299
0.4282669150635853
0.32728799920731094
0.25186988693494444
0.29406320042795475
0.1892215790455402
0.12033711867237104
0.18145463631687414
0.11773813246376275
0.05803515178373262
0.19404861755593217
0.08314430520956448
0.07562313797730387
0.13802224028352264
0.03663361195871562
0.05679123032698617
0.043031090514355566
0.03676765262574132
0.047915435834099504
0.07930232517642542
0.03959556528727533
0.03272350341244224
0.027638532315129378
0.054655342007207244
0.02940588144804141
0.05293633961807638
0.033012121388811745
0.02697224466529442
0.05950757912240732
0.03867816009072388
0.018528980855362698
0.028959439068755706
0.027183147957445475
0.02499042473754394
0.032618094527227866
0.037552339680684534
0.0278431392505051
0.017470035867532884
0.01313268660892597
0.02795577756195322
0.020408702277910785
0.027630295315382053
0.013984283071927514
0.01683025998630967
0.020336030247212308
0.02031174711558787
0.01776104723962811
0.014889218862407525
0.015593524520475504
0.01633893351205943
0.01650318446093779
0.01640422454053812
0.02158483170045412
0.010130881198052772
0.016462553089132453
0.00822218823175642
0.009899090865585186
0.009534754585911841
0.00961490533534724
0.015097558039622452
0.007839554797354657
0.011506776967343663
0.011710277496817714
0.010859135734286391
0.010170176940522902
0.007164757447559585
0.01812229063557268
0.006243137604365065
0.011605645760676566
0.010521727934543581
0.015293194316157768
0.008509167816900032
0.009214990207034958
0.009829270280286694
0.019697276891499298
0.01572698636561088
0.007965313958330259
0.022051278592619968
0.0077303761178227045
0.00717019285263857
0.00879074790431109
0.010173650514013866
0.012678757951223859
0.007239518950053451
0.006335213763314555
0.011164058888011036
0.010550109775192001
0.009386309497521676
0.011379296772907015
0.008782784632563365
0.015831250279282883
0.006646698843771871
0.0071237103607456245
0.010284502626037157
0.008272342843196615
0.008017139768970094
0.009702488040288006
0.008997823235881646
0.006455053791725224
0.008187888999730015
0.0080248996192913
0.011549058427664578
0.0032282090373896982
0.007143543929394254
0.010404681111193649
0.008492163951920761
0.007742691652766182
0.00710578942542339
0.00665304732313339
0.008158243603336569
0.00829788868003559
0.005120320767578674
0.013654697620424506
0.011830718021452361
0.0072979543630298516
0.007236999202278984
0.009855456539936474
0.0112158304911476
0.00731327865765944
0.006540874028942929
0.007030410682198296
0.0052838490520896435
0.00966139975233002
0.006619699712579166
0.008057822692006463
0.009751370580854141
0.006291278518202319
0.0028027962674106346
0.006770149509513638
0.006012232129240626
0.006635963734260138
0.004538180174860017
0.004509454220204964
0.005870092161176984
0.007831159816979207
0.007563687192090945
0.00530939532162652
0.009255143258662463
0.005784986241102975
0.006347819105054902
0.009970094736622945
0.005147352040000772
0.005407746322792761
0.00449712233890349
0.007359455827367101
0.006998164555243122
0.004900469672466256
0.0074607054196846444
0.004522976463132774
0.003996985281295266
0.003994786728261078
0.00624350689596185
0.005347364474313283
0.006951621051957718
0.004693758491931562
0.00514880769902612
0.009127930097333467
0.005810250531535816
0.00539345848563603
0.004324939926378785
0.0031102271573372987
0.0038637514480520515
0.005423114210773005
0.003779099418764336
0.008578526489609708
0.0036879336365063923
0.004749349779333211
0.005289104795573743
0.0033762093103361875
0.01285168904287036
0.005205095057218375
0.003108296365414032
0.007779225753094893
0.0041252304155938325
0.0079346141132929
0.0052057341586496265
0.004920636459960296
0.0060969444325847085
0.004740133302543454
0.005800084451017619
0.003668367278195262
0.0057328355557083235
0.005215282201939968
0.00636731033771072
0.004874924882075999
0.003260563205372749
0.006700397774913119
0.007523926615932083
0.0049779361439411035
0.0045386156638387905
0.002952268084581703
0.005026038107486043
0.016416394765077266
0.0039227943949553725
0.006265148395324485
0.004395376605923344
0.003732572912695824
0.0038123033201666726
0.0028732986002235764
0.0023464859301793083
0.002922171230739107
0.005348067589462769
0.003966560030530154
0.005534282658943535
0.005627130894425548
0.0030781012933149493
0.0027720387186769726
0.00633334574798447
0.0037120883473051604
0.004150623991472288
0.0036832034368066307
0.006054340991935997
0.004662438067678994
0.004065123705471142
0.005050856147893482
0.003262714145479596
0.004058436486804333
0.003193941069980076
0.003505713671568817
0.00547142910786357
0.004159534434011333
0.006526234051266259
0.003913228953840483
0.0024549638818141335
0.005711616504236005
0.004585973621936128
0.005130490510512315
0.0024890374051281137
0.007211370784133244
0.002946587332985165
0.00396704487359516
0.003630783136413444
0.0021952118750253142
0.002494619432131405
0.0013613833092411493
0.0029893762873681204
0.0024112249247124394
0.002602034134151157
0.004992545194004167
0.0035127511831385223
0.00249616473338494
0.0037999066541771756
0.0028022051274739354
0.006275654364712284
0.0035122114298646104
0.005066531324830254
0.004133608343847818
0.006699142450608401
0.004223882166201631
0.0038652572195651607
0.003543594717516199
0.004994291802203343
0.005179752645570951
0.00371249533370122
0.004415141071171307
0.005972408676848832
0.0032112146331402204
0.004633107332898006
0.006873941490501793
0.004458732656891591
0.007185179899228064
0.0028004078519641724
0.002792369345495613
0.0031738043662401473
0.005068725150565357
0.003375693895840282
0.006305908527371312
0.0035619152070304485
0.005608851674133064
0.004293409415202905
0.0038088101609588844
0.005435945800628035
0.002852855820173409
0.0036369434474599963
0.005967196096029748
0.0032493022677204685
0.005154145250677269
0.006100220432219478
0.003876985848071423
0.008113773412263919
0.003180011684011981
0.0043298640441628835
0.0032044383475362376
0.0057286915463114355
0.0027037817867424535
0.0040997720114988425
0.007678496154607242
0.004488837564445275
0.003232050368269592
0.002273635504704795
0.002707113208563614
0.0031223919028639333
0.004729223517338317
0.004369269654132384
0.0034579401276407552
0.008088342913478963
0.0028197635240390555
0.0014845038138411248
0.0022941419623792305
0.0021315205885203753
0.005457837457480815
0.003646589402733276
0.0027666354712920444
0.005301830664156385
0.0024983353135702826
0.005762144039464706
0.005384374892335947
0.015121614947509738
0.0032371023625005326
0.003862452481360713
0.0021225335217292403
0.0030500807489408366
0.006519844571515924
0.001973287710776353
0.003305478346961406
0.0022987525222912296
0.007471435542278101
0.00397320004257746
0.0022500429246829915
0.003382511085172503
0.0025038796049746534
0.002347228342057038
0.004686523175099016
0.008108816269287101
0.003127809465166439
0.004057549187613361
0.006641825752329154
0.0029314444961065426
0.004295520000632245
0.00253234300153878
0.002671942667993382
0.0040990563863428095
0.003014623510816517
0.003295510645524123
0.0033789896659444617
0.00572206946436796
0.002880693953378736
0.0013042711933445978
0.003508749716170812
0.00260368708443388
0.006104836767119501
0.0031100438713693133
0.0025097232541683406
0.005847973023562967
0.0020545831615481607
0.006520840243427924
0.004353608351884834
0.0020293687770112233
0.0031270623413565644
0.0035593891404682005
0.003892189717939565
0.012588982095068835
0.004601089158304196
0.0017330867575591589
0.0024621689352391073
0.0037394062212001687
0.002480769010369343
0.0035009095996842857
0.0034936660926365437
0.007296520605992157
0.0031606875062489166
0.0044318982321383945
0.005896882532883516
0.004131839517799814
0.006746636607511264
0.0027153168060314774
0.0025385229946969785
0.0026079517679774293
0.002013188824895663
0.013376565160905404
0.0020748302803681564
0.004322508186982567
0.003298511955809714
0.002786422419425277
0.00676847953390448
0.0032894615630291077
0.0025449450511418844
0.003971951281806555
0.0022654023285666423
0.0023380393720844822
0.002356332352416537
0.00247921644393593
0.0017435438996772454
0.003461105191592217
0.003558787456922989
0.003240486037721848
0.0036660750772153513
0.004719877212651023
0.002153369347831854
0.003583273352170368
0.0038643768642609294
0.003180788833256145
0.005347826703097057
0.004545319125884036
0.004421716028246481
0.009131762672700567
0.005163334591396055
