1.333775503462583
1.1735764527897308
1.084592657319742
0.9714447876466495
0.9359972923542047
1.0136799609080414
0.7087057280014911
0.9671478870253443
0.9519806235313233
0.8844728551503863
0.7184188270766726
0.660887463455592
0.8196449658708319
0.548988460473365
0.9841107374659434
0.5565281831671168
0.7460956247901421
0.6236390196220731
0.6054885474790933
0.6938863998209144
0.6257650725130345
0.605144963756491
0.532726763509861
0.45669018083674284
0.5846714053067016
0.5096912793074846
0.523430273626857
0.6043423582409015
0.40848900914400765
0.4477715191843563
0.34185206595050377
0.46280828203230007
0.5520545334257104
0.3248994942534484
0.4922509342448514
0.6201058653510516
0.3652622140634362
0.3067167145936691
0.35837914186640946
0.3102636982223096
0.5408673594854937
0.35927265228505034
0.3418693035195345
0.274306693052366
0.3268214906403822
0.3255909446685069
0.2658682785930307
0.2717857953983707
0.18834744418189028
0.29427710310237143
0.26878867238639587
0.13862247423350318
0.22459982104507517
0.244838106097533
0.15689472902936852
0.14989106812601533
0.2332231871970621
0.1593044672367646
0.19045419754104453
0.13637049651577207
0.12782265050699176
0.1244823980975692
0.13169504237337964
0.10375161484760227
0.0694037441974626
0.10522403820140531
0.19488097369741492
0.14402590179745278
0.15532654507640514
0.09730964891338093
0.10007061950122813
0.10472090969188412
0.09634523548925641
0.08365292340089851
0.09604732393653852
0.093648094922398
0.0975709657756667
0.08901695097633514
0.06617700416644377
0.07559790283296976
0.07451558741853108
0.08879844747637704
0.07723303947126402
0.07453303620116512
0.06629321519557171
0.07612240090316429
0.051834127776444236
0.0819570360976672
0.0723103857618756
0.08469540583991146
0.0427547486164017
0.04565072407930881
0.06237973608071101
0.06097768690561992
0.0662844880796424
0.05068341403122543
0.06065625543668526
0.05974816384553189
0.05080541408020053
0.05296351359729391
0.05937183486871711
0.061094116656558374
0.04322222501235685
0.061397229934419505
0.05184970717548719
0.04673750020772729
0.041051162661504395
0.05594970016594647
0.05192633088899205
0.05863883658236431
0.05396598568241133
0.04777316320495857
0.05209004463422793
0.04047319813630215
0.062411379195708064
0.04850485938552408
0.05290847315923338
0.04897408892668879
0.03671098761031501
0.0490141105434746
0.04841325808309392
0.05368202257025748
0.030265465382516572
0.03698470496156107
0.03814649450705695
0.043948145539678594
0.05230396686862796
0.04905326377759545
0.050226367267069486
0.04364540390738541
0.04707772530096982
0.04315383185911918
0.055959461421354564
0.042914678299296266
0.04413148210322031
0.06346340813882584
0.028452024765451667
0.038071539331820066
0.047628706281571294
0.04898492640804329
0.04183793502174244
0.045983655694818396
0.031234496922850796
0.04169051270648914
0.03029659893107516
0.03905308965730624
0.04354308335392136
0.03530329109295967
0.04070189072635551
0.05017778874030273
0.0345308294328028
0.04286212929657536
0.03809972894347055
0.035142771068746234
0.04749221889310942
0.03687830640952044
0.04541318666977816
0.041015337495821126
0.04430069571570551
0.027895866906403728
0.042027544646286705
0.03675151376114384
0.0421539286501382
0.035022409386884445
0.03370202160239408
0.03295735172549951
0.02911155244110659
0.02162498665905751
0.032408634290211805
0.03319432958120831
0.038005959658078244
0.04069769920253539
0.026628174899001
0.04263853356160181
0.027332748580059046
0.03692035230070226
0.038814113045806745
0.03265402872481844
0.03309578645566418
0.029809037390938847
0.05174426926378578
0.030895758176521942
0.034576449646053706
0.037356964113050846
0.035927841671014406
0.02893185035872877
0.03856342237792676
0.021551016951423203
0.037471334562160855
0.029498164014835508
0.03096284885531831
0.026140202870621597
0.030320577886573254
0.032925986318533565
0.031244651763818503
0.029062194153807192
0.04480212778581115
0.03572769959510036
0.02618406518602851
0.022856582360269148
0.026716028390655622
0.03128662583186144
0.0230809326221759
0.031657621270925515
0.031246600662265932
0.032526051438210565
0.03009632848702277
0.02446644128958331
0.028936678266959996
0.0361997706714415
0.03642544729171108
0.036297401387464234
0.03344368226933275
0.034750285971210604
0.04262834592907767
0.03518546834003017
0.025124525984466656
0.04329457971374109
0.03525281254206217
0.0357264377093296
0.025685607929428776
0.022022398547279626
0.03425613632011496
0.033302203291634344
0.029150794798822054
0.04523939252974406
0.03236970556718221
0.03884134751496346
0.029999669607845014
0.035630178350597785
0.021081084820025887
0.03308213239452644
0.027400941580294248
0.02539239613994586
0.0380964960024638
0.03437963000152329
0.03390593178661341
0.03077396169388741
0.015897727431536827
0.024059369980003006
0.02820337760767507
0.02859396744328665
0.03919228006259348
0.02400710845213604
0.03131829528674983
0.027421574964031515
