0.30173350271070376
0.23440472278209196
0.18417068779053808
0.17646805187914655
0.13052713735676663
0.10381607923156706
0.09638509317932857
0.11039473637084311
0.07577710272841616
0.09635948419118108
0.08422332494211786
0.04632701606753585
0.03552032987248935
0.02666509529244308
0.07581941301403275
0.03347481812832143
0.03548663568075881
0.027146154849341998
0.028179241575506924
0.02438174171016385
0.018071794233512434
0.019815336677687014
0.020144871601356727
0.017787198455075096
0.022417652600434507
0.01530194877996081
0.01679885723510722
0.018229386411928773
0.014734676325821571
0.014824726521198104
0.017292457805745447
0.013321873424392408
0.014695061137893503
0.018232255752007803
0.01279704072706835
0.01222163956752908
0.011646274961468918
0.014445559256136845
0.011179364282534226
0.013868158344211564
0.011386614915383966
0.012459076885742633
0.008025426564243647
0.01396752198478211
0.013839614816743617
0.009481002525114664
0.01044093124135543
0.009048804460412613
0.009930871513087995
0.009397347314684338
0.010299381994359607
0.008259266397437416
0.009024843478284196
0.01442901379974387
0.010122658154097904
0.011826852787337997
0.011128381878614774
0.008869974222184709
0.01030813549413516
0.007393293246730934
0.009631156681857291
0.009653904683853654
0.011808848566108594
0.007331924935352917
0.009594881596373171
0.011446048780535564
0.008211890356191418
0.012237033585432041
0.005964121770924287
0.009190618036317846
0.00663810692632099
0.0074758308582217135
0.008740971123716825
0.009139882266642588
0.009352214489750566
0.008387117981817429
0.012891833263223481
0.006988372421441973
0.005508677930758204
0.008889262111691955
0.006628760565475532
0.005074832237442521
0.008534926023443887
0.007210052754842168
0.005623263309303255
0.010354236436457605
0.00683065278341765
0.003953121350003189
0.0063981773181723154
0.008009000654191249
0.0075223901871932786
0.007611494350552217
0.008226442782916125
0.00752627396724982
0.005718640840442078
0.007589704757342589
0.005921088027470099
0.011773879886162106
0.01077466079372975
0.005200668651071112
0.008588808969840897
0.003440975349251829
0.008398555122209288
0.007897646993772154
0.006418478204763397
0.006114240863797241
0.004469504695361479
0.006191291024293513
0.005703245832177616
0.00558309517161355
0.008073898296136691
0.006890142765433751
0.008577040169817137
0.006027694735867896
0.008241818635612786
0.007006129404575815
0.005941528941501489
0.008264980114786446
0.0065508983153945615
0.005280154046455597
0.007038134884567312
0.006829186952926917
0.005201170237651444
0.009217940547475368
0.0039546802583427096
0.0069973905742300255
0.005896857676114068
0.0069292293065616305
0.006074097783959899
0.005302733017770471
0.005346524659110868
0.005396132526930658
0.004630323720795069
0.008554395308322357
0.00679712021193474
0.007146249508619673
0.007432980356297493
0.005996669168316994
0.006012803257572018
0.004139801232068586
0.005125401829403414
0.004331742343850067
0.00495846555272891
0.004681481302248134
0.0044100819227197606
0.006525686372058885
0.005400654849287534
0.0038759312193549535
0.006296139556036735
0.006585958169802472
0.005974633450941411
0.004029428719307192
0.007047159378572898
0.0051187614376801355
0.008891391457296952
0.004603468874206236
0.005856401973491359
0.0047521803724027475
0.005714536478915306
0.0076239338097131085
0.006091087529149882
0.004716075235285438
0.004950641409548497
0.004785161618354969
0.004553456689849718
0.004044307259412747
0.004299708460003338
0.002768050707464482
0.005446923706251354
0.004954522559230199
0.0058154124559377605
0.005666104861802736
0.007704986373404381
0.003697577865471571
0.0044802891505753804
0.0064400658605488215
0.0031552624447662584
0.0038114419833289574
0.0029162335682099533
0.004196411281109037
0.00704601466939188
0.0050665226107795055
0.008904888202999376
0.004739517761262419
0.00735191460218072
0.0027832598675226624
0.004738442460296009
0.006599667545773008
0.005663002339849328
0.004833409507802847
0.006696855020702622
0.0034132754243746525
0.003293422290540029
0.004636804910807549
0.002288500108979399
0.005330361960426408
0.007705609988614234
0.004462313062739795
0.006587123662609715
0.006212835808030092
0.005436836796227293
0.004753880721540487
0.004871772003404473
0.004063803148374347
0.0044874716600994445
0.004962147344351778
0.005282300159732181
0.004888748244222789
0.0028232391932203884
0.005652265850288387
0.005959196926710746
0.0043196759285246775
0.004662704200264969
0.0051191569037349885
0.0067421848011761844
0.006038365443768363
0.005129641502285125
0.003994772146161711
0.006582827237148
0.00943703612624244
0.007665567427721315
0.0059401920929552255
0.003275406173861945
0.005435133810831872
0.006108858742597681
0.006574492847520828
0.0033854584171243126
0.005173729167267372
0.0034069985122307674
0.007339690207393633
0.0049455593427704505
0.0030893602528345105
0.0030945874467493617
0.0060598125252849765
0.0044030616468185005
0.005922513282063376
0.006323796714789119
0.004345806099405536
0.0033618971556799784
0.0050920438110104976
0.0029671349075007214
0.005072196525747544
0.003816303382150732
0.005435913023763171
0.003942030226092469
0.002556594854294571
0.0034983459314033285
0.0049465815352439085
0.0017174282958011846
0.005286875888917448
0.003093472685425063
0.004519861488980511
0.0016720361402056839
0.0037556930962654536
0.004085684636731256
0.0035704277811937496
0.0021848484249496016
0.004183440789587288
0.0030706255704043535
0.004733850160283595
0.0020857617134885944
0.002478451928642271
0.004804575144199719
0.0030034807915442483
0.005234484582810382
0.003549988631339147
0.0022287218449183045
0.0034371834415977713
0.0036401818725553528
0.0039021731750623805
0.0027139509205752962
0.0033705642598304475
0.006005814975292764
0.003294001722510185
0.0047281738434463445
0.00402435607385108
0.0033285909152890093
0.003934775626670063
0.004991986442444288
0.002633924611065339
0.005710342044382468
0.0036142765074161434
0.003684692462248193
0.004064954213950109
0.005514847301785899
0.005148101757773702
0.003226594628061541
0.0014733354840191029
0.006165160312341839
0.004261964984691033
0.0034421451218529958
0.004739797560894624
0.0027425211438925953
0.005613871619628803
0.004420490685715759
0.003309079106304616
0.0017220818833160938
0.0031155100398341418
0.003922265372336229
0.0023437907606437317
0.005412451982661608
0.005989495168104001
0.008210140024134987
0.0036008842363662906
0.004817175621438966
0.00438126612855573
0.0048525749719057374
0.004357408228187544
0.002402195885497775
0.0018163200701376073
0.002887857358297889
0.0032182016315236337
0.002967382360643392
0.002631556858841239
0.0031747654592465756
0.0017766914786571774
0.0015396578089288938
0.002808526238085776
0.0038580769615296885
0.004490872239847993
0.0031717241465501014
0.006019304140028741
0.00886844503772515
0.003914071972054939
0.003198357897440731
0.002781010348469764
0.004906409736416158
0.006220546352594026
0.0033115449391722153
0.004778797568917562
0.005805451448246082
0.0028881009003040247
0.0029294938308256843
0.0020922923550524076
0.005085923415917576
0.0016680624541497119
0.001489493413560794
0.0032934517914458895
0.002505094383239772
0.004723411163457704
0.00425786957307622
0.0036439145060013804
0.004697462502597122
0.004320862165129213
0.004503971737897334
0.0018071754079453585
0.0037613119774405845
0.0029191697880667175
0.003341214940516965
0.003226888598274159
0.004242340845838974
0.006420134091227521
0.005538265159760058
0.003339709183380393
0.0051124900696680655
0.003199575785791886
0.003593310504797654
0.004698523931639295
0.00559525808281105
0.0026884062403735596
0.0033823979117622825
0.0037453845443369002
0.0017933641962372435
0.0017606088263945273
0.002307194185496541
0.002895201181817425
0.0032145497773415597
0.005497902528831666
0.0030539524649685567
0.00526177508606434
0.002223216549372609
0.0037007429471978526
0.0028631821656496465
0.004799742463073144
0.004383662907766492
0.0033211546732989385
0.0022758171012237493
0.003918741988106981
0.004267189545531807
0.0036295962432171076
0.0028374396527410537
0.004119255937481725
0.0036910968170133715
0.005018384782805683
0.003941412398518338
0.0017264488157189995
0.0039581658230659405
0.002069432706002683
0.005760955582461626
0.0028263366954481483
0.004549667402962924
0.0046450289327157526
0.0031568491851726678
0.0040321346277234936
0.0023451107740793246
0.004843010119394151
0.004909134059908701
0.0014473508835822105
0.00247371810966186
0.0023270767976772697
