0.264552611426916
0.21231727544411344
0.18730159256028858
0.10452618022737167
0.1658313726838911
0.1069240879820188
0.10170130023665933
0.08083195289800996
0.07010123090196772
0.03740269339131601
0.04789616893998043
0.05943155898023746
0.03380087779046789
0.036558167133194965
0.04781384640864587
0.027473991199061486
0.018279583358123828
0.038703693830959764
0.018814298833383418
0.029414560094029412
0.02349149189289448
0.012208142438459219
0.03332614584662168
0.016157614170123506
0.017824170106032967
0.014897147878806147
0.015754471345976528
0.021003814990011024
0.016505070326304012
0.014884091137880093
0.017443465578236964
0.012111667638764274
0.01287316168662006
0.012970319621675089
0.012405559932101655
0.016476502414689804
0.013083143286942798
0.014918899829640106
0.012960569294777147
0.0212851570913233
0.010449276776663508
0.014780385282359415
0.012439578080404913
0.013278090100280337
0.013128408771241029
0.013610295957111588
0.014040313962047576
0.009291745675828054
0.010183960495640606
0.01643630298917984
0.01362078623456256
0.008702982876465627
0.013173311575569929
0.00888814954461708
0.011244230832309653
0.008988130389246222
0.010145379579573836
0.0068945229486497075
0.012799189363880855
0.013399912334723324
0.00994709843816409
0.010909071488792107
0.008159086732122773
0.009067949625079522
0.005053208373177859
0.008614642761927947
0.008370360263409109
0.007907062648457456
0.010308279885463068
0.009715622140693868
0.005505013144029789
0.007969304039976064
0.007512296943315207
0.0064078579642673356
0.004995389966597763
0.006138541141686745
0.007842349565442676
0.008493943829122016
0.009909145404900883
0.008092527806075936
0.006366686791582516
0.004696863785782527
0.012293678867001886
0.012445421893422941
0.006580447344601304
0.010625182390458435
0.00665965626667372
0.00783383145279835
0.0023029658166866087
0.009918386446616481
0.008568553198432626
0.008934535696367317
0.0065837415447478525
0.008692120838178354
0.006367520988600184
0.0038982332412293985
0.005248140428857866
0.006782095164265768
0.004876823378560954
0.006032307111372593
0.006855255872093765
0.009805745836362227
0.007072756566896885
0.0029062144683791756
0.0055334841235531226
0.0063821479180445105
0.007042342351288582
0.004780459384867867
0.00511977277197607
0.004264596474970332
0.005636269236223797
0.00628877385831494
0.005840391298578123
0.006966614270102482
0.006843837431795024
0.004937555574212951
0.005470200526190361
0.005103156690712329
0.007516598288047049
0.0032747363715832202
0.008168786922020227
0.003197521269228609
0.003421161064648857
0.0058286569946325705
0.005996076665568707
0.0032746530006494633
0.004041008318465841
0.005180311918719945
0.007374531899042863
0.005458934864700905
0.0043461310282425815
0.0050669642190357325
0.005255026306592505
0.0040832132003873044
0.009472989870648192
0.007453875708968988
0.006036218573390198
0.005415195426224457
0.006814815184807446
0.0026800401508301343
0.009737372445148756
0.004698830921604475
0.003973921455867816
0.003282340233653471
0.004881568396724329
0.007270228691609618
0.0025588789395746764
0.005865839158475445
0.007198130168074819
0.005785660607402772
0.00553739210679554
0.0031945365105343986
0.006342667877969922
0.0021184962894249537
0.00214489630052805
0.003462545797801866
0.0029435379977923765
0.007828171985705623
0.006585876810878234
0.0032937465770303464
0.00584034088999891
0.003759675728005476
0.004703165343369945
0.003470735148261639
0.004753984696841939
0.005386464548615954
0.004332275960541842
0.0042783442995813215
0.00439343518306334
0.00575034923655032
0.00949501055288554
0.003749061912589938
0.006704619588132896
0.005761660212563626
0.002646014577484337
0.0048278831418900135
0.004744802656143392
0.005101613602964862
0.003918778448705105
0.006011381738122132
0.008882781639561303
0.004498029523262001
0.004884331566506218
0.003146978956677024
0.008424950588833658
0.005298041979078683
0.00428515329893635
0.003474995651457888
0.00403578760457112
0.0025906485364210856
0.003850812697032833
0.006765388824065274
0.0025185234526063738
0.0036049959292462214
0.0025790764103846087
0.004101262615453365
0.006011299739236585
0.005207156944147756
0.005883171143435248
0.005533812517979327
0.0037008037871240516
0.0025993013311789073
0.002613124129743412
0.005033912912709422
0.004501975082001799
0.005783194088675785
0.005045116417416153
0.0057692625690443575
0.004674229653472626
0.002858204984515576
0.004183502327763656
0.004080247387620189
0.004892493660048328
0.004967691850909634
0.0052745264452301295
0.003491748720199527
0.005131166212809292
0.0036918456960163765
0.0018820397201209896
0.0032279723029945023
0.0018918651660806505
0.0036019439741287232
0.006009497250842344
0.0028842457699287745
0.0023782435729762597
0.006638158264374426
0.0034263612371219316
0.003941420534983883
0.0023294707663319867
0.003526044143333671
0.005440386104833372
0.00449948036148644
0.003160203684547014
0.003983816772973282
0.003874181210719954
0.004092390336378838
0.0030237934902357286
0.006136128682800219
0.002620877190672313
0.0030766079695010795
0.0025033095363350987
0.0023233104740449486
0.008433047626069907
0.005177301896402183
0.008445055278621575
0.003408553166098862
0.003586187067555961
0.0032989761583539145
0.003760769417489556
0.003916794825950589
0.0016609440843296228
0.004068613685247816
0.00679931111367317
0.004402133618168024
0.004585557810414188
0.004491651988147644
0.0030493998532470814
0.0030022000370401435
0.003074349626250541
0.003141676287923652
0.006161623160228586
0.004739792914177752
0.004797922873392401
0.004851320897887614
0.003430769734812423
0.004426768191842693
0.005474801426322885
0.003934397173267641
0.005043339605831569
0.004439207802928795
0.0028934658355217377
0.0026796326862888265
0.0020776964797506996
0.006184899268438109
0.0034501305716536737
0.0026577480449953943
0.002228236688432385
0.00199515270404234
0.005254850768683923
0.003267559019005297
0.003384573424111714
0.0023610562987638065
0.002293197907584812
0.004105621555145761
0.005114169697268345
0.0032323028722152356
0.0038816992008660544
0.002466656570942511
0.0036334927735601494
0.005144770811344799
0.002795830444488914
0.0030715792475257777
0.0032855429542478732
0.004131698786704659
0.0037715762002369854
0.0065868426288110266
0.004567599113735063
0.00555707800961226
0.003378168529355676
0.0030153777478026463
0.003175300732593502
0.0018100118399959442
0.0038171796208894193
0.004587123617530401
0.0018451423177349158
0.0038158744751218532
0.0036112575231747176
0.0055875611598975895
0.0027733952409395354
0.0015789438057875315
0.004087560978329066
0.0058802987915504805
0.0010059887347366827
0.0027566136504532683
0.002673023277934163
0.005175128903253635
0.0029244685262544215
0.002077187321326761
0.005472572109151095
0.004662047978443979
0.0024575324857756447
0.0030838400597901303
0.0032409158889461403
0.002838424150544252
0.003805788281573683
0.0024667684993950447
0.003844382647286153
0.002378710681653686
0.004143264867526213
0.005506264756085386
0.0031705331896228726
0.0017332839323312976
0.003569249522055031
0.004745782806786726
0.003864566158189327
0.0032428054308669373
0.004308642788692438
0.004247400245736693
0.0023990826615482063
0.0026868424867003424
0.002121267897254313
0.004938779859326417
0.004681289488732379
0.004068575547827074
0.004602400564077112
0.003558798817004156
0.0028866556553839473
0.002557583502343163
0.003211867091233707
0.0033486651789282713
0.004049434495382283
0.003184230463414979
0.004573586956000817
0.002998683249963072
0.002640369296241394
0.004761936626235154
0.005265761554889323
0.003766145622956287
0.002333270844886401
0.004659452392869348
0.0018355550456954361
0.0026543810999372216
0.004059436365173141
0.0037563914186359423
0.002958269677051924
0.0048747964952677945
0.0034123054223399764
0.0037144504124418274
0.0028657402715823823
0.0021102786654645556
0.002744818423039099
0.0035988676552715752
0.0035785319676801207
0.006393865308123312
0.0012399948503546553
0.004079108177926292
0.0026334286292330235
0.003267012838273545
0.0024313129009223737
0.0020918655767715316
0.005418566928060465
0.006543122666392412
0.004273046890301017
0.003939217322245425
0.003261017915864777
0.0019967632909475693
0.00509346611410063
0.004880184482971988
0.0039656239024444765
0.004914456891575263
0.005308449685799275
0.004645016846513227
0.003206607123686603
0.003113912516599129
0.002116801720025627
0.0037755341229613036
0.003957910627912042
0.003861702357715427
0.0026138671348547326
0.003921329444581208
