0.7762724001015777
0.7302272803226003
0.6576742192951065
0.504881138115017
0.5252937108006137
0.5375459723807304
0.583723634565249
0.48475986246226554
0.4759921954176064
0.4848139078197655
0.4552973756656328
0.4595557445301502
0.4783081884256184
0.3975981963900533
0.4101264219158609
0.3841418709072166
0.4044652898150852
0.3902013286936558
0.3670370158253811
0.3259406621320216
0.35267071626239627
0.30676665868988057
0.3857781950965266
0.40432515253623336
0.344667687067626
0.37685512194370807
0.3111466506170917
0.3661759365209046
0.37639532356384997
0.31963226584084203
0.3453766285294356
0.33294568305139266
0.29587523658608944
0.34280552846276613
0.2728139918056103
0.3251360832769665
0.3020370596353464
0.29666632070391374
0.2613537911293211
0.31948890490612636
0.3647488435799087
0.30403160603525503
0.3218661541582175
0.3357791441351498
0.2736235007307149
0.3068119721154376
0.21354971146930873
0.36507178195933293
0.29570295354556375
0.29996117159767743
0.30709217805299416
0.33092179123898624
0.23866263266893278
0.3071581289386341
0.2739408498921264
0.3334866001409038
0.28434663054871373
0.2929361738242802
0.2838618867843754
0.3313345923236677
0.23684021520768478
0.25679065811441654
0.2941138271191678
0.25428042795757555
0.3156683468271331
0.30664462283949134
0.2589199929992264
0.26024594060199224
0.29423499791010266
0.25973293712145334
0.29940011135484207
0.31265598240575787
0.23196660520640827
0.27969502153481496
0.22858465515025372
0.26303894449479326
0.2630403817451735
0.2570125325051978
0.29195245459128205
0.20928200675370792
0.26536901694108017
0.23046124577562127
0.2253855109133492
0.2363938965243546
0.24816690295435367
0.25050189190418876
0.3004611311946091
0.2393606266104451
0.2760103003000356
0.26560965721922103
0.2862827473963582
0.22735632055960772
0.21322662873330955
0.24592195828565983
0.24766428466116644
0.23327226990983121
0.2612261901415574
0.2688220917842248
0.21547834277423578
0.19610378690451633
0.20847710782449283
0.24062164690233426
0.22837547301728187
0.21330491070319352
0.23565485491834587
0.2555008881484415
0.2132304412453668
0.16791041971254114
0.2086661850314051
0.2128103616352935
0.2718390374286233
0.2518992900622342
0.23136067838260418
0.24456810890569747
0.1892349993587874
0.24484692746185352
0.22019860776925473
0.24743335038025652
0.2614305172480292
0.21775105859087937
0.2043597720680924
0.2278642764391186
0.19997851293819907
0.2604055026582456
0.18464851724472828
0.24457460858436578
0.2257141158756187
0.21913191849082306
0.19583141078586097
0.2729795734497883
0.1991077169548034
0.23474943523338337
0.1960073925603008
0.2914331012907335
0.1725598931899655
0.2184051475539813
0.19672508252307025
0.21705970103126465
0.19776771057302614
0.2541263066058902
0.19192686091473593
0.23366608103771197
0.17957187672929673
0.2748914615746159
0.19396685090752566
0.24676883274171663
0.2409385982042942
0.25452448810170114
0.2028236132300544
0.2311684670822137
0.23705629251116916
0.2060549559395349
0.20278219912072895
0.19224857297830794
0.22518089173352845
0.14745821074466534
0.21726204881785477
0.26078110284535866
0.19421852229763586
0.20113273136028004
0.21414492225296172
0.22230810693520708
0.23126604036985315
0.1916277902648415
0.15749727896534887
0.17623740674395766
0.22825956505373587
0.237841288607534
0.15832369851635522
0.1976428574202873
0.19941620638986612
0.23962227557016327
0.1715476105621834
0.2621843106140861
0.18253478048412689
0.1960915600396719
0.22653058690480163
0.21875984887546512
0.19293751529134978
0.21506497767229088
0.16786805730982177
0.15249976104292978
0.15792080983195114
0.1602389639600572
0.22041372490479127
0.24482466483667215
0.16449621469562686
0.16352332993293958
0.20431562322341387
0.15956772095094593
0.22082696911344146
0.21426208487275153
0.17475028326318784
0.17352032706682635
0.20204951615237104
0.20214552215142048
0.17422740349716279
0.16984904744484902
0.20630089364235643
0.19458741559792542
0.17639277519163443
0.16520167590299054
0.184459845015992
0.17396739225181995
0.19193104648780718
0.17095290774972033
0.1859557912274727
0.18595405811749996
0.17295371053059944
0.1853812789460782
0.19908456155969262
0.1837422550697842
0.16099414987966226
0.1725958255411246
0.18081804930490292
0.2117646265209435
0.1656277487008954
0.1638991936565039
0.1708560383006724
0.1683788835060759
0.19655066560746726
0.19964740449937896
0.17266003309588776
0.1609131608866778
0.20133991678400526
0.21122876557612372
0.15813554066018495
0.19138342141087547
0.16257217489846273
0.17963660046619928
0.16628053887011446
0.17001428508678135
0.16461433085150523
0.17098531618012355
0.20657186460142843
0.21411625022981617
0.16018868934156166
0.15401089291527534
0.16721872930561077
0.23089819399759876
0.2042705674645524
0.19668242403940533
0.18591636673732465
0.161760854461226
0.19131669029518011
0.162779050502209
0.17259840207201907
0.17188069310152682
0.13836102601655384
0.1620380305232312
0.16943325316064045
0.21959350689490448
0.19131856059264346
0.18222493602037032
0.1647630117250775
0.13795109921269347
0.18830568395781117
0.1406000128520393
0.14639586816776365
0.151521566728411
0.15211256482521737
0.15250151713928534
0.1439060558919024
0.1813948715552629
0.19660877592480341
0.15157101372410747
0.1667278436165917
0.14552932183732473
0.15628131528725486
0.1568939596515601
0.1779627616130165
0.14747354610410016
0.15467699457428322
0.12136264325496085
0.14020355100518286
0.1272967648580795
0.18629639137665974
0.11082666335674565
0.16007730141407017
0.13968954266265193
0.147852967063066
0.1771920929020938
0.16068380054481032
0.11532546089725142
0.15555613754962788
0.1828972708606657
0.16065444727152306
0.13839406350379296
0.12315143894476661
0.10138286319312773
0.18338074017566758
0.17471177905246063
0.18078713158058676
0.16668947752858848
0.15522758910351725
0.20831435975724433
0.14817978271308405
0.16247781352556778
0.16702525994495535
0.15273297802542235
0.14899988551678028
0.13638316244491458
0.1688479726522086
0.1364881578837877
0.15629327010177937
0.18730044306824614
0.14894896406157915
0.13828637542192998
0.10892849997150597
0.1289395106002781
0.14611484894084073
0.15431224918678793
0.15890131200113358
0.19004292590182661
0.13278414242515837
0.15484541459442913
0.12483139918043415
0.19352765489801588
0.12326647255287937
0.1599095868633707
0.13316395664316721
0.12380700419775503
0.15631162280137545
0.12907723754509112
0.16521999844940216
0.1088096968318766
0.12523376558655838
0.1358603637443459
0.12911016284059534
0.15992924123508853
0.15119954571971922
0.1900170695291409
0.1450393579756632
0.14509403922706596
0.1335272226441679
0.15439199656118066
0.13825150843586687
0.16959429964809913
0.15826156213485099
0.14947028794321945
0.1500353227327061
0.16085877637003215
0.10735337303605708
0.15263256789435659
0.15932010600770402
0.13875054868748876
0.15381461182407238
0.14618940532825
0.16285418460897577
0.13629882382175715
0.13769174480285745
0.13061351578025465
0.17260322623334237
0.13712280008865052
0.09406079581540208
0.13303860254369618
0.13754742998048203
0.14071821316674452
0.09772343637813126
0.15071664114235855
0.11664036780429358
0.13059491112089944
0.11429201355872905
0.16838569330073944
0.12946138501876178
0.13677173218473399
0.1729209828451827
0.14978332564845487
0.16423528700557738
0.15540680176850635
0.11924913999661327
0.17364854627279447
0.1347298379561669
0.10347019285888119
0.11577811858123757
0.1323233421725221
0.1487595926474508
0.12504907341345733
0.11398672664519398
0.1313814471311781
0.13246064899197169
0.12362015167188208
0.15414033657282747
0.10191515618251983
0.10579284960876907
0.13629878749438565
0.16520319647831758
0.18067073236213657
0.13397299861349082
0.12216053219523422
0.16406075163165615
0.1387379897639908
0.15086438103768426
0.13058284139970983
0.12109336844746561
0.11805602301681797
0.13489216456701764
