1.314851020327384
1.3060690160992365
1.2887336241845269
1.1495558855046775
1.1160570561518657
0.896047703449511
1.2651204999198964
1.3246212533940083
0.9025685505842806
0.8889527243195607
1.029222664923887
0.8518997547108114
1.0696167589787504
0.6893429623425391
0.8431780487432308
0.8112844297297727
0.5282687899065611
0.7560332834099979
0.6832113292674068
0.7980887810652488
0.5504750550571555
0.8337966123354545
0.7880919759373705
0.5385950841674029
0.8249774471126837
0.770212683034246
0.8276759321982026
0.8022204130227426
0.7021880912087963
0.7079805659203233
0.46507176740511624
0.8181036256867195
0.760930620014731
0.6201590732698132
0.6290500064474658
0.432711563647499
0.42710090125369593
0.5326072602230185
0.46936836050162656
0.6049276645548818
0.5520286580663545
0.44234845646572996
0.34715947527053825
0.413073843464996
0.4234222227123219
0.3028810684613044
0.3951887437400429
0.33629540081042847
0.3789029606147881
0.23474735933232763
0.3452582157496229
0.19345765813441176
0.2799405014066408
0.329041894720698
0.32453049169236337
0.4610563677204763
0.13213342968342998
0.2899422689298439
0.2606488592762711
0.13098090439158008
0.20091960958477725
0.12043129935814242
0.12549896385323372
0.2995580687397161
0.1438712135109652
0.1360788731222475
0.21064882149649616
0.18508097310948107
0.1345692384796
0.13250342160490503
0.129393198858455
0.15974999329552475
0.14330439486975263
0.11869090486032681
0.12217929212964582
0.10750729051834403
0.11932244423899008
0.10508772166991662
0.10161412625395402
0.09544192313370028
0.09563933865872003
0.10331017962651264
0.10903129638453171
0.08822157632634163
0.0942548866970732
0.12877593223865555
0.06977138036684985
0.07247514066073327
0.0950605739246051
0.07816429258914713
0.09132736855546578
0.07197945165789753
0.07703816602490329
0.0840812411961358
0.06507797194284333
0.08013177570117408
0.06581509290333645
0.08455855409888266
0.07113595375089107
0.0909939715916297
0.08310443882290715
0.07777615918012447
0.0893296028802948
0.06932356899370817
0.07899512941571538
0.07251816113089324
0.05713780757724892
0.06798281682221245
0.06840082263543847
0.07144024037253223
0.06311989267110933
0.06355483922553874
0.08413166820528878
0.06397148067531787
0.061713648510129795
0.06371772285875374
0.0785191187222154
0.06615069365832342
0.07825580650118275
0.04620809776958595
0.062655090994253
0.06144585009161531
0.07417936580651295
0.0748791330003338
0.06437100459204528
0.05227522806444025
0.05348643287346162
0.06726503698047667
0.049707607064993733
0.06575604574377236
0.08098286352998343
0.0563303707790835
0.05868081091128755
0.05448245974492179
0.05153849994548931
0.06047155244631349
0.06851374932231555
0.06078859387755965
0.047239741961507
0.061136702375628904
0.06192274604280733
0.05509870435056542
0.06416208593764475
0.05333625783510211
0.06147065319725374
0.058911121193839525
0.03710860104873721
0.06454589051137447
0.05100883358748799
0.058501959820647084
0.059418391035138296
0.05511243584368679
0.05445519300029409
0.05404084178893405
0.06657337169752504
0.056659695618507123
0.0582890945220359
0.046836653960942845
0.054617940068986195
0.05056173959618968
0.062064487661885846
0.050180595442236874
0.053867128229230586
0.0607474534718553
0.048944319093486496
0.0492427873902922
0.06818924496438941
0.04717990227241499
0.058725556162061196
0.053215641026811686
0.04570350696603695
0.04936056751679753
0.05253497776653539
0.0491332240889427
0.041809816124111034
0.05584002092746633
0.05351153993259668
0.04696438917981226
0.050789066740681656
0.05165572431897024
0.05207599372027562
0.05842794183586588
0.05762655899986541
0.05141118886334957
0.045745301726132934
0.04532386695646139
0.050832559894910756
0.051306745172033465
0.050760402862349986
0.052353243881516034
0.04329710844963797
0.06025380416755616
0.04660577793971528
0.05548396371238368
0.0637991261846564
0.04892635310200287
0.039098077272635645
0.04180161716861317
0.07243757641845926
0.0396701020033247
0.044037870539195154
0.04578081220926601
0.0467004889410277
0.05294054183019161
0.039970689298590815
0.04389416087943014
0.042914049061441834
0.05453153064575598
0.0498953166131874
0.04963538104439193
0.04898733093018075
0.047037064763689636
0.05759243008173141
0.04311399923407185
0.05731352071087216
0.046791221408440206
0.043860616659700785
0.04381235746993496
0.04066614634405153
0.04625876084744925
0.03350491890535874
0.046327825816832396
0.05557798669002327
0.04961554729061142
0.040056361349271694
0.05213841319192506
0.04764207134346184
0.05034972841388091
0.04550495145051015
0.046635094231410774
0.038540652499222464
0.04753018222817265
0.04732493783784038
0.03984904381207548
0.04544807196687418
0.0408695017827388
0.06689507628839594
0.04787110955605061
0.048081059896493764
0.04713656013677174
0.05302950149352757
0.049872215207216894
0.03211136855283523
0.04349595257696033
0.04312526058091721
0.05023225821917473
0.03440228072613227
0.05168378379597839
0.04318223578069603
0.053648348725578464
0.057899450157449704
0.03829848166724857
0.03924325267770532
0.04887161265588241
0.039245946788294024
0.048710890910563645
0.037073084968302354
0.04980687180338759
0.0403031801156931
0.03995614962714217
0.04573285847020782
0.03664991517162166
0.03834782741712428
0.048918725306285674
0.04445474805670285
0.044398072330421055
0.043963837175629135
0.050436189229345896
0.040243376690298836
0.045364019306266004
0.04491748151366398
0.03978073944257026
0.036802947249549335
0.03417379980078566
0.06018369906892344
0.04590966972255635
0.042905975693423706
0.03710468475414365
0.04059789409186375
0.051684096599952954
0.03798726307835139
0.07311515878324745
0.04861844926434259
0.03622996548142835
0.04612750466736319
0.051745803259433384
0.03376693742006377
0.04481783749524791
0.04047515337288758
0.04472196872044462
0.03599686148384882
0.03867497045303987
0.049371623888393265
0.04747087634623357
0.04022538472814492
0.04434190036563402
0.032896660285840915
0.03611252433345916
0.0509209211307338
0.04610504849360971
0.04341843843655478
0.04607760424912037
0.036290702182238004
0.03470386446549055
0.03357102415117771
0.03703926880380849
0.04620990893109074
0.03751329323800875
0.035261328640827524
0.03569042899378393
0.036501817492058344
0.03789998883126133
0.039234371880083926
0.030711041780553793
0.037033144029604705
0.047870064258244485
0.039290363530794986
0.030218300231408056
0.039700003864106666
0.04334270892737523
0.0299111015860423
0.025016463029253578
0.0384115619372284
0.04198405883242383
0.0364459531226065
0.05268396952457347
0.03459888951769073
0.03537891785924237
0.033180577995117214
0.038420928526106554
0.0339299320469205
0.042069967707698816
0.028570269137947274
0.03210861269475053
0.03445540826740922
0.05023647296540321
0.03360191961656366
0.03262391899303245
0.04504677071820056
0.04223754329987593
0.04118385653819136
0.03544758845629579
0.03737780681013536
0.04143430712998365
0.042196173139450587
0.04140288091177145
0.04496922384243708
0.03259761663300656
0.04400989325570147
0.04691768491959504
0.03817292570922517
0.030675730947824515
0.031459558988808874
0.039870482765432015
0.044921528470349366
0.03815011946248091
0.03903752943837274
0.03603469162354018
0.0465099526338404
0.03650967758174749
0.039170502452144706
0.0460651708723703
0.03533144385149979
0.03560574739453723
0.03987342412342859
0.04039775386487368
0.031232133445145145
0.02860737285270313
0.033992404729075776
0.033038590201641
0.041572559103171154
0.041607317341885726
0.031719298033733745
0.03597732899375673
0.04416635207199708
0.036900718497265075
0.03662833815744068
0.0418357990186071
0.039160941463004965
0.03677181518462353
0.035491704451153426
0.03585708438472277
0.042164040164100955
0.03215689420970232
0.04305988421521588
0.03731274268877735
0.036715847524512985
0.027356336287880943
0.04084740667520254
0.031632396599489576
0.034193544504963494
0.036456667424610734
0.027811555184643705
0.04341035343682884
0.034766752765699634
0.03395914397160131
0.03650483632858688
0.02936526953690969
0.03555341096002707
0.045875864276924326
