0.6639980665190695
0.656707831218539
0.6861135177567875
0.536852781866735
0.5699847136272985
0.5514448215374682
0.46562437894255526
0.5467142391747395
0.4552954728899946
0.4655679515470914
0.48165601996262747
0.4842626397481277
0.5218779277368047
0.4378181003054832
0.4304844062480697
0.43113261620503956
0.4960919396947533
0.48002555876775466
0.45313867399725244
0.41586200358186376
0.4723458566630466
0.41106197108624276
0.38702800875944465
0.49527768976572484
0.432553266131802
0.36011011857722663
0.4358366636839196
0.4320045410182445
0.5067720017082127
0.3517387886557896
0.37142431331169745
0.3716420959091712
0.45138245643308184
0.3921225778462405
0.4619935973962887
0.4537807171477267
0.43181489597763145
0.40537736756677534
0.4697040348092508
0.3648696442982752
0.3834595375257992
0.4106934678554093
0.423570754784418
0.3511129603494688
0.3648041252348347
0.351309423422045
0.3737741624776222
0.43834846842220776
0.3391213911719163
0.3560185024905676
0.3893021739327209
0.3929697199347407
0.3710401947226621
0.421886749731729
0.4040677000116557
0.34255145524953956
0.3140767193755737
0.3170051621715254
0.3369653667434306
0.31081758203411497
0.3027739075924477
0.30748641495305196
0.3851974118623399
0.32728558490145987
0.34858383434445017
0.30451464116749843
0.3129303873053194
0.41935670247160123
0.4055736231067284
0.3290460906337231
0.2620765225058447
0.2982000894174718
0.37686097960723164
0.34937944453371594
0.303206271165082
0.33028135619124804
0.3259779002212085
0.30406237124144375
0.3260720883911613
0.33441904047645066
0.34619787753800596
0.3487769078712676
0.26205200313260246
0.3524302553217092
0.3610229870291036
0.3362586370558506
0.35255008316756575
0.33137069067616565
0.3734616903975131
0.3546296109122017
0.3253547029663368
0.22845433961134337
0.3234137455243953
0.3169770782245258
0.3877080818792654
0.36625140193164746
0.2937935128219443
0.337747860686682
0.2856539869507713
0.2873373240601948
0.2675153266260663
0.32014997060724765
0.27550519550135094
0.3187781333673886
0.33229653282994487
0.3627531257388184
0.2678316499418323
0.2644817548257827
0.2920954896310207
0.2937645532504275
0.3198237675739103
0.31880496902044225
0.3048595551670422
0.34414291732547875
0.262745226938644
0.3675249239614903
0.31384125399344304
0.26646322322231997
0.30735456903825664
0.3140993187999386
0.3297579486509322
0.299850091100492
0.3097165799070715
0.2484139713410876
0.34323895984725955
0.29726090506187175
0.2676550556162653
0.3510617923433218
0.323874339058643
0.2872891845575355
0.349228840045937
0.33436330184283986
0.27991770398756016
0.3118405392758238
0.27133467129952427
0.302419188177076
0.282920181179291
0.3316527682203274
0.24454820688002354
0.2931941936610293
0.35481897255673106
0.2989916962601543
0.24550593710353313
0.2844175432557111
0.2859038993725186
0.20319224876657857
0.2561413670873238
0.25033872045641253
0.25187076795895175
0.21653292352593928
0.27517485466528363
0.28928188834471774
0.2748417068684589
0.27368935584950055
0.2757187345574771
0.3162856069539268
0.2165398636005908
0.27574470343837876
0.2859803825526812
0.27044942442880604
0.3460791783725101
0.31510974847227236
0.2504108642152527
0.27431839342251596
0.25694667952798644
0.26271325084437375
0.29377016660339483
0.3093852471664582
0.26861572948899426
0.32071529107993885
0.26096273740539633
0.3121452056747189
0.3127535985606307
0.25706479896817597
0.2696505189267838
0.2751684115754597
0.19807614496031484
0.2493060624149414
0.27075002585172847
0.21140981943548484
0.2738332429529312
0.23383855245116866
0.24296786081323968
0.2506769980798672
0.31307533808447063
0.31354178284535145
0.25948592034026197
0.282476043911544
0.23784934654378437
0.2126584483867024
0.2805228309994906
0.26615739573525665
0.26427775124476044
0.2816015589728524
0.3067250541543888
0.23533237304977264
0.23167380815752367
0.25545899068468186
0.21395141687750313
0.2622583650589342
0.18556339002378985
0.252489144158467
0.23417979922120705
0.20027677087345777
0.2733890691101054
0.2906933527631766
0.2128198723030439
0.2046424456665811
0.19741860668969097
0.23445511150154777
0.2248899685354464
0.33941249948538216
0.2611462645629473
0.3094821615430139
0.24142790199933697
0.25616904624576625
0.23259412191270062
0.22479125759660054
0.2450168275475729
0.23604085133442249
0.2660293734337793
0.28996447674344783
0.2176797889516638
0.21884868863275636
0.23731897325578388
0.23208279030342083
0.24898253538048384
0.21364392213478434
0.20540379545572987
0.2660970341707268
0.22245912831398879
0.268802318214051
0.2102664321357572
0.2708503396148629
0.26975494584498205
0.2526413469358969
0.23676637071244838
0.24689049297876126
0.24939188416266167
0.2918542515769914
0.21900561421152803
0.24392178055319821
0.2054904905147456
0.2864248931606487
0.24566364693581694
0.2554790172376632
0.2617898893142049
0.22420264802375267
0.28534746056407734
0.20284167349441598
0.23796055028118906
0.20484723566157131
0.19827241807226842
0.23046319160327333
0.24674214813134937
0.23555028883477852
0.22205930031935645
0.2590299068462018
0.2847054372797766
0.22882424540239282
0.21651576992184185
0.2824871748674131
0.1787476525728588
0.27212951135087177
0.19628296213313812
0.22129690468016908
0.20745294979646314
0.22175428412055181
0.2407608689840989
0.2530674724269538
0.23420248152289064
0.1757150782987929
0.2607308035250818
0.26483089986393626
0.24302608966391875
0.2503839322533197
0.24256147381733176
0.25436299529944584
0.2984197672102299
0.22602904800203497
0.1967623975145319
0.24560391966425804
0.24736986088954716
0.20312772888317898
0.17139946825681113
0.2799644997313177
0.2524933455425948
0.20092635344357307
0.21463669969777235
0.26630404357652104
0.2090637414309619
0.23286744878918167
0.2042682083225329
0.18744395494840543
0.21578478307104124
0.24604136752507322
0.21346937573486896
0.23928185356295648
0.2063477380217868
0.24104646248763184
0.19748488740354436
0.267534140016355
0.2237538259409116
0.18531123101444727
0.25065625120539636
0.28660855091131204
0.19027462787732033
0.15753852411444194
0.16023965787065592
0.23097633976074267
0.17507943448084756
0.16347187350292777
0.21554896694145914
0.21473896945968657
0.1470523749867188
0.2216601543091858
0.13840417728700585
0.14409167609428
0.21565354507847392
0.1791164663244752
0.18290343565294834
0.1924230340407507
0.23162606514644205
0.22370414721593973
0.24310639273033247
0.20348572539338275
0.2239973732642015
0.20256379811114997
0.20762899544379457
0.18526784500565885
0.2582735508316204
0.1948942390091294
0.2008878749252077
0.1763672511564248
0.2125665704192219
0.22430777857778939
0.16636037621255959
0.18982919514715227
0.24179128215067908
0.15592072599188572
0.1952733550859377
0.17336843507824742
0.1779395320684909
0.21377282189466934
0.21730433052100437
0.22444802540500092
0.22282030178806692
0.230387731238217
0.18399841370775868
0.18357485935056392
0.21303269404891118
0.1955024733216572
0.2099307375623194
0.2648843784793914
0.21281177596523002
0.23325245100324316
0.25488069681764935
0.20644130591083149
0.2279309365829707
0.20306981617023762
0.1995417267799657
0.194291649111404
0.17747214932054278
0.16150346898402057
0.221413687988186
0.22604401381393777
0.20567953274105263
0.17658853849360212
0.16015519560669894
0.1938436541432848
0.16991538907879056
0.24914262840684928
0.22588157336744188
0.24780962387635314
0.2169547769735342
0.21538090270707394
0.1677783034745582
0.181162200111718
0.21589536275774673
0.1406531591309217
0.18654762933579616
0.20121266787138561
0.20849894528503446
0.14564616112393108
0.18691314093425668
0.2322689523859122
0.20176584893484156
0.17516757498877475
0.24554064396681183
0.2180289201347981
0.20154952512926888
0.13184278680826558
0.17197590639806767
0.17706215681961585
0.21161393047165586
0.21430424840041057
0.18766473984840196
0.13509735312656063
0.19335743017920265
0.18433857889072738
