1.3921845271344595
1.1232174440340768
0.9301177934274776
1.063447867324737
1.1036094457197279
0.959247608007135
1.1329066370174892
1.0122618587925782
1.0158404851702216
0.8490874964388826
0.7695315078220877
0.8816972718836087
0.8377274759694397
0.7384381378470086
0.7861750911329553
0.7621815182523655
0.8476070631519613
0.8386674223829498
0.7207754792911574
0.8170082981986291
0.6463091497103851
0.6265693983819574
0.5677403629933117
0.5964839003364427
0.6408416664572908
0.5315079750297638
0.4735355455785955
0.36748733099637915
0.5604645604093557
0.5211251063771978
0.36099657686847275
0.5523677964864835
0.33233895042794986
0.49029233352294643
0.2940732500473298
0.23220196378267968
0.33205015775071345
0.2650509353490723
0.2293367983268853
0.3597121840255643
0.24586077936297496
0.277312502305189
0.276116275107553
0.18473326107480692
0.23983855368255758
0.1452370401712954
0.159472428276815
0.13848182659045497
0.17047901795008394
0.13693567698627437
0.15104759487414446
0.128923888418895
0.18505804995953568
0.13001971897752582
0.18449455557549593
0.14406051710566944
0.09215466827941896
0.09101200438253133
0.08798890396272488
0.12154369651738417
0.11240188963818709
0.06639582611321097
0.09481417633358981
0.07797609879965668
0.08698899775150094
0.06808108748951419
0.09710377575006478
0.09427921531440059
0.09787496365567078
0.07018896748595267
0.08287010037678544
0.060501243669882424
0.07268599195738483
0.07829130448340468
0.07796468746339144
0.08687163196886435
0.07361288886038941
0.0756721005848808
0.06741462731440867
0.0549716069520124
0.06032985844920576
0.07201155723015773
0.06549462803173897
0.06875738998298035
0.05695346555666557
0.05395443008652927
0.05877799567313563
0.06413096379848468
0.06818931136824292
0.06644647501891249
0.07327739186320983
0.05651431293554878
0.04667169459677988
0.05243483314169134
0.07217390939328562
0.06340693695492727
0.05764253357309375
0.0754882906268029
0.04974892784547383
0.05560900187222475
0.05834349773126274
0.060982190409491085
0.052386065952715576
0.047129004927871525
0.04924840010647767
0.051960919167099925
0.047057744871421954
0.058064233160724135
0.04876490559086085
0.03936829894374809
0.05257724546984144
0.041291174221274526
0.045773660782854456
0.041958069523367704
0.03975409702554291
0.037723290167079315
0.037372583699034845
0.05442279438267601
0.050160257584278264
0.05472241860335499
0.05018326587528438
0.05246269738427162
0.04053679265862278
0.03982737386447401
0.04179102776394363
0.045596121141873044
0.043510744306607035
0.04967465395498761
0.05917532745630003
0.026535585407011154
0.03797837197637825
0.041966401820893166
0.03543954562773781
0.05322607427407673
0.035420012990614924
0.04296777405690448
0.0550417046360112
0.04089430365779333
0.03720291506695657
0.05758003478501057
0.039077211823036584
0.03365822566564746
0.03336691048208089
0.04611881849452001
0.04174067777525608
0.032051696975656116
0.03537892622062614
0.035596349944772905
0.04626170214269828
0.042760568407560796
0.03729316867190462
0.03336322005591365
0.04433613170742489
0.0421781913042796
0.0376809514413263
0.025758873005882137
0.04454420042659155
0.03504979682492063
0.0406829252508369
0.04200174583344783
0.04220129861583581
0.03122070061873778
0.03502199442065482
0.024900138856177093
0.05107216802249874
0.02901876757009363
0.03494487764884929
0.03132214654285663
0.038001417385216466
0.04353047234681668
0.026410627011670122
0.02332092022216191
0.039198567428143705
0.03630783084483409
0.03794219372421963
0.03718341000696041
0.04099532680223404
0.03530043339098285
0.02287729379565353
0.03519934893293401
0.039306982691496885
0.023139225617154778
0.03207694622972089
0.03883131652288177
0.037329368585108644
0.03895878717621776
0.036551069483153946
0.03464787776370225
0.03769490933930855
0.031742479010854564
0.031860911270939644
0.02861823403675363
0.02889024774204793
0.04234652814097209
0.04062728376587903
0.040742118702972674
0.03413847006746372
0.02880751766116772
0.022304611074170942
0.027841624014443955
0.027050653018854103
0.026686064821740112
0.02233138896880707
0.034730762332361026
0.0324351360581795
0.038914720702440946
0.027554628227484956
0.026730931034071793
0.03794345169508413
0.0176893164415261
0.03528040088227457
0.036067919819989754
0.022610614028609317
0.026781057835370964
0.025930037106149967
0.0380033440098156
0.030508469670305533
0.029592507868039138
0.024385216303450082
0.03262065479371698
0.028352336373644503
0.03339110518124254
0.024454200367794963
0.03186474659517388
0.03016556320531184
0.026454342310103386
0.03158680934517326
0.03350475451196851
0.02125798888271675
0.021170833782435942
0.03478035521712251
0.028448343269464015
0.027350754336653477
0.03527807301813191
0.02775668216607365
0.029939776126878148
0.02772952709796206
0.02211774757847223
0.025193517569868252
0.0356212712176843
0.028736833112115907
0.035664819149501405
0.026669313285800755
0.024561926558950748
0.029507859132613105
0.029271545754380644
0.03415327977255958
0.03422563999130731
0.030009202857876394
0.02645293150010884
0.01575625183870856
0.02031722347739582
0.03387279658223401
0.030756712917696237
0.026841101307947163
0.03401467283805276
0.03181328759189896
0.025035959537056
0.03129385190428776
0.03271131197932137
0.02761978421429297
0.030190366574669735
0.029008916587099632
0.020675921343879997
0.017329291147428597
0.022032293760699585
0.02139109097003748
0.024677024548961778
0.027105407251361912
0.027201482483583173
0.03239785553908602
0.01982122351467293
0.019433298586424015
0.030996383650952048
0.03257375798460771
0.031503563789792306
0.030776789292415258
0.030125491002058958
0.02284319065019476
0.03310427442806655
0.03354626208672183
0.022787287137554957
0.02537836949409854
0.03533787467077258
0.030407681105692762
0.026045829917761228
0.01750547657059663
0.02950660799136362
0.02910001446585219
0.02462924549831192
0.02332474654974551
0.0257457002096143
0.03442111542099879
0.035679194189310565
0.020407207727499852
0.024959362310301228
0.021981493121088286
0.02861603792590143
0.02079109087143869
0.021752756929564458
0.027053714289944943
0.028549614557910302
0.023901334128884892
0.024587843997961847
0.02061347690199638
0.02643038383935688
0.0253689316322237
0.02524474856652482
0.028729472486181303
0.018762409690132917
0.03232407591255329
0.02690180703912414
0.028641336853367734
0.029388353403349655
0.03138821809542429
0.019699876506412424
0.028568563801315904
0.020107036429334334
0.023260217066318915
0.03053960797120319
0.025166539159507388
0.03909604734777737
0.021011338979406033
0.024219949874107215
0.028214040162708932
0.021256646960947735
0.026209981407108496
0.024441012090485985
0.02061776010869257
0.027472853279848275
0.0251769995709
0.028784612956316506
0.026793215977844537
0.02632765593353628
0.01901885379494198
0.02231026712481285
0.02594311435176182
0.03146074488618693
0.0327390413437352
0.020447453851525212
0.03295557483110272
0.023465077993220118
0.032983878432029975
0.030762944574141977
0.02518472945608551
0.028061109579234626
0.019705076596608702
0.023545295163417225
0.02168304354309101
0.01599486652370437
0.027020084936296533
0.020616235606834572
0.02570446144625596
0.0202693198121957
0.02114000908535264
0.016223351089505643
0.01938723669970882
0.024168544432807658
0.03057602896382918
0.02396761135304002
0.02332646289015599
0.019063297208060753
0.02672464978074916
0.03192600548194955
0.021302467380898506
0.01990583998795123
0.02564246208083556
0.01976162185610876
0.015976605293119055
0.020848945320521
0.030385961847604857
0.021516785255032513
0.022452192818707542
0.020121936908827645
0.023982302827344322
0.0234333851069068
0.02243971181352313
0.03384059030523983
0.019678953621643163
0.015342034953333392
0.024605891622358385
0.02225411685332613
0.028243334454497043
0.021367512459104822
0.0163359595009731
0.0228115566583018
0.0200767120065574
0.026429912697217416
0.017731667950546585
0.022361621122178172
0.025492143660674614
0.023988236655745992
0.013645368585479841
0.018365405761005815
0.023298450640037324
0.022960215794875335
0.024516791810413732
0.01950727019682345
0.019969607693323146
0.02397319966966164
