0.6498968075575968
0.6073065209983206
0.5629110110918691
0.509700696777976
0.5051651894087128
0.5512376623797602
0.5235054767493987
0.4363368404797064
0.3909793630023957
0.4245198154621782
0.3877885542865584
0.44885654572964667
0.42946015031349305
0.4334235319340822
0.3798378712944912
0.35103910050848003
0.350329897659726
0.378923536138163
0.3328099464739108
0.34393536929767143
0.3426365061642479
0.3797839001316593
0.4357268134132669
0.2698772151889225
0.31070247997811457
0.38415691566278726
0.33692607452086054
0.33617398311295765
0.3541200267323378
0.3398781420981526
0.37075364730711236
0.2621941744938057
0.34276696887315694
0.28813232160466506
0.27264531394950214
0.312856323994995
0.35632094324595137
0.3433916824708604
0.33994132502571894
0.2304883124528065
0.32371310397958825
0.2881166605726626
0.2686911158842379
0.3255687509726198
0.29644823756859123
0.3021581295562943
0.34614486310097636
0.24369700077008344
0.30938957492556063
0.3192402962970837
0.2487833674840596
0.33195462017278743
0.2975170278362837
0.25619549875819125
0.2982751778997895
0.2338729410383471
0.23126454332900823
0.2496578568270154
0.22605924119007761
0.3002178526300556
0.2670672752730303
0.3163844891205316
0.3129037355738895
0.2329443976842392
0.3150933257034743
0.2868499482613665
0.2813547830086732
0.30445085833616636
0.25268365080706545
0.31607020238795736
0.23108033741600517
0.2636897130881985
0.2564936532547223
0.3002116068541251
0.29041449904262967
0.2767840534102044
0.2955598952580412
0.26959254306889385
0.24400745141931476
0.2799950757839111
0.2718126048814652
0.25266943596580055
0.1935742988590576
0.22719127338771467
0.28962387027763414
0.2283988936203758
0.25795713276614757
0.2986716942671962
0.22487592594636613
0.25771143288680437
0.2401889483397291
0.2265193275183451
0.29183488132163704
0.2276881006435451
0.26460839088218224
0.2779450067093907
0.24409032331104025
0.2569822521047006
0.26291982311372764
0.25715553353416704
0.18460059433961123
0.28580829701535143
0.25816996695244226
0.1743859851153838
0.2681484614142924
0.21087518038446568
0.18595194274009458
0.239945060216745
0.2735399053521683
0.23434886535986924
0.22304646371007406
0.17705029015162407
0.28252504168389286
0.24169458520622494
0.22773126902882251
0.2532065853820812
0.23449767995113896
0.22156927513834918
0.20411167490170895
0.21323559347287208
0.2149337101128074
0.17587447083368327
0.24020190983214657
0.22805420423406358
0.17914166370311063
0.2475859044044933
0.20195388529644162
0.23402196680628737
0.2466827236743196
0.2641255323309041
0.2141102105672538
0.26570445648204805
0.23084968261467292
0.21289349428544316
0.1885401718317307
0.2582720710074581
0.20223995670464676
0.18825430074584132
0.18900927951158614
0.28341139120359454
0.201219401211854
0.20739452976975237
0.14963399796259474
0.1785040392723251
0.17916429653812269
0.15208430435633208
0.15100497649681696
0.2250197737154694
0.20522653131721774
0.21632717618110955
0.2333564735608201
0.21346371050321977
0.1575129597349924
0.1932734466473155
0.22377104924484298
0.1284474925148475
0.20070622235331737
0.1899131335664026
0.17474441342132802
0.2172289884099828
0.1839918240343252
0.16928204376467643
0.21224256396212254
0.19843389207655787
0.21688663309032866
0.17511637577791003
0.16615903806348242
0.25069565604718735
0.18520493397916923
0.19504479375224557
0.2215022714959829
0.1849506279494731
0.18607734855055375
0.20274241190901715
0.21577965446553868
0.18194821179761841
0.2145247630936009
0.17623989086792452
0.17032844393855193
0.23985211611871565
0.17199829164250552
0.21370551824260092
0.1880746821328171
0.24913165519809843
0.1697640188457485
0.1935935963588606
0.1845315805120252
0.17204046777682108
0.16432846384374172
0.16303587009188453
0.1769012261319395
0.21100951468325818
0.1844904166413444
0.14157813917887746
0.16288579613346682
0.20411190233507787
0.19650912467614104
0.19928406911089447
0.18269123671130397
0.19574424836416088
0.1584168410137247
0.18653005388635122
0.1659437277850975
0.15897497697852553
0.2007322623396291
0.15274418091867525
0.16336090006869144
0.2464679435137362
0.15887031242220775
0.20809066734949738
0.1436284821882095
0.20518550676255543
0.17586539462686063
0.19957888366206775
0.1820891901332674
0.17892040290130817
0.1614963823928465
0.17939338214416847
0.1445573920127227
0.18692757573223423
0.17098360413408886
0.1862063745624706
0.11725293557889793
0.13626781632423274
0.1649669001726074
0.19234796816137534
0.19126658542437677
0.1756054807218337
0.18980838103820874
0.19665004901047117
0.12245274176429052
0.15297947224369338
0.19505229324132473
0.15909846515212916
0.18584188951603814
0.1677866272787412
0.1695669225060239
0.1808344243718794
0.14879986329319966
0.20844679593860277
0.18667657198622625
0.22968512502617983
0.15669270149126666
0.10118603088837788
0.19327242724897117
0.1860051407016442
0.1522440022254934
0.16508325548130448
0.1452933075823091
0.1816359361030158
0.18577919517010003
0.18042019614772234
0.12272989587353247
0.17432863429606454
0.17853282106460197
0.16861780392183884
0.158235538117435
0.16372609547181716
0.1792399048630038
0.19662381417101524
0.154642500497315
0.17119377161612884
0.15808066399930087
0.16608999756210158
0.2075899811060474
0.13859445255804262
0.18712654171984958
0.14484933238430803
0.15492732741996537
0.17792634829695156
0.15530469379553727
0.15298245272570343
0.15534756422360835
0.15700098350212066
0.1744782176773515
0.17256405377587256
0.20006902610815275
0.18032952159025456
0.12385684332941327
0.1508188632897024
0.1443832981299871
0.14587627182439128
0.13798224545606566
0.1998991387212638
0.13218766452762662
0.1665559974307689
0.15266432998541052
0.15814987754244397
0.1674182854339536
0.13892493453942736
0.1699461587266889
0.1449229424810336
0.14050902899955134
0.12873787513286578
0.14096465845201908
0.14965905559860299
0.15010538105958068
0.18055783808940357
0.16405414993946058
0.12477316480590868
0.15068177419856107
0.12501837815415323
0.16222471092178242
0.16271678707015752
0.1477048115139068
0.13667029999041663
0.10650650915809398
0.12328520644784742
0.12138167977424925
0.16519846380526562
0.12905947443069435
0.1849856186650211
0.1717352274603649
0.14587907427222674
0.1620008413670025
0.12648480448261715
0.1437216798586651
0.1341733897832091
0.1324034346600604
0.1175893312214443
0.16995801295785457
0.16839070489032998
0.11742460141471214
0.13096948282698545
0.12790647775803368
0.1399798801160742
0.12526799808776187
0.13486326790465092
0.11420251205865936
0.13254961000974821
0.14052709302538022
0.1408642979093781
0.18358790708092784
0.13853236914748288
0.14214859057368542
0.1489346066586424
0.1503434398565282
0.16185606241565878
0.16428491959946076
0.16975881997179998
0.15282763346954295
0.15116600610807202
0.12445046522096181
0.15313467295349253
0.12950285302652692
0.15608831849890328
0.16118579418884718
0.10134929668485708
0.1487669360712959
0.12374011316335683
0.13224422387256302
0.13143122070025937
0.1376704821375356
0.14348965157034937
0.11341468332631244
0.18028484777004417
0.13638199533322962
0.1341193304532858
0.1425295673921447
0.1393566588915915
0.1723612541486101
0.15204031939776508
0.17095311625458837
0.153670968783491
0.10929975213498369
0.10095575048853216
0.16636603073088702
0.12447731087467118
0.12825419922069864
0.10490935640245343
0.0963958549922922
0.13872591670556617
0.14828515477843918
0.13339141554455974
0.15369456058902045
0.1212480808511639
0.12460594041109288
0.1326871620083613
0.14323808120599196
0.17184793090665357
0.1669543935880049
0.11190272062192416
0.12733961141088876
0.1256852341436624
0.14327399244970568
0.13371513403075638
0.13336920293414703
0.11725870670264493
0.14339504799227917
0.12390515953653784
0.13710537336096268
0.10108513502078224
0.09936679431591647
0.14906456726519673
0.13523629601461937
0.1454495125312301
0.1330235039808007
0.12715410719464007
0.1494912355332892
0.11824080333884449
