1.1661130626463403
1.0479077714234248
0.9038350339297916
1.0431648021240194
0.9096852991225066
0.7876715695719669
0.8381378288260292
0.8236568491429448
0.7572871829365082
0.7268549505315499
0.7212058369443776
0.7001791710373387
0.7372536235953862
0.6345625798841503
0.6992894478319206
0.5939869470609196
0.5731588996823336
0.5499749555321322
0.6846951035078634
0.5283658896116379
0.5922116004678043
0.544454842377413
0.6204405496742721
0.5867353851441268
0.48129099372870654
0.509435948425068
0.46644314881279936
0.4923652512781957
0.479021783355522
0.5604132711943152
0.5122461670293555
0.5058499800141327
0.4664712361778486
0.386883126365594
0.4577185484685725
0.555565446376731
0.37554956024378305
0.43688338587992953
0.5374058621984762
0.32871839020484
0.4990522583841459
0.4254163689269734
0.39468851723264964
0.4991479318083827
0.5484624552051176
0.42170619423485584
0.35325801393334694
0.44349455605462856
0.4224281829068424
0.3824353648666942
0.4394901024039307
0.3196011681176281
0.2974897604461602
0.37797632983104956
0.31519628085273443
0.32554947029450426
0.39745336066751946
0.312589093616506
0.4170901282616212
0.3198453845790363
0.29677489077590347
0.28911904081568374
0.36381783814692803
0.36473942269851545
0.4324632138755118
0.28416346698720546
0.4030423635061318
0.28034064242839063
0.3331739594962738
0.37060310169416
0.29158186532859254
0.39504013372213237
0.30522127967181445
0.3410452645011171
0.3441540545874329
0.23668916203097506
0.3060984444836198
0.28008409895737263
0.30672211172894137
0.3471165414522983
0.3047689441594244
0.34436952279962485
0.2953635969517959
0.3481325936887677
0.3469393543153314
0.33938633071577806
0.2560770132484373
0.292455337919697
0.22432237054080728
0.2620246377544446
0.3083528072231684
0.3360287403647129
0.3095012714192915
0.4229136226118181
0.36531053039326367
0.3077138653850326
0.2789687002908772
0.3521009877748929
0.33136713098179327
0.27766535382906293
0.2852373236268117
0.22216173021885854
0.2844339494015071
0.2666666094267344
0.2113207875029397
0.2883791121527243
0.2472259107766825
0.23812349593215112
0.2535109653478652
0.27791389023431556
0.274379186942859
0.25308140771999904
0.2594935684656884
0.18179489843278734
0.21500191721654066
0.30063096099956965
0.23063739643956893
0.2700779979589735
0.22999603720315304
0.2537681888438479
0.28379526358286256
0.26002785249801985
0.2400762147896526
0.2928480641238083
0.25584784971660085
0.33939574258519467
0.18139109566067196
0.32182714692903536
0.1852060732180496
0.2517847654172535
0.29090989862756145
0.24028538681666375
0.18993787201107135
0.2278219382666023
0.26847242870137367
0.24548868259231993
0.279124503404825
0.2923290758584634
0.29789869243753386
0.29054749077962033
0.2795729021857142
0.26507412482895754
0.20698218105433047
0.27499416382725667
0.17865465203473996
0.31751540008409074
0.2187218945278607
0.27407190172133467
0.16125535228561208
0.21217874656479752
0.16995044715880234
0.2869964312289615
0.2474322141223239
0.18380421729552301
0.234334209897641
0.16564224428730134
0.24150508966046175
0.26922866259967615
0.2340223711537603
0.19660738631549596
0.2555268777769461
0.2859205168337297
0.19467868695691148
0.22383384354196992
0.13880205641992235
0.24330633376226013
0.24691557361373184
0.17787687335861002
0.1725361535614221
0.1799561812639008
0.18478911557338068
0.20697256308283354
0.2844681019601857
0.18361403362424356
0.23381870266029461
0.19762659910641117
0.19830927370780652
0.23421844370429667
0.2069810549203323
0.13706765358560555
0.24096631096340415
0.20078941475532872
0.16960984590999753
0.19569715217704922
0.1789175048513322
0.22574593173213103
0.17659824586208653
0.19265958766846208
0.22831238697179002
0.22057117164996948
0.20415672325104461
0.1415277364725457
0.08603430530746706
0.2516771869375323
0.2358904380625672
0.17479646849732608
0.20929985668964854
0.17067360931324618
0.2068457253375638
0.20679611136980572
0.1992505476368824
0.1992444520694816
0.1510765156054683
0.21728010330783012
0.17274616996096168
0.12984361650637471
0.20826327621598223
0.16029277432621375
0.27618362851159456
0.1887978499447472
0.16876921430941566
0.25013396785861064
0.16134613600669767
0.16063654443403086
0.2429336275660831
0.19678969968175516
0.16756307017119987
0.1211038449787601
0.16492261253961116
0.19104714699219066
0.1495165559480961
0.1559391948803946
0.2005632198535364
0.23562117713143577
0.16243117499465531
0.12422630673076336
0.14579626481020608
0.1929070290548157
0.20537906047185098
0.1804115688097398
0.16291225660174102
0.15592515713634358
0.21534885089359035
0.1415927584505004
0.24057018115376957
0.14005937586215728
0.20398894156974526
0.21647526299941192
0.14656095270094607
0.24066731112041934
0.16138627938833103
0.18859663528124906
0.16517109551541748
0.18878652138138224
0.14356265150755268
0.2356984453740519
0.1841526701025787
0.15448233802445355
0.2166348409720485
0.16852237685090257
0.17407349568994113
0.1485234138866107
0.19175813797292626
0.17291098961690407
0.1174520057797945
0.1368638211001198
0.15922184442130577
0.1036357040447062
0.1913929106658934
0.14218301450342496
0.19052554086008078
0.1989006467961379
0.20896919408231987
0.1278433745096927
0.06436841887089331
0.18172104696354502
0.12223715862080362
0.1473431619261806
0.12429488545533418
0.15800489447660954
0.2144267642996022
0.13795956223704312
0.15051751693528517
0.1853278078085632
0.1402114941740143
0.1876021928057952
0.16742390036120244
0.10774729029777597
0.11969721099141131
0.132473957851104
0.19840844046742037
0.16903753749746792
0.12800540091422302
0.1545258526523492
0.15730417559747686
0.11028672237448037
0.13880210873741783
0.1479492771856198
0.17536473267405525
0.15061905642952078
0.14949677550526555
0.20958342105505318
0.10908673881945499
0.10881709675781767
0.18421427383447184
0.13129991378331726
0.09345986300230272
0.1615870697975591
0.11812206305053956
0.11165412037327156
0.13534129203349193
0.13762993015918465
0.1457518249035887
0.13866170122560184
0.13248142507429406
0.12830073758865915
0.17428588006866558
0.16271768030599287
0.17231257725397203
0.14735776744831783
0.13575537138346733
0.10925219963334414
0.14973028978952413
0.12449525664894726
0.14855303330077455
0.15928275532255784
0.15070009323940892
0.18335151569379438
0.13154661545078294
0.20019011060225284
0.17018642422938607
0.12994491045654422
0.07271313080387821
0.10797406869370041
0.17846266189421955
0.10610570937065678
0.13196200692786808
0.14318029195835666
0.10727114797609927
0.15847701897346908
0.13787319209119708
0.12967775033556272
0.129321038493454
0.15379054142732182
0.16819240398335036
0.16717117356380234
0.16082497736361445
0.11067164022722557
0.16958883069952513
0.12147956226174261
0.11491092996981941
0.12639050237793523
0.09578395292147382
0.13744897728248912
0.14129114461470144
0.14009894008888235
0.13133195950755
0.1329602264000725
0.08915983053935049
0.1293265437397298
0.14678585188203258
0.1456652218426563
0.14034835917028018
0.1324706386499215
0.09421473669308641
0.08449986297237108
0.1021007171659929
0.10352230162359832
0.13698907155270007
0.1912231252495732
0.1307851801263366
