0.8358143696453835
0.7949279505118383
0.8327287992768817
0.7515172268681831
0.6729855162261258
0.7294372258380883
0.6834131359914345
0.6785124578826501
0.6790374361266578
0.5113250788256753
0.5630094518703431
0.6018737946457435
0.47999255588120804
0.4550253313064593
0.3952772196043875
0.5503910814137163
0.3752576283463801
0.2943135875198902
0.28871825997526307
0.2597260453209596
0.2612787866638181
0.18368064293914402
0.31724061370525214
0.0920915737715455
0.2506461380046649
0.2541930866010347
0.1181005269123631
0.199558965728199
0.12997406680896403
0.16824869465632575
0.1090620104721424
0.08813643064509151
0.1641019147620819
0.06267816638430708
0.1407106266544837
0.09452952191959856
0.06961252370350343
0.08639880420820448
0.07026720810090775
0.11882002150283974
0.10421848814710877
0.0835486671758206
0.0829002115067629
0.055987954795131675
0.06806086017847277
0.08571002982011516
0.07281047469701016
0.08858046798519272
0.12708564167434366
0.08386427017822295
0.09063081954677465
0.05894355849659162
0.12697202647261657
0.053543637310763635
0.05903329679016652
0.048519788254101505
0.04699778733338684
0.08875304202895959
0.0688712353955637
0.05566369589193104
0.06745773652836856
0.04893728738374127
0.04211902888752796
0.05452066543328935
0.04190045604492195
0.0454159214132029
0.03705596543110651
0.05991222076568455
0.046262986807484294
0.05290602274947196
0.051731879347508204
0.038369034007860195
0.041960450977595834
0.03334680933662003
0.04388022148850692
0.04666104737013888
0.04688650584266311
0.05352241200076606
0.02984743527985312
0.0318084111685252
0.04347666999087681
0.04246129737462585
0.04750971324521439
0.04541869846156391
0.04827265185962744
0.03571377735271805
0.04109127548876404
0.04783900586194068
0.03781163861943302
0.050391177255747197
0.03026839353523888
0.04068406673738921
0.04011595025954406
0.043288248812171796
0.043455789786338066
0.05172519711781296
0.030193951289537287
0.034425193504158166
0.045439933952535226
0.04171844306777398
0.02784147413288974
0.0401688632833614
0.0362425683718413
0.037835336840874936
0.032586796153901254
0.04202545714774799
0.036412082099430136
0.043358037127040415
0.04815698607856292
0.04046050371570583
0.03157803461867763
0.040328535098705945
0.027108691472683605
0.03715998159505164
0.048082939832093
0.03905338667476285
0.04740078004911579
0.026871339712459873
0.03875308777738733
0.03302402688344459
0.03232409870697706
0.034457261118250294
0.03684531903992036
0.02898058069697198
0.02999256941189308
0.040473831711381136
0.04772464438881652
0.040651257452500436
0.03867905394367366
0.03166414773746594
0.041500035910111865
0.023460458979807804
0.0325206840221684
0.03688527990020824
0.03383208797547192
0.029702897107655845
0.02947495854056028
0.03204985349915969
0.033040560584803785
0.03413872634448823
0.021907286944801336
0.02440536487023897
0.032560568172446985
0.03253510417150649
0.024240189952761483
0.03376789035650022
0.030210303426059505
0.02721133652803088
0.03629808364253982
0.030600204567657864
0.030008314225043353
0.03349289702479842
0.03406739423399222
0.031788605297241077
0.035319528852125734
0.024594695528107495
0.031276311384457044
0.027792922942362693
0.02374522974903953
0.027890520248232586
0.03590299409750721
0.02783842259714219
0.026445511091552347
0.027182802481579987
0.030821325263521503
0.022954255807283393
0.02908974327084234
0.026839806387884586
0.023453594640312908
0.027842660867807668
0.02541360087926848
0.030674627478954643
0.022211412127073726
0.03176887166469543
0.02884704571427364
0.036245417801609794
0.03643970934988266
0.02469559264171638
0.031236539961369037
0.02758917575821033
0.02124491011356415
0.020770813528468428
0.028506747270068772
0.03707106591643651
0.028250223926377445
0.029353439183833208
0.026574109689099068
0.023364480880920024
0.030339111896037236
0.02673554488366376
0.029172119704210603
0.02326191575970516
0.028557273870690347
0.03412446561947025
0.028505042702130518
0.020467121692525327
0.02573898062247564
0.016767890610733714
0.01860694154595472
0.020771845597651363
0.031016818565013538
0.023776393811892022
0.02094687358384159
0.021856970446031278
0.023114727010723854
0.029712846030170287
0.021156127462462336
0.02548149855629573
0.019442025405231166
0.022336523043370436
0.029383118205375834
0.030218594113977863
0.026753932713083777
0.033139301242392526
0.02854998492610806
0.02360065080349094
0.029515024738662514
0.026083138345522634
0.02071328118796714
0.023374751073964077
0.024013569915912795
0.021020113209446818
0.025393701666763708
0.0180293053041742
0.02473961105785664
0.02135544560812506
0.03016354164738358
0.01825816931719393
0.020170609465195197
0.01787065391113154
0.024023977451228133
0.028760213671563634
0.021687637404882013
0.03949337624050066
0.02057481504911337
0.025529263697755218
0.025258458349222662
0.02957049322951864
0.02184086040394017
0.016459786111181617
0.019234706015938123
0.015131898162931149
0.020789204120880957
0.025362979430216658
0.023163757150353882
0.025685560222764255
0.020489379068885656
0.014350611637675698
0.02886819794394645
0.016090010664367153
0.025549082301861127
0.02397928544008359
0.019950145383444827
0.028450720493884602
0.024886174284741377
0.023153070526328777
0.024721383660771108
0.03104474255960979
0.019208118327660183
0.01933157992242352
0.01925760850456153
0.026945947446003683
0.01521624276202844
0.020393163830930563
0.026476701191447332
0.015176795204548576
0.021855065461140407
0.027301801701110535
0.02000737367219354
0.022190368057815688
