0.8159855501327742
0.7606657020781593
0.7739648955666061
0.6571057526332955
0.7431177096019188
0.582537226247269
0.48419647229730495
0.5513094465985808
0.5573402224299355
0.5541980329210766
0.5196246702814159
0.43431540796008694
0.46637952638500746
0.3480812689451847
0.30664181068747026
0.3385937900045263
0.3599732263981693
0.2802117421909754
0.20954507848975804
0.29211112017539886
0.21850618521093151
0.31174819430216427
0.3308262459505155
0.18182963101257016
0.12688932376523654
0.16682718345892025
0.13227357386577027
0.20628197792587058
0.1689529783576092
0.09230324411119445
0.10033065651731643
0.105312801673849
0.1010950568576197
0.13851100897583274
0.1256799048966734
0.07892560486539717
0.09497912448218915
0.09886710673636946
0.0665236491591992
0.14064610034358624
0.06146000050605834
0.08212165391236018
0.060843271259650354
0.07921944249148671
0.0702289706073995
0.1279820558164922
0.07478606335754076
0.06816704503129586
0.07675166018351712
0.057028932733106566
0.07054134821263157
0.07700707507732983
0.0701839024398643
0.06710918964350439
0.06767053001001558
0.07129295558477093
0.06227949154164182
0.05326697382488156
0.0773286942140318
0.06237783287023761
0.050471933451989456
0.04254721344898887
0.06061072819828445
0.06817065488218577
0.05478375343043414
0.05690351310697224
0.0456236340037758
0.05551426206827932
0.05744390241105531
0.043238669763828716
0.04184040508802828
0.06530318177464121
0.050004511909767534
0.048182240446416474
0.03132141185131918
0.04396483515522434
0.050092342790007585
0.054501773316006516
0.047883454769154614
0.050208513611991704
0.06213644207102333
0.04500689461161851
0.04002260193769922
0.0418161192671707
0.04203041050811064
0.042776357626616704
0.05315487770556036
0.035927078856231885
0.04906510500897725
0.04253339588812861
0.035752467105418774
0.04047924438288214
0.04498150843792394
0.03611532476345443
0.039575919311270705
0.04991721454472099
0.04887882563945448
0.044336959580138655
0.03540066484058788
0.041181466976334166
0.03501083059050093
0.040704414690804894
0.0421628856316721
0.03331307222758025
0.03749355058377599
0.031505600845763586
0.04113313861314135
0.039926177810489114
0.045085932311780805
0.04278433143102865
0.036057468286584085
0.036097048692879545
0.03809176476797059
0.03200639863904674
0.03865830739073241
0.028834982213552695
0.031536673547368894
0.028822373958813197
0.03849127607062079
0.035471275913495345
0.031318291653238996
0.02819132574139681
0.03606161494372666
0.04052712880267542
0.030812952832319218
0.04292262965916741
0.04212948171040787
0.0348014253354396
0.03997000435106646
0.038734891022880184
0.03706551862317791
0.035793302594699164
0.029189152430462245
0.024870131857989336
0.034906789586785024
0.029581982951194123
0.029501812409782658
0.028387246692911067
0.028313853842867144
0.034016935868243114
0.03135871974164729
0.03239049355287226
0.033316431267790096
0.03478376997985876
0.027114184525527385
0.036103531733871125
0.03395287710574477
0.02857886619811801
0.023952337093838587
0.03526817492759155
0.02659246653540332
0.028891024205658717
0.029494351576180883
0.0321443373292745
0.03007864388296901
0.024618386308046865
0.02161037893330798
0.024261395615811223
0.029874820559941624
0.029786430003238763
0.024373339567957324
0.03798076138349941
0.026921496715328026
0.031162527011913778
0.02356645372543547
0.03079381222554629
0.030636723808730847
0.029331727350205457
0.024719624958575374
0.033485525867399904
0.02656506869747844
0.02386568695309676
0.03142701762532344
0.02208991304530404
0.027328073706617752
0.02574070029559835
0.031150444201884165
0.02804221107739497
0.02280723746856504
0.029285408298822462
0.026498570131160654
0.029748196319495695
0.027059136470650325
0.026449076096968026
0.03566600294930019
0.023391520822979753
0.03015709812372704
0.024438819525793916
0.024472422604454393
0.02443384520935202
0.03147214557012396
0.0269683006597587
0.0306544587324672
0.025545913935848402
0.01599241404845447
0.024513724121268447
0.02398501891262688
0.026218488352220147
0.02438487741722879
0.02395936041380472
0.026476887089412128
0.02283155857937512
0.023148260544083848
0.020093534735464023
0.028578008985821114
0.026551025609914382
0.03084716770076213
0.025169773251548528
0.029080080820220244
0.028809803151281104
0.016236383257365802
0.03167431375925926
0.03655742807483359
0.030717040206098518
0.02884564477086618
0.024854919278577327
0.02542735164722748
0.03452970741754886
0.022685691063388226
0.02735980759122847
0.020965226624380356
0.020763232698034977
0.0265500285097534
0.026073366445890096
0.027559791879534612
0.020509899389450713
0.019505248704673402
0.017086525358610768
0.032211456678016295
0.03268760108704904
0.023905091453462698
0.01985126679897288
0.02529138040002807
0.018406774965240198
0.020810205708538063
0.02450736091114928
0.02809200650836257
0.028404056809114998
0.029694706308619923
0.027794091714236503
0.03848761407613761
0.026971476369972224
0.02419547117024012
0.024382323072824272
0.023193983920765274
0.02021945973018809
0.03305902806489494
0.02271293454389413
0.022382006175386587
0.01763285121461599
0.02607946291530263
0.029490423711616236
0.03782082857432546
0.021845298912889145
0.02331555792968042
0.030178819139938067
0.02367476857958349
0.02599419042515764
0.02045065800269812
0.02097308165926607
0.019019481604468945
0.021273831365727445
0.03595524815357461
0.032516029619414515
0.026968821209495814
0.024036251300866444
0.021951370018239408
0.018765665357519067
0.02615288748393424
0.02342656570890813
0.021246011877182863
0.02717953416270577
0.020844941448168154
0.01707773828635395
0.01874883829627303
0.02815080847640523
0.02210530862130155
0.0244582461731559
0.023905418697995614
0.021009817326144507
0.023301282913867953
0.02290444319454271
0.03174550955506471
0.02310926284691113
0.02160110882190585
0.017318421032960992
0.019992477990458356
0.025655035619303768
0.022223473334743022
0.02931466718424175
0.026060393606731957
0.028889226909264026
0.023941551178525318
0.028072889132051887
0.022959690957292722
0.022605666372314728
0.019540412072923268
0.01866211298088764
0.023797262292303455
0.02126364023506742
0.024674595841018592
0.01404964431844701
0.01498789409264403
0.024591021674449518
0.01911682794021079
0.02395530441831003
0.024200092459268997
0.018350117380948633
0.027089899364557118
0.02288434745673425
0.0211314793174494
0.016361099995209603
0.0292062820241419
0.028537444065940387
0.021382804557290757
0.02213517592189933
0.02449583281568039
0.019623098151066293
0.0149458364644006
0.027420758433191923
0.02971112772628779
0.01926483841341888
0.02055335503378653
0.021201557782214928
0.02519118586436042
0.019053071121354785
0.019234676438469527
0.022573240287613296
0.021919425555922623
0.01494738460075703
0.025275653889823342
0.019842212688732402
0.021321107653207518
0.025523710892999475
0.022294199227019258
0.022309001877364253
0.020029146297716353
0.024227859017920315
0.017390918827808903
0.025807119805981854
0.013638712256263355
0.01714454176301582
0.018301412201171256
0.01936282047964
0.03007654450466498
0.021109332183430397
0.023330687014303544
0.010722466010536865
0.02217919939183159
0.025474719676529655
0.02374353886630231
0.027416575016683903
0.021029980045188846
0.015563542901145058
0.020137524662864913
0.023648495753879402
0.02316025201586869
0.019439696423481517
0.021508745638557834
0.020400838561765867
0.026536820304943125
0.019360224654607884
0.014643537464901255
0.0198747139545701
0.021090489179450233
0.01967265648630357
0.017859030615665846
0.021093323373466824
0.014932186279836921
0.02506136925075488
0.016676020167232165
0.01648910387423401
0.02251893095723602
0.016460979071739344
0.02070445156939928
0.019086077928603017
0.015710596114705842
0.023329311348653747
0.020119050612817973
0.021012965683035924
0.02205248542761424
0.02110844372284474
0.0168564608348018
0.018423693654293853
0.018239236881523718
0.023114252761234945
0.025864098912635757
0.019162953359048794
0.015365840508380368
0.02204879916984267
0.017322317403726632
0.022896279726625637
0.017925804411557743
0.014060148841445779
0.01831562723759099
0.022618164341825425
0.018551897642088557
0.02167595997133795
0.028079196310166026
0.01714914707352543
