0.817185181810647
0.7156403237771758
0.7795113537183055
0.7136518091289149
0.7636172547938209
0.734604029786734
0.7546998439929011
0.7158979397807684
0.7269756043971413
0.6310635964728477
0.6234675784191159
0.6306632262358097
0.5437721020686624
0.5290187645576792
0.43717401835208125
0.42684543328164287
0.459226779427871
0.446409623163888
0.34073958911904356
0.4328440638101558
0.3613069328855415
0.3836044023756533
0.2177784288486435
0.37198735393650606
0.2752407816402577
0.281615891460815
0.2524740118983253
0.17501547573633516
0.20091640568218394
0.1414373720556708
0.20979369532329786
0.16934580400117744
0.14098358749935924
0.1822527310695846
0.22084565790380398
0.14881275442131986
0.17400211760387368
0.12612504214038484
0.11070377241574374
0.11486145049270155
0.10218898321858391
0.16857259409616823
0.13652101016407892
0.12690898930017427
0.103723377390659
0.09324769263505166
0.12681578794704357
0.11203716381733198
0.09536230440246407
0.08261277753494257
0.10632632621249397
0.09151669347545263
0.08880581560530837
0.10584269107899309
0.09751755623657946
0.08635716143987657
0.10305433166768137
0.10380627834296821
0.09557082314853634
0.11072945484895103
0.08375856236425833
0.09283331225898939
0.07721617131222511
0.08086460137014016
0.08359891946437428
0.09462707942772239
0.10042398844040024
0.08663094126413554
0.07911200683488996
0.08968028101493515
0.08670963994394364
0.067226344164482
0.07696250136585575
0.08273480876643488
0.07466361660867543
0.07043541678706373
0.057546054018157766
0.09263462789481207
0.0736212510675818
0.05540468405831169
0.0594426890855382
0.07709441039345329
0.05333752562689674
0.0712975675630231
0.06067260588746467
0.0704720296720241
0.06284363238514463
0.05503271988644433
0.06705898502044526
0.07438620171596104
0.06886125246080765
0.06157046248414287
0.07613059626574409
0.06923663850591219
0.06188627821528601
0.052407870348076646
0.06763091461095003
0.06204949641262526
0.061427053706014534
0.05336624321102055
0.06016462891916465
0.05981181210181019
0.06223838530297784
0.05592034854228485
0.039182981595161794
0.07164504619368031
0.048425184852225286
0.05172761119702912
0.044091253877765045
0.06254497614618179
0.06321857958360864
0.043433750981982454
0.046274219491901906
0.052463135844438256
0.06964910866064908
0.042112582980553995
0.06008786970586827
0.051294278024122106
0.0520025145194112
0.05514313989868469
0.06065618925236253
0.04966882884625325
0.05729488845832499
0.03687931353292456
0.05521875728519434
0.048324594411145685
0.051522879926636754
0.046426642547579174
0.05524843213107307
0.06569026591487796
0.05458891391137113
0.05856509681752993
0.0576459454044259
0.061991572960826455
0.05847252083239285
0.046795550968894414
0.04778872281962525
0.061274614879118096
0.0475202377615075
0.05794743717614329
0.05612811463618861
0.06063793237815747
0.047660095404039204
0.045220420459173696
0.0501636317643967
0.04344831654908378
0.04368450755769629
0.04956049487886236
0.04161834234267735
0.06017985638731347
0.048182569727243815
0.044979193605434536
0.05253273649312122
0.04967177623157369
0.04009165528171945
0.04757156635497058
0.04916415040441528
0.05004849986302603
0.04900691406862679
0.048891369041875424
0.039332420527534814
0.03503548790822324
0.039903414591702616
0.04711810083032607
0.042033401306162704
0.0366660140674694
0.051705067442387696
0.04877528734701586
0.044181477572816964
0.0458304066282608
0.045374371973683957
0.04366382618434081
0.04842354636699707
0.05676557115146552
0.03959423488926332
0.049521625305454946
0.04649417446092481
0.03643114678532504
0.05191428246003203
0.04409008241067492
0.038225068801171165
0.04888781390682935
0.04785470003993847
0.03889435409574662
0.04109904937215263
0.04416608105622718
0.048112502514736075
0.05108363675261233
0.04083617622791952
0.04214408955266113
0.04347957483675434
0.0352699634553766
0.05322091789212245
0.03663990952231148
0.04933548198750158
0.04723140376911407
0.04890901390440157
0.03740433331946209
0.05227018181820562
0.03640763970963642
0.04876793590509199
0.03247591682193309
0.04600094607638272
0.04161089776262029
0.045480658610394055
0.04823578853543707
0.04215479513563607
0.039134039155515096
0.033216477778651866
0.03788430456082004
0.04510512924308495
0.053324008540456914
0.03671817000465509
0.04302545581970553
0.040795177226817685
0.03633397482038421
0.0364603217489159
0.040236430243737124
0.037931044230736906
0.040550327394243704
0.042878212285269765
0.05316571952621173
0.03365085356462409
0.03274602698734258
0.04287704614484805
0.03374355579306555
0.03655451494874682
0.03317971508085146
0.046439469923544904
0.038917793966098214
0.0331096412579746
0.04638829982096898
0.04160356259352273
0.03943287176081443
0.046172429482918886
0.032253087765256885
0.03634765661139153
0.0333425423835869
0.04468517345734941
0.043268352691841136
0.03399773891967221
0.03789845281101324
0.037839914135835276
0.039164974578225285
0.04243354476543916
0.03633923388854971
0.03331711038883918
0.038739310748247165
0.030962691585544617
0.03556770474931291
0.04980674595001316
0.0366809210945218
0.04396882871083728
0.035004787897817406
0.04208585053239566
0.03419393003070482
0.03864999864785645
0.03709064582030469
0.04969996153585393
0.03952436025695848
0.041407800920283865
0.04502873461103832
0.04128918272461215
0.03689413418527153
0.027358377824769915
0.04063699706310368
0.03675706777663692
0.042037296035090904
0.04028383091453782
0.031715737342999845
0.03264459734647106
0.032664166736584836
0.038215043579172235
0.029890941776449752
0.034175021111371426
0.035395187057915535
0.03032459791640112
0.02847588367249245
0.037404474519735914
0.0359016592100174
0.03208535096063103
0.0340288953812017
0.03933200667457453
0.03399025449936015
0.04016091316023572
0.038385202878060506
0.03508515209817722
0.03568963795376935
0.03902759428801585
0.03557123654431982
0.030273399749532616
0.03444973446589862
0.033795748598656535
0.03552183842175337
0.03609222547448522
0.03968352545161114
0.041201508557389036
0.031557855175363914
0.027643510052023403
0.03640001975983363
0.04199603314351757
0.03467453537678668
0.041173776347611955
0.032392093635406696
0.03893368839676558
0.030347835728730295
0.030455404244013013
0.03987311162480057
0.03405610652680471
0.036291132943760865
0.02889472375370533
0.03201569811046406
0.04036111404212878
0.029191952518948454
0.033521720565693455
0.03347632388707032
0.03383454487072114
0.04034185740911869
0.03370648176849142
0.030092757734624526
0.0352686309188872
0.034673466878752404
0.03336290382238842
0.042377733092165734
0.03136370131136156
0.03185579410810273
0.03591410032195794
0.03065727390855096
0.033723830423933274
0.02956616472972264
0.04422454703633722
0.040683405790386255
0.0342220423626766
0.03233209637995886
0.03847255525387093
0.026555229009946408
0.033295467978144234
0.03513632838389494
0.030035676704961933
0.03874205340304987
0.02600406774964421
0.04554846108198163
0.03954097489713461
0.03072118792821444
0.042002285064900904
0.04305230037709114
0.035720389757329565
0.03089899713372792
0.029493017234073892
0.03332528947178011
0.02971445483957281
0.03603414859245135
0.04157069593286854
0.03189871519300925
0.027431934314533345
0.030177042813655165
0.03816213471263056
0.03437896645523688
0.03045263527759744
0.03926172348640942
0.03986791521284249
0.03148176371588917
0.028793389988489328
0.030128994138389015
0.025501371309470146
0.031746303931808564
0.038316637315799915
0.02945182489320753
0.025360290505709555
0.03093165302790683
0.033405208742579615
0.031287862751879884
0.032649932258147704
0.03299898596762945
0.03705255324211702
0.03680732877888145
0.032817346819221715
0.033367590069037306
0.028252624419172777
0.028926438294572237
0.03267131378909731
0.024183790240153026
0.028532364365572615
0.02853868185902584
0.02802153415659826
0.03913135881654935
0.038855992521124386
0.028966632152095016
0.03518638332608467
0.029575769453391
0.03374960239947049
0.032720655740033425
0.03129940338989423
0.028006367285280775
0.03145414762136701
0.03627531961268498
0.043156232175558126
0.03588461988820094
0.027905959751084508
0.03031546844329195
