1.051639176855731
0.8045450877902007
1.0754722229798683
0.8999163471017863
0.8849261720895154
0.8657602378781533
0.7351521031830641
0.776471482876726
0.6220662333179765
0.6485015472804708
0.6883996509584346
0.683621013915577
0.668703379482941
0.45368005669966766
0.6430915198636399
0.6252814754449467
0.5512194794901105
0.524506580388863
0.5085768816045625
0.6440771981545188
0.4496981934775022
0.6079468930854542
0.48163363508793183
0.5670841053369274
0.4385515841234192
0.5243727639167289
0.5033540273854274
0.42147804496637037
0.6015454112773568
0.41386171493761204
0.43634218494928845
0.5693670173361901
0.3681726129866182
0.44762446947987733
0.3792895319811297
0.5728491225756944
0.4227170101871269
0.4681639315720932
0.45559704732539236
0.4162901738867729
0.37182961270524284
0.3584468687014624
0.33832152580119373
0.34201618775224896
0.4475511126071775
0.43894375665338387
0.40051479028266046
0.36517761440971264
0.3921852125834636
0.4130991815332913
0.3798509223136372
0.48631313001174375
0.41477783584170913
0.3706500187715866
0.3923696664117899
0.4106064941025557
0.4503968370404986
0.44434998731781417
0.4090849754324964
0.3174595474634355
0.4407847399698892
0.29455559840361534
0.33148812650446413
0.30883806298291605
0.33374984919328443
0.2967987584238363
0.42624235061692917
0.3376257725369214
0.3143156458630148
0.320648596278325
0.34547233181705783
0.3252507967978385
0.338767557629321
0.3715399391175705
0.3281086728472452
0.2640575302213815
0.2737071956422169
0.27799933935504706
0.2863840684131572
0.2739423303125315
0.35530774487091477
0.33557876477943277
0.33675710813713045
0.2544062386334792
0.2860745630063717
0.26544541332147514
0.23540122990988888
0.31228622237210424
0.2716475078470413
0.2913320192935456
0.3010261191833046
0.34971868411142193
0.2768845276994051
0.32188751847436337
0.29915943230792946
0.19359644442893986
0.29818691725813157
0.2559076535156217
0.2745470804765121
0.24417716117176008
0.2567988697544824
0.26424576387249277
0.21074783663365712
0.22203794770788338
0.2384030092752917
0.25045278923684705
0.27830013303714984
0.2629659935035599
0.21313310648456682
0.25139488521709163
0.25188850961534237
0.28170936282106973
0.22490574808565214
0.2242991359748039
0.2093420442169695
0.20574880962419134
0.2324037845299825
0.2918467524086948
0.2148040330198127
0.22969338954034163
0.1906877051932349
0.2059278387292643
0.27948463074695695
0.20751383207819246
0.20124700555299063
0.3769452364082585
0.21969472474517712
0.2198752245204017
0.2362949554611909
0.1812709808633749
0.19937908465286988
0.19459744227854778
0.16135315451724278
0.209903998716395
0.19256188213688266
0.16669195018152613
0.19375226052118627
0.17423005759819624
0.15904168581127892
0.18155878123893698
0.24351122237466943
0.18541359954624798
0.11458677657368546
0.24800629202101546
0.13075989448483846
0.14648393998339349
0.1708926021990169
0.2202132994564602
0.16382449225456266
0.21677257166358252
0.1798722929807774
0.22443217030017645
0.1935438516645221
0.177284325409734
0.19516438173930845
0.18521849980795083
0.18384553726987313
0.16345847324448404
0.23023077461078714
0.18811371286020526
0.17670943107153655
0.17477597418239432
0.16685864396301497
0.15445744579521473
0.14968155071445208
0.1499298546791646
0.14510394019106596
0.19100294223035025
0.11811611344754443
0.1355400837639214
0.16221623951344
0.12775684973970458
0.13386389910061752
0.11444307747580935
0.12375676335658232
0.17038698168159466
0.13853008840421827
0.14704632677553556
0.13244922459175518
0.1497489282468118
0.1466825995810982
0.14660316126894468
0.13718305115758803
0.13033932851919255
0.1463691141877592
0.1405852653456852
0.12683144756085415
0.10218044930969902
0.14920960981859926
0.11734792128765463
0.1438745757877888
0.14610273545452332
0.15235102385648905
0.11745331906709496
0.10498305687829952
0.16295743446407368
0.09948544819495415
0.14285373373391605
0.16393674024409674
0.12646154644041482
0.1431752336372856
0.13998397005025104
0.15959247647804878
0.1676898949884427
0.16817075299863635
