0.2353515625
0.470703125
0.7060546875
0.94140625
1.1767578125
1.412109375
1.6474609375
1.8828125
2.1181640625
2.353515625
2.5888671875
2.82421875
3.0595703125
3.294921875
3.5302734375
3.765625
4.0009765625
4.236328125
4.4716796875
4.70703125
4.9423828125
5.177734375
5.4130859375
5.6484375
5.8837890625
6.119140625
6.3544921875
6.58984375
6.8251953125
7.060546875
7.2958984375
7.53125
7.7666015625
8.001953125
8.2373046875
8.47265625
8.7080078125
8.943359375
9.1787109375
9.4140625
9.6494140625
9.884765625
10.1201171875
10.35546875
10.5908203125
10.826171875
11.0615234375
11.296875
11.5322265625
11.767578125
12.0029296875
12.23828125
12.4736328125
12.708984375
12.9443359375
13.1796875
13.4150390625
13.650390625
13.8857421875
14.12109375
14.3564453125
14.591796875
14.8271484375
15.0625
15.2978515625
15.533203125
15.7685546875
16.00390625
16.2392578125
16.474609375
16.7099609375
16.9453125
17.1806640625
17.416015625
17.6513671875
17.88671875
18.1220703125
18.357421875
18.5927734375
18.828125
19.0634765625
19.298828125
19.5341796875
19.76953125
20.0048828125
20.240234375
20.4755859375
20.7109375
20.9462890625
21.181640625
21.4169921875
21.65234375
21.8876953125
22.123046875
22.3583984375
22.59375
22.8291015625
23.064453125
23.2998046875
23.53515625
23.7705078125
24.005859375
24.2412109375
24.4765625
24.7119140625
24.947265625
25.1826171875
25.41796875
25.6533203125
25.888671875
26.1240234375
26.359375
26.5947265625
26.830078125
27.0654296875
27.30078125
27.5361328125
27.771484375
28.0068359375
28.2421875
28.4775390625
28.712890625
28.9482421875
29.18359375
29.4189453125
29.654296875
29.8896484375
30.125
30.3603515625
30.595703125
30.8310546875
31.06640625
31.3017578125
31.537109375
31.7724609375
32.0078125
32.2431640625
32.478515625
32.7138671875
32.94921875
33.1845703125
33.419921875
33.6552734375
33.890625
34.1259765625
34.361328125
34.5966796875
34.83203125
35.0673828125
35.302734375
35.5380859375
35.7734375
36.0087890625
36.244140625
36.4794921875
36.71484375
36.9501953125
37.185546875
37.4208984375
37.65625
37.8916015625
38.126953125
38.3623046875
38.59765625
38.8330078125
39.068359375
39.3037109375
39.5390625
39.7744140625
40.009765625
40.2451171875
40.48046875
40.7158203125
40.951171875
41.1865234375
41.421875
41.6572265625
41.892578125
42.1279296875
42.36328125
42.5986328125
42.833984375
43.0693359375
43.3046875
43.5400390625
43.775390625
44.0107421875
44.24609375
44.4814453125
44.716796875
44.9521484375
45.1875
45.4228515625
45.658203125
45.8935546875
46.12890625
46.3642578125
46.599609375
46.8349609375
47.0703125
47.3056640625
47.541015625
47.7763671875
48.01171875
48.2470703125
48.482421875
48.7177734375
48.953125
49.1884765625
49.423828125
49.6591796875
49.89453125
50.1298828125
50.365234375
50.6005859375
50.8359375
51.0712890625
51.306640625
51.5419921875
51.77734375
52.0126953125
52.248046875
52.4833984375
52.71875
52.9541015625
53.189453125
53.4248046875
53.66015625
53.8955078125
54.130859375
54.3662109375
54.6015625
54.8369140625
55.072265625
55.3076171875
55.54296875
55.7783203125
56.013671875
56.2490234375
56.484375
56.7197265625
56.955078125
57.1904296875
57.42578125
57.6611328125
57.896484375
58.1318359375
58.3671875
58.6025390625
58.837890625
59.0732421875
59.30859375
59.5439453125
59.779296875
60.0146484375
60.25
60.4853515625
60.720703125
60.9560546875
61.19140625
61.4267578125
61.662109375
61.8974609375
62.1328125
62.3681640625
62.603515625
62.8388671875
63.07421875
63.3095703125
63.544921875
63.7802734375
64.015625
64.2509765625
64.486328125
64.7216796875
64.95703125
65.1923828125
65.427734375
65.6630859375
65.8984375
66.1337890625
66.369140625
66.6044921875
66.83984375
67.0751953125
67.310546875
67.5458984375
67.78125
68.0166015625
68.251953125
68.4873046875
68.72265625
68.9580078125
69.193359375
69.4287109375
69.6640625
69.8994140625
70.134765625
70.3701171875
70.60546875
70.8408203125
71.076171875
71.3115234375
71.546875
71.7822265625
72.017578125
72.2529296875
72.48828125
72.7236328125
72.958984375
73.1943359375
73.4296875
73.6650390625
73.900390625
74.1357421875
74.37109375
74.6064453125
74.841796875
75.0771484375
75.3125
75.5478515625
75.783203125
76.0185546875
76.25390625
76.4892578125
76.724609375
76.9599609375
77.1953125
77.4306640625
77.666015625
77.9013671875
78.13671875
78.3720703125
78.607421875
78.8427734375
79.078125
79.3134765625
79.548828125
79.7841796875
80.01953125
80.2548828125
80.490234375
80.7255859375
80.9609375
81.1962890625
81.431640625
81.6669921875
81.90234375
82.1376953125
82.373046875
82.6083984375
82.84375
83.0791015625
83.314453125
83.5498046875
83.78515625
84.0205078125
84.255859375
84.4912109375
84.7265625
84.9619140625
85.197265625
85.4326171875
85.66796875
85.9033203125
86.138671875
86.3740234375
86.609375
86.8447265625
87.080078125
87.3154296875
87.55078125
87.7861328125
88.021484375
88.2568359375
88.4921875
88.7275390625
88.962890625
89.1982421875
89.43359375
89.6689453125
89.904296875
90.1396484375
90.375
