0.23578643798828125
0.4714012145996094
0.7068824768066406
0.9427223205566406
1.1785697937011719
1.4145278930664062
1.6505661010742188
1.8859672546386719
2.1220779418945312
2.357574462890625
2.5934219360351562
2.8286666870117188
3.0647315979003906
3.3004074096679688
3.5364837646484375
3.771930694580078
4.007541656494141
4.242809295654297
4.477752685546875
4.713043212890625
4.948703765869141
5.185466766357422
5.4205474853515625
5.655887603759766
5.891899108886719
6.127407073974609
6.363182067871094
6.599384307861328
6.834861755371094
7.070487976074219
7.305255889892578
7.540584564208984
7.775566101074219
8.011398315429688
8.246906280517578
8.48324203491211
8.718803405761719
8.95419692993164
9.190013885498047
9.425395965576172
9.661022186279297
9.896232604980469
10.131839752197266
10.367206573486328
10.603130340576172
10.838764190673828
11.074291229248047
11.310035705566406
11.545093536376953
11.781265258789062
12.01663589477539
12.25217056274414
12.487327575683594
12.722888946533203
12.958656311035156
13.193572998046875
13.430187225341797
13.665931701660156
13.90139389038086
14.136604309082031
14.372406005859375
14.608650207519531
14.844734191894531
15.07962417602539
15.315364837646484
15.550941467285156
15.786617279052734
16.02212905883789
16.257884979248047
16.493927001953125
16.72960662841797
16.965465545654297
17.201534271240234
17.437026977539062
17.672779083251953
17.908008575439453
18.143741607666016
18.37873077392578
18.614044189453125
18.850326538085938
19.085468292236328
19.321514129638672
19.55712127685547
19.792682647705078
20.02853775024414
20.264202117919922
20.500186920166016
20.735633850097656
20.97193145751953
21.208065032958984
21.444271087646484
21.67987823486328
21.91512680053711
22.150768280029297
22.38589096069336
22.621826171875
22.857563018798828
23.09354019165039
23.32937240600586
23.565109252929688
23.800212860107422
24.036224365234375
24.272144317626953
24.507389068603516
24.742549896240234
24.978191375732422
25.214702606201172
25.450305938720703
25.686641693115234
25.922283172607422
26.15760040283203
26.393192291259766
26.628890991210938
26.86480712890625
27.10159683227539
27.33696746826172
27.57268524169922
27.808406829833984
28.043609619140625
28.27911376953125
28.514617919921875
28.750221252441406
28.986034393310547
29.222126007080078
29.457439422607422
29.693870544433594
29.92922592163086
30.165241241455078
30.400936126708984
30.636924743652344
30.872264862060547
31.108158111572266
31.343585968017578
31.578998565673828
31.814727783203125
32.05010986328125
32.285430908203125
32.52077865600586
32.75685501098633
32.99235916137695
33.22862243652344
33.464317321777344
33.700748443603516
33.93590545654297
34.171852111816406
34.40763473510742
34.64360046386719
34.879188537597656
35.11436462402344
35.350685119628906
35.585838317871094
35.82114791870117
36.05590057373047
36.29093933105469
36.52689743041992
36.762481689453125
36.99784851074219
37.23311233520508
37.46896743774414
37.70476150512695
37.93982696533203
38.175323486328125
38.41058349609375
38.64643478393555
38.88133239746094
39.11734390258789
39.35295104980469
39.58903121948242
39.82453536987305
40.06067657470703
40.29639434814453
40.53178787231445
40.767269134521484
41.00236892700195
41.23783493041992
41.47407531738281
41.709590911865234
41.94542694091797
42.18050765991211
42.41753387451172
42.65299987792969
42.888675689697266
43.12355041503906
43.35942077636719
43.59468460083008
43.83069610595703
44.06605529785156
44.30167007446289
44.53719711303711
44.77192687988281
45.00748062133789
45.24264144897461
45.47848129272461
45.71431350708008
45.949764251708984
46.1855354309082
46.42103576660156
46.65618896484375
46.891048431396484
47.126869201660156
47.36265182495117
47.59786605834961
47.83312225341797
48.069366455078125
48.30574035644531
48.54129409790039
48.77727127075195
49.01272201538086
49.248329162597656
49.48404312133789
49.71987533569336
49.954986572265625
50.19010925292969
50.42522430419922
50.66104507446289
50.89668273925781
51.13238525390625
51.36796188354492
51.60354232788086
51.83966064453125
52.07590866088867
52.31132125854492
52.54703903198242
52.78269577026367
53.01738739013672
53.253265380859375
53.48887252807617
53.72542190551758
53.96105194091797
54.197349548339844
54.43362045288086
54.669952392578125
54.9060173034668
55.14196014404297
55.37714767456055
55.61268615722656
55.849239349365234
56.085262298583984
56.321109771728516
56.55659866333008
56.7919921875
57.02742385864258
57.263389587402344
57.49924087524414
57.73447799682617
57.97039794921875
58.20670700073242
58.44269561767578
58.67848205566406
58.91450881958008
59.14918899536133
59.38474655151367
59.61982345581055
59.855594635009766
60.091182708740234
60.32707977294922
60.563079833984375
60.798885345458984
61.03512191772461
61.270748138427734
61.506900787353516
61.74276351928711
61.977725982666016
62.21387481689453
62.449951171875
62.68522644042969
62.9212532043457
63.1568603515625
63.392478942871094
63.62915802001953
63.864688873291016
64.1002197265625
64.33575820922852
64.57086944580078
64.80566787719727
65.04076766967773
65.27629470825195
65.51175689697266
65.74724197387695
65.98270034790039
66.21819686889648
66.45394134521484
66.68942642211914
66.92456817626953
67.16024017333984
67.3961067199707
67.63155364990234
67.86697006225586
68.10277938842773
68.33802032470703
68.57386779785156
68.80973815917969
69.04539108276367
69.28071975708008
69.51648330688477
69.75146865844727
69.98673629760742
70.22257614135742
70.45777130126953
70.69375228881836
70.92922973632812
71.16451263427734
71.39966201782227
71.63585662841797
71.87192916870117
72.10726165771484
72.34255599975586
72.57837295532227
72.81357955932617
73.04917907714844
73.2849006652832
73.52111053466797
73.75740814208984
73.99295806884766
74.2287826538086
74.4645767211914
74.7002944946289
74.93624496459961
75.17151641845703
75.40669631958008
75.64201354980469
75.87736129760742
76.11307144165039
76.34843063354492
76.58424758911133
76.81987380981445
77.0560302734375
77.29204940795898
77.52745056152344
77.76283645629883
77.99856185913086
78.23399353027344
78.46879577636719
78.70446395874023
78.93944549560547
79.17541885375977
79.41138458251953
79.64632797241211
79.88172912597656
80.11764144897461
80.35316467285156
80.5889663696289
80.82555389404297
81.06103897094727
81.29696655273438
81.53257751464844
81.76790237426758
82.00384521484375
82.23928833007812
82.47489547729492
82.7100830078125
82.9460334777832
83.18216323852539
83.41806411743164
83.65366744995117
83.8893051147461
84.12467193603516
84.36040878295898
84.59548950195312
84.83113098144531
85.06676864624023
