0.16857147216796875
0.3371162414550781
0.5065994262695312
0.6747703552246094
0.8428306579589844
1.012054443359375
1.1803779602050781
1.3500785827636719
1.51934814453125
1.6875114440917969
1.8560409545898438
2.0244102478027344
2.193470001220703
2.362682342529297
2.5309181213378906
2.7001113891601562
2.868457794189453
3.0367774963378906
3.2058258056640625
3.3738441467285156
3.5421218872070312
3.710338592529297
3.8792953491210938
4.0482330322265625
4.2177276611328125
4.3855133056640625
4.554878234863281
4.7231292724609375
4.892635345458984
5.0621795654296875
5.230968475341797
5.4005584716796875
5.569431304931641
5.738246917724609
5.906780242919922
6.075714111328125
6.244808197021484
6.4134674072265625
6.582141876220703
6.751110076904297
6.919857025146484
7.089550018310547
7.258399963378906
7.427825927734375
7.597007751464844
7.7653045654296875
7.934062957763672
8.102867126464844
8.271903991699219
8.441028594970703
8.60931396484375
8.778446197509766
8.946907043457031
9.115699768066406
9.285144805908203
9.454307556152344
9.623123168945312
9.791236877441406
9.960773468017578
10.128765106201172
10.296791076660156
10.466670989990234
10.635993957519531
10.804729461669922
10.973373413085938
11.14340591430664
11.31252670288086
11.480705261230469
11.650035858154297
11.819255828857422
11.988014221191406
12.157581329345703
12.326057434082031
12.49618148803711
12.66421127319336
12.832672119140625
13.002052307128906
13.170963287353516
13.340263366699219
13.509387969970703
13.678306579589844
13.847015380859375
14.0157470703125
14.184589385986328
14.35335922241211
14.522422790527344
14.691535949707031
14.860919952392578
15.029926300048828
15.198318481445312
15.366199493408203
15.535991668701172
15.704647064208984
15.873008728027344
16.041561126708984
16.211181640625
16.380447387695312
16.54883575439453
16.71820831298828
16.88698959350586
17.055591583251953
17.223896026611328
17.3919677734375
17.560688018798828
17.72970199584961
17.899639129638672
18.06830596923828
18.237464904785156
18.40667724609375
18.57605743408203
18.745975494384766
18.914993286132812
19.083969116210938
19.25305938720703
19.42220687866211
19.59154510498047
19.760879516601562
19.93008041381836
20.09878158569336
20.268863677978516
20.437225341796875
20.606098175048828
20.775115966796875
20.9439697265625
21.113285064697266
21.281494140625
21.450679779052734
21.620094299316406
21.788890838623047
21.956832885742188
22.12505340576172
22.29424285888672
22.46337127685547
22.63235855102539
22.8009033203125
22.969200134277344
23.137786865234375
23.306419372558594
23.47513198852539
23.64446258544922
23.81311798095703
23.98272705078125
24.151138305664062
24.3197021484375
24.488014221191406
24.656726837158203
24.82500457763672
24.994792938232422
25.164276123046875
25.33371353149414
25.50204086303711
25.671119689941406
25.840370178222656
26.009422302246094
26.17818832397461
26.346778869628906
26.515113830566406
26.683643341064453
26.85269546508789
27.021625518798828
27.190467834472656
27.359569549560547
27.529003143310547
27.697723388671875
27.866947174072266
28.0357666015625
28.205596923828125
28.374649047851562
28.543140411376953
28.71258544921875
28.881629943847656
29.051063537597656
29.219985961914062
29.38909149169922
29.557697296142578
29.72635269165039
29.894939422607422
30.06393051147461
30.23226547241211
30.40148162841797
30.570396423339844
30.739055633544922
30.907188415527344
31.075912475585938
31.244773864746094
31.413555145263672
31.58257293701172
31.751102447509766
31.919822692871094
32.08829116821289
32.2572021484375
32.427001953125
32.595726013183594
32.764198303222656
32.93408203125
33.10292434692383
33.271827697753906
33.440284729003906
33.608795166015625
33.7777099609375
33.946388244628906
34.11496353149414
34.28313064575195
34.451927185058594
34.62154006958008
34.79127502441406
34.96039962768555
35.12984085083008
35.29874801635742
35.46813201904297
35.63656234741211
35.805084228515625
35.973876953125
36.142730712890625
36.31214141845703
36.481624603271484
36.64999008178711
36.81986618041992
36.988433837890625
37.157257080078125
37.326168060302734
37.49503707885742
37.66417694091797
37.83235549926758
38.00179672241211
38.171607971191406
38.34062194824219
38.51015853881836
38.67927551269531
38.84785461425781
39.01740646362305
39.187355041503906
39.356197357177734
39.5254020690918
39.69438171386719
39.863624572753906
40.032630920410156
40.20144271850586
40.37095642089844
40.53947067260742
40.7092399597168
40.8785514831543
41.048152923583984
41.21858596801758
41.387123107910156
41.55562210083008
41.725215911865234
41.894187927246094
42.06260299682617
42.23093795776367
42.40028762817383
42.56843948364258
42.737586975097656
42.90598678588867
43.07484436035156
43.24355697631836
43.412254333496094
43.58159637451172
43.75086212158203
43.91933059692383
44.0887565612793
44.257667541503906
44.42609786987305
44.59505081176758
44.76348876953125
44.93234634399414
45.10124588012695
45.27056121826172
45.439945220947266
45.60848617553711
45.77739715576172
45.94563674926758
46.11410903930664
46.28285217285156
46.451290130615234
46.61997604370117
46.788330078125
46.956363677978516
47.125633239746094
47.294979095458984
47.46419906616211
47.633941650390625
47.80213165283203
47.9713020324707
48.14049530029297
48.30971145629883
48.47859191894531
48.64693069458008
48.81523895263672
48.98455810546875
49.153282165527344
49.322105407714844
49.49042510986328
49.6590576171875
49.82782745361328
49.997005462646484
50.16592025756836
50.335147857666016
50.50497055053711
50.673805236816406
50.84248352050781
51.01091384887695
51.17947769165039
51.34756851196289
51.51710510253906
51.685707092285156
51.8550910949707
52.023658752441406
52.19256591796875
52.36139678955078
52.52940368652344
52.69852828979492
52.867366790771484
53.036006927490234
53.20439147949219
53.37307357788086
53.54175567626953
53.710784912109375
53.879310607910156
54.04759216308594
54.2159423828125
54.3845100402832
54.55278015136719
54.722537994384766
54.89040756225586
55.059173583984375
55.22810745239258
55.39704895019531
55.56688690185547
55.73671340942383
55.90547180175781
56.07347106933594
56.24251937866211
56.41156005859375
56.579856872558594
56.74877166748047
56.91802978515625
57.08649444580078
57.25511169433594
57.422996520996094
57.592159271240234
57.76065444946289
57.92918014526367
58.097434997558594
58.26633071899414
58.434871673583984
58.60293197631836
58.772220611572266
58.94123840332031
59.11125946044922
59.27993392944336
59.447757720947266
59.6157112121582
59.78456115722656
59.953758239746094
60.121986389160156
60.29092025756836
60.459354400634766
60.62821578979492
60.79631805419922
60.96467208862305
61.133544921875
61.30263137817383
61.47163009643555
61.639808654785156
61.808074951171875
61.97747039794922
62.14651870727539
62.31499481201172
62.48430633544922
62.65279006958008
62.822635650634766
62.99195098876953
63.16057205200195
63.32913589477539
63.49757385253906
63.6663818359375
63.834964752197266
64.0042953491211
64.17364883422852
64.34233093261719
64.51250076293945
64.68042373657227
64.84977722167969
65.01805877685547
65.18706130981445
65.35597610473633
65.52473068237305
65.69293212890625
65.86260604858398
