0.168670654296875
0.33734130859375
0.506011962890625
0.6746826171875
0.843353271484375
1.01202392578125
1.180694580078125
1.349365234375
1.518035888671875
1.68670654296875
1.855377197265625
2.0240478515625
2.192718505859375
2.36138916015625
2.530059814453125
2.69873046875
2.867401123046875
3.03607177734375
3.204742431640625
3.3734130859375
3.542083740234375
3.71075439453125
3.879425048828125
4.048095703125
4.216766357421875
4.38543701171875
4.554107666015625
4.7227783203125
4.891448974609375
5.06011962890625
5.228790283203125
5.3974609375
5.566131591796875
5.73480224609375
5.903472900390625
6.0721435546875
6.240814208984375
6.40948486328125
6.578155517578125
6.746826171875
6.915496826171875
7.08416748046875
7.252838134765625
7.4215087890625
7.590179443359375
7.75885009765625
7.927520751953125
8.09619140625
8.264862060546875
8.43353271484375
8.602203369140625
8.7708740234375
8.939544677734375
9.10821533203125
9.276885986328125
9.445556640625
9.614227294921875
9.78289794921875
9.951568603515625
10.1202392578125
10.288909912109375
10.45758056640625
10.626251220703125
10.794921875
10.963592529296875
11.13226318359375
11.300933837890625
11.4696044921875
11.638275146484375
11.80694580078125
11.975616455078125
12.144287109375
12.312957763671875
12.48162841796875
12.650299072265625
12.8189697265625
12.987640380859375
13.15631103515625
13.324981689453125
13.49365234375
13.662322998046875
13.83099365234375
13.999664306640625
14.1683349609375
14.337005615234375
14.50567626953125
14.674346923828125
14.843017578125
15.011688232421875
15.18035888671875
15.349029541015625
15.5177001953125
15.686370849609375
15.85504150390625
16.023712158203125
16.1923828125
16.361053466796875
16.52972412109375
16.698394775390625
16.8670654296875
17.035736083984375
17.20440673828125
17.373077392578125
17.541748046875
17.710418701171875
17.87908935546875
18.047760009765625
18.2164306640625
18.385101318359375
18.55377197265625
18.722442626953125
18.89111328125
19.059783935546875
19.22845458984375
19.397125244140625
19.5657958984375
19.734466552734375
19.90313720703125
20.071807861328125
20.240478515625
20.409149169921875
20.57781982421875
20.746490478515625
20.9151611328125
21.083831787109375
21.25250244140625
21.421173095703125
21.58984375
21.758514404296875
21.92718505859375
22.095855712890625
22.2645263671875
22.433197021484375
22.60186767578125
22.770538330078125
22.939208984375
23.107879638671875
23.27655029296875
23.445220947265625
23.6138916015625
23.782562255859375
23.95123291015625
24.119903564453125
24.28857421875
24.457244873046875
24.62591552734375
24.794586181640625
24.9632568359375
25.131927490234375
25.30059814453125
25.469268798828125
25.637939453125
25.806610107421875
25.97528076171875
26.143951416015625
26.3126220703125
26.481292724609375
26.64996337890625
26.818634033203125
26.9873046875
27.155975341796875
27.32464599609375
27.493316650390625
27.6619873046875
27.830657958984375
27.99932861328125
28.167999267578125
28.336669921875
28.505340576171875
28.67401123046875
28.842681884765625
29.0113525390625
29.180023193359375
29.34869384765625
29.517364501953125
29.68603515625
29.854705810546875
30.02337646484375
30.192047119140625
30.3607177734375
30.529388427734375
30.69805908203125
30.866729736328125
31.035400390625
31.204071044921875
31.37274169921875
31.541412353515625
31.7100830078125
31.878753662109375
32.04742431640625
32.216094970703125
32.384765625
32.553436279296875
32.72210693359375
32.890777587890625
33.0594482421875
33.228118896484375
33.39678955078125
33.565460205078125
33.734130859375
33.902801513671875
34.07147216796875
34.240142822265625
34.4088134765625
34.577484130859375
34.74615478515625
34.914825439453125
35.08349609375
35.252166748046875
35.42083740234375
35.589508056640625
35.7581787109375
35.926849365234375
36.09552001953125
36.264190673828125
36.432861328125
36.601531982421875
36.77020263671875
36.938873291015625
37.1075439453125
37.276214599609375
37.44488525390625
37.613555908203125
37.7822265625
37.950897216796875
38.11956787109375
38.288238525390625
38.4569091796875
38.625579833984375
38.79425048828125
38.962921142578125
39.131591796875
39.300262451171875
39.46893310546875
39.637603759765625
39.8062744140625
39.974945068359375
40.14361572265625
40.312286376953125
40.48095703125
40.649627685546875
40.81829833984375
40.986968994140625
41.1556396484375
41.324310302734375
41.49298095703125
41.661651611328125
41.830322265625
41.998992919921875
42.16766357421875
42.336334228515625
42.5050048828125
42.673675537109375
42.84234619140625
43.011016845703125
43.1796875
43.348358154296875
43.51702880859375
43.685699462890625
43.8543701171875
44.023040771484375
44.19171142578125
44.360382080078125
44.529052734375
44.697723388671875
44.86639404296875
45.035064697265625
45.2037353515625
45.372406005859375
45.54107666015625
45.709747314453125
45.87841796875
46.047088623046875
46.21575927734375
46.384429931640625
46.5531005859375
46.721771240234375
46.89044189453125
47.059112548828125
47.227783203125
47.396453857421875
47.56512451171875
47.733795166015625
47.9024658203125
48.071136474609375
48.23980712890625
48.408477783203125
48.5771484375
48.745819091796875
48.91448974609375
49.083160400390625
49.2518310546875
49.420501708984375
49.58917236328125
49.757843017578125
49.926513671875
50.095184326171875
50.26385498046875
50.432525634765625
50.6011962890625
50.769866943359375
50.93853759765625
51.107208251953125
51.27587890625
51.444549560546875
51.61322021484375
51.781890869140625
51.9505615234375
52.119232177734375
52.28790283203125
52.456573486328125
52.625244140625
52.793914794921875
52.96258544921875
53.131256103515625
53.2999267578125
53.468597412109375
53.63726806640625
53.805938720703125
53.974609375
54.143280029296875
54.31195068359375
54.480621337890625
54.6492919921875
54.817962646484375
54.98663330078125
55.155303955078125
55.323974609375
55.492645263671875
55.66131591796875
55.829986572265625
55.9986572265625
56.167327880859375
56.33599853515625
56.504669189453125
56.67333984375
56.842010498046875
57.01068115234375
57.179351806640625
57.3480224609375
57.516693115234375
57.68536376953125
57.854034423828125
58.022705078125
58.191375732421875
58.36004638671875
58.528717041015625
58.6973876953125
58.866058349609375
59.03472900390625
59.203399658203125
59.3720703125
59.540740966796875
59.70941162109375
59.878082275390625
60.0467529296875
60.215423583984375
60.38409423828125
60.552764892578125
60.721435546875
60.890106201171875
61.05877685546875
61.227447509765625
61.3961181640625
61.564788818359375
61.73345947265625
61.902130126953125
62.07080078125
62.239471435546875
62.40814208984375
62.576812744140625
62.7454833984375
62.914154052734375
63.08282470703125
63.251495361328125
63.420166015625
63.588836669921875
63.75750732421875
63.926177978515625
64.0948486328125
64.26351928710938
64.43218994140625
64.60086059570312
64.76953125
64.93820190429688
65.10687255859375
65.27554321289062
65.4442138671875
65.61288452148438
65.78155517578125
65.95022583007812
66.118896484375
66.28756713867188
66.45623779296875
66.62490844726562
66.7935791015625
66.96224975585938
