0.23679733276367188
0.47345733642578125
0.7094879150390625
0.9460792541503906
1.1827583312988281
1.4209403991699219
1.6573257446289062
1.8943824768066406
2.13037109375
2.3684349060058594
2.6048011779785156
2.842010498046875
3.0788841247558594
3.3159408569335938
3.552532196044922
3.7903900146484375
4.027942657470703
4.265850067138672
4.501979827880859
4.738506317138672
4.975273132324219
5.2120208740234375
5.450065612792969
5.686553955078125
5.923576354980469
6.162200927734375
6.3985748291015625
6.6365509033203125
6.875255584716797
7.112415313720703
7.350460052490234
7.586551666259766
7.823772430419922
8.05950927734375
8.297000885009766
8.533775329589844
8.771018981933594
9.00753402709961
9.245574951171875
9.482887268066406
9.719470977783203
9.958656311035156
10.195552825927734
10.432235717773438
10.669708251953125
10.9071044921875
11.14419937133789
11.38143539428711
11.619487762451172
11.855995178222656
12.095020294189453
12.333538055419922
12.570201873779297
12.806827545166016
13.043689727783203
13.280693054199219
13.516803741455078
13.75638198852539
13.9945068359375
14.231254577636719
14.468254089355469
14.704341888427734
14.943008422851562
15.17940902709961
15.416313171386719
15.653541564941406
15.892127990722656
16.129119873046875
16.366165161132812
16.604080200195312
16.841915130615234
17.078445434570312
17.31560516357422
17.55390167236328
17.789859771728516
18.028648376464844
18.266277313232422
18.50379180908203
18.74150848388672
18.979331970214844
19.216468811035156
19.453372955322266
19.69085693359375
19.928058624267578
20.16408920288086
20.40052032470703
20.637298583984375
20.87448501586914
21.113174438476562
21.352210998535156
21.59151840209961
21.829944610595703
22.067428588867188
22.304519653320312
22.540538787841797
22.7763671875
23.013099670410156
23.25139617919922
23.488235473632812
23.724815368652344
23.961124420166016
24.197200775146484
24.434242248535156
24.671165466308594
24.90831756591797
25.144683837890625
25.383464813232422
25.62151336669922
25.859169006347656
26.09575653076172
26.33232879638672
26.570140838623047
26.807044982910156
27.044403076171875
27.28189468383789
27.518455505371094
27.755401611328125
27.99188995361328
28.229564666748047
28.46677017211914
28.703197479248047
28.940208435058594
29.176624298095703
29.414405822753906
29.649742126464844
29.886592864990234
30.124244689941406
30.361434936523438
30.599971771240234
30.835887908935547
31.072303771972656
31.30923843383789
31.546123504638672
31.783660888671875
32.02088928222656
32.258235931396484
32.4957275390625
32.73310470581055
32.97052001953125
33.20724868774414
33.44461441040039
33.68144226074219
33.919124603271484
34.15645980834961
34.394718170166016
34.630218505859375
34.86775588989258
35.105201721191406
35.342411041259766
35.580177307128906
35.81707763671875
36.05353927612305
36.29093933105469
36.528541564941406
36.765621185302734
37.0020637512207
37.23927307128906
37.47679138183594
37.71342849731445
37.9504280090332
38.188724517822266
38.42694854736328
38.6634635925293
38.90081024169922
39.13788604736328
39.376434326171875
39.61423873901367
39.851806640625
40.08845520019531
40.32449722290039
40.56313705444336
40.80107879638672
41.03786849975586
41.275428771972656
41.51201248168945
41.748775482177734
41.985572814941406
42.22164535522461
42.45922088623047
42.696048736572266
42.93354415893555
43.1697883605957
43.406951904296875
43.644325256347656
43.88066482543945
44.118080139160156
44.357444763183594
44.5938606262207
44.83123779296875
45.068416595458984
45.30568313598633
45.544471740722656
45.78215789794922
46.01829528808594
46.25565719604492
46.49250793457031
46.73040008544922
46.9671630859375
47.203575134277344
47.44063949584961
47.67814254760742
47.91450119018555
48.15266036987305
48.38884735107422
48.62588882446289
48.86231231689453
49.099300384521484
49.33755874633789
49.574275970458984
49.81084442138672
50.04791259765625
50.287208557128906
50.524837493896484
50.76095199584961
50.99686813354492
51.2339973449707
51.4702262878418
51.70811080932617
51.94611740112305
52.182891845703125
52.41868591308594
52.656864166259766
52.89384078979492
53.13288497924805
53.369998931884766
53.60821533203125
53.845558166503906
54.0836296081543
54.32048797607422
54.5577392578125
54.794857025146484
55.0313606262207
55.267215728759766
55.504154205322266
55.74109649658203
55.978092193603516
56.21488571166992
56.452880859375
56.689205169677734
56.92684555053711
57.16535568237305
57.4029426574707
57.64019775390625
57.8768424987793
58.113319396972656
58.34926986694336
58.58709716796875
58.822994232177734
59.059940338134766
59.297550201416016
59.533714294433594
59.77079772949219
60.007774353027344
60.24416732788086
60.47983932495117
60.71644973754883
60.95418167114258
61.19199752807617
61.42917251586914
61.66627883911133
61.90357208251953
62.14084243774414
