0.236724853515625
0.47344970703125
0.710174560546875
0.9468994140625
1.183624267578125
1.42034912109375
1.657073974609375
1.893798828125
2.130523681640625
2.36724853515625
2.603973388671875
2.8406982421875
3.077423095703125
3.31414794921875
3.550872802734375
3.78759765625
4.024322509765625
4.26104736328125
4.497772216796875
4.7344970703125
4.971221923828125
5.20794677734375
5.444671630859375
5.681396484375
5.918121337890625
6.15484619140625
6.391571044921875
6.6282958984375
6.865020751953125
7.10174560546875
7.338470458984375
7.5751953125
7.811920166015625
8.04864501953125
8.285369873046875
8.5220947265625
8.758819580078125
8.99554443359375
9.232269287109375
9.468994140625
9.705718994140625
9.94244384765625
10.179168701171875
10.4158935546875
10.652618408203125
10.88934326171875
11.126068115234375
11.36279296875
11.599517822265625
11.83624267578125
12.072967529296875
12.3096923828125
12.546417236328125
12.78314208984375
13.019866943359375
13.256591796875
13.493316650390625
13.73004150390625
13.966766357421875
14.2034912109375
14.440216064453125
14.67694091796875
14.913665771484375
15.150390625
15.387115478515625
15.62384033203125
15.860565185546875
16.0972900390625
16.334014892578125
16.57073974609375
16.807464599609375
17.044189453125
17.280914306640625
17.51763916015625
17.754364013671875
17.9910888671875
18.227813720703125
18.46453857421875
18.701263427734375
18.93798828125
19.174713134765625
19.41143798828125
19.648162841796875
19.8848876953125
20.121612548828125
20.35833740234375
20.595062255859375
20.831787109375
21.068511962890625
21.30523681640625
21.541961669921875
21.7786865234375
22.015411376953125
22.25213623046875
22.488861083984375
22.7255859375
22.962310791015625
23.19903564453125
23.435760498046875
23.6724853515625
23.909210205078125
24.14593505859375
24.382659912109375
24.619384765625
24.856109619140625
25.09283447265625
25.329559326171875
25.5662841796875
25.803009033203125
26.03973388671875
26.276458740234375
26.51318359375
26.749908447265625
26.98663330078125
27.223358154296875
27.4600830078125
27.696807861328125
27.93353271484375
28.170257568359375
28.406982421875
28.643707275390625
28.88043212890625
29.117156982421875
29.3538818359375
29.590606689453125
29.82733154296875
30.064056396484375
30.30078125
30.537506103515625
30.77423095703125
31.010955810546875
31.2476806640625
31.484405517578125
31.72113037109375
31.957855224609375
32.194580078125
32.431304931640625
32.66802978515625
32.904754638671875
33.1414794921875
33.378204345703125
33.61492919921875
33.851654052734375
34.08837890625
34.325103759765625
34.56182861328125
34.798553466796875
35.0352783203125
35.272003173828125
35.50872802734375
35.745452880859375
35.982177734375
36.218902587890625
36.45562744140625
36.692352294921875
36.9290771484375
37.165802001953125
37.40252685546875
37.639251708984375
37.8759765625
38.112701416015625
38.34942626953125
38.586151123046875
38.8228759765625
39.059600830078125
39.29632568359375
39.533050537109375
39.769775390625
40.006500244140625
40.24322509765625
40.479949951171875
40.7166748046875
40.953399658203125
41.19012451171875
41.426849365234375
41.66357421875
41.900299072265625
42.13702392578125
42.373748779296875
42.6104736328125
42.847198486328125
43.08392333984375
43.320648193359375
43.557373046875
43.794097900390625
44.03082275390625
44.267547607421875
44.5042724609375
44.740997314453125
44.97772216796875
45.214447021484375
45.451171875
45.687896728515625
45.92462158203125
46.161346435546875
46.3980712890625
46.634796142578125
46.87152099609375
47.108245849609375
47.344970703125
47.581695556640625
47.81842041015625
48.055145263671875
48.2918701171875
48.528594970703125
48.76531982421875
49.002044677734375
49.23876953125
49.475494384765625
49.71221923828125
49.948944091796875
50.1856689453125
50.422393798828125
50.65911865234375
50.895843505859375
51.132568359375
51.369293212890625
51.60601806640625
51.842742919921875
52.0794677734375
52.316192626953125
52.55291748046875
52.789642333984375
53.0263671875
53.263092041015625
53.49981689453125
53.736541748046875
53.9732666015625
54.209991455078125
54.44671630859375
54.683441162109375
54.920166015625
55.156890869140625
55.39361572265625
55.630340576171875
55.8670654296875
56.103790283203125
56.34051513671875
56.577239990234375
56.81396484375
57.050689697265625
57.28741455078125
57.524139404296875
57.7608642578125
57.997589111328125
58.23431396484375
58.471038818359375
58.707763671875
58.944488525390625
59.18121337890625
59.417938232421875
59.6546630859375
59.891387939453125
60.12811279296875
60.364837646484375
60.6015625
60.838287353515625
61.07501220703125
61.311737060546875
61.5484619140625
61.785186767578125
62.02191162109375
62.258636474609375
62.495361328125
62.732086181640625
62.96881103515625
63.205535888671875
63.4422607421875
63.678985595703125
63.91571044921875
64.15243530273438
64.38916015625
64.62588500976562
64.86260986328125
65.09933471679688
65.3360595703125
65.57278442382812
