1.2309528022451433
1.0579012507157788
1.0143117102939878
0.9417536374662779
1.052816101034461
0.9980146055658418
0.7284660711073812
0.9971013277855105
0.6717247199486052
0.7808934304716784
0.7954767822672396
0.787038116217287
0.7566440708049722
0.7834797106562756
0.7775193294308645
0.8447622372020571
0.8489721988938885
0.6848426259673068
0.6811228443346877
0.7222049302671787
0.5768450420665151
0.6726917495866089
0.6397727645025356
0.5873352320954772
0.5816585072331918
0.47835049510823235
0.5554793549280309
0.5318227106410072
0.6870437598860754
0.47175541182978475
0.5368727023580007
0.5253208809146893
0.4487487242643928
0.640063118779093
0.5223784308231638
0.632096387359445
0.5206080118000849
0.6046338628405385
0.6100310660897266
0.4946316358924724
0.5323239662106423
0.47276886916483407
0.5220864830025193
0.40225061464920353
0.4977608944323496
0.5788762977565496
0.46840348445344776
0.3849471764697544
0.526438900123568
0.4095669983954859
0.4665973669644175
0.4395926675518986
0.3949567259325585
0.5015171976402304
0.5317899428164637
0.41607899958227057
0.3733735088888409
0.4135512012663131
0.41360956962193746
0.47590134879721946
0.2920331223551308
0.43073690761919464
0.2745673874212089
0.4990166548180355
0.4215724984681053
0.46257549343481397
0.27343737162948056
0.3617244151795123
0.4617420955328006
0.4162007544487999
0.4359749184014383
0.3467722036298642
0.42409841972499074
0.4292283767488402
0.4404554621751185
0.44315910267955194
0.481347201931678
0.41918770633999236
0.4639533974802045
0.4326938271637751
0.3866974213767612
0.40084816683759017
0.3861865224608784
0.3831022366361675
0.4404881381159355
0.48732379842928364
0.3860576797617318
0.39987539736818617
0.38617518007116564
0.42309792451468875
0.4822798252807579
0.3630077049002759
0.32461575929912384
0.3008791513332333
0.3041999857162083
0.3617700613568938
0.38371824182372605
0.38602713780455766
0.41293302737764437
0.34539834209651415
0.2743483708377745
0.3336446880282634
0.3877055630336267
0.3773315527033097
0.3148541416981713
0.3811811271171203
0.3839215470659213
0.33809718734526994
0.30429801519048433
0.2821801691315482
0.29030259883037063
0.35148449871642357
0.40036941351802097
0.3542726734287403
0.40175783496784734
0.34635450857035455
0.39223231964502486
0.3050432515790812
0.36856472319967987
0.289550400717986
0.25964657715932193
0.3293429080643975
0.33299648514650027
0.3415397608856908
0.3368511827719912
0.2882782661008399
0.3833436444238001
0.3107955403918994
0.3172714591290835
0.3484121971778392
0.31391315574013046
0.29320389383306594
0.25558080922914056
0.27178854320268303
0.2905226333882121
0.30298694323043224
0.3516346110349541
0.31060825721037577
0.3448043092144935
0.26048621958106866
0.27238043209577
0.25224298959428937
0.3845641834575267
0.31433232343724987
0.3526733571637729
0.3004775405693783
0.2549258723858543
0.23919989918180712
0.36255259904972786
0.2717865465312558
0.3500511736623015
0.35619704684611564
0.23188349809111566
0.28533497230800814
0.39134157468960595
0.22027479946831163
0.32354349390702464
0.36146686454388344
0.3020062071120493
0.3298889228900947
0.3265453714426386
0.30925107086147846
0.27796411474068405
0.2971508688618846
0.2461710689893512
0.29366521813725965
0.30740403643018377
0.2460588179340592
0.2588917043312049
0.2815743419446127
0.3351544796997306
0.2794704423294802
0.30256225744152143
0.3186779741601408
0.3251873771194155
0.25458752011590435
0.280238801934746
0.3117041993723547
0.32069524915348424
0.2524216359207043
0.2928551242880495
0.3307023583189905
0.2340673933860394
0.30801380502470255
0.2821731081115355
0.26990672238573493
0.26659616249188794
0.2524143406872309
0.19789945400765124
0.2899516713402783
0.276158932441751
0.3174118131059898
0.24223171012573214
0.2086029728304462
0.23662721284908567
0.2943868848725508
0.28417472763200335
0.27089511576440034
0.22910078869156916
0.2610644135509753
0.28107106282731686
0.28273471746203066
0.213825859994838
0.23060942585795066
0.2766139100779677
0.37695135331688784
0.2564023804415597
0.2758818248401713
0.2366350856547935
0.31320860693851515
0.26806137342561737
0.32797696245712205
0.25175373278320023
0.18710584099226063
0.28593128434479653
0.2521522804747268
0.2207921847081118
0.322334311082359
0.2829764165018729
0.3177636818821399
0.32485758824840644
0.2623081089025947
0.2605136097881662
0.2591580659440301
0.22947745914829526
0.2668211098036554
0.23359354886144276
0.1806611077491226
0.2984675222335335
0.2685142270700901
0.28561950449505646
0.30351731180161473
0.27544628889058204
0.24043613142753
0.2624828896393413
0.2899894514364038
0.33831762899690015
0.21374117640436902
0.21860535819635526
0.23509848534655978
0.3011978804119168
0.2441519825049144
0.25549247537184394
0.163512736379487
0.2782083310691303
0.3128672243510059
0.3373392999959958
0.3241218959790972
0.23205134795881185
0.20657998521375545
0.22617803707404197
0.27620702421035526
0.3281413373596703
0.2924047252226296
0.24813061721956203
0.20396242892444558
0.21992314140515531
0.23365189057324579
0.2635878707780683
0.272738177173524
0.27654225448770126
0.24928373249127195
0.23879948639391807
0.23008372700385848
0.24508805952952914
0.26173976143596667
0.238865484463947
0.230800412699847
0.2904082039497765
0.30097456685419166
0.228161597880912
0.17461516208582084
0.26667841250601343
0.21803595491970468
0.19150740565774882
0.22796775586448326
0.19938451891721315
0.18125597484537015
0.24099058600098267
0.22899692598947632
0.22894682612857392
0.23193519814372282
0.2602446606476917
0.23846789359305037
0.2101469750915821
0.18629349491183034
0.21427095636283222
0.19877889229091728
0.17409864257965446
0.2282705945338846
0.2441757130476984
0.2533191963168198
0.1903301581245105
0.24796982261222572
0.25059578512120345
0.2421016018646449
0.15636649078736442
0.27341824487742067
0.24343664118513594
0.2198783509815045
0.23325515813347336
0.15082602330494546
0.23628222306046495
0.2828647963018382
0.2693005876611276
0.2492276353233649
0.22503673882715267
0.24216624442140233
0.24913968287585794
0.16196459854359638
0.2639358683441411
0.20626620572171633
0.2656670068954797
0.2044155220437137
0.17137793281563987
0.2311152487263807
0.2544965845680323
0.26148905006925205
0.21333145660561148
0.22082388777944822
0.2596626462263675
0.20488536729216986
0.25990949962541365
0.3126319531387304
0.17904005320259414
0.20849856597045915
0.2560514510634109
0.2661995370414339
0.20826564494903424
0.2904111627704228
0.18051304803748822
0.20623282203236784
0.22535356270447054
0.23069132092069852
0.20943267714388739
0.2455408090444368
0.25903337816260474
0.20807885975228202
0.20757793205459013
0.21718442157178877
0.1773983945754042
0.2908993517650694
0.20807896545331722
0.2777074237788565
0.2604963304083931
0.2154388222534563
0.2519920381839266
0.22090766828753733
0.3141430815390396
0.2202397163556283
0.2079211849585058
0.24199963120085033
0.23088607628995592
0.27289625121201466
0.21912438806644702
0.2031581733587425
0.14901003293871012
0.17525186136648763
0.28048329466269983
0.16542107862592165
0.2307943008039277
