0.4754173633559571
0.416528935088751
0.34090462305355096
0.25429963732570454
0.22182396117867587
0.311195292046791
0.1827370423308801
0.0928499526488468
0.18972248475870762
0.15851529794010924
0.17371269587140384
0.10191394763425594
0.08908303029329298
0.1454309341240429
0.11238117274666974
0.08759047985097082
0.044668465515345576
0.081473794204555
0.06315154093213651
0.13941581711356404
0.07113373217292934
0.07073847217416784
0.07163819296480017
0.05346228572888284
0.03218172082085424
0.06899654255496954
0.07349425657113273
0.049758880200456546
0.0360916208842454
0.04423221446620158
0.09611074397756755
0.021677343360272446
0.06129847247276123
0.045568898911703966
0.05383509691338467
0.03446569699997468
0.05707378445786894
0.03484518277175424
0.014922875816412145
0.030751613963641372
0.04674959426006696
0.05018206895864211
0.020477957753803164
0.03776181558516029
0.019143625216354893
0.03698712303552191
0.015643058625041846
0.013906976712760982
0.03265861429458207
0.027814936545277075
0.032751787459210105
0.030656795978822798
0.019522808054583438
0.02259733424368875
0.024749416929746387
0.03361306142009695
0.030463927640400214
0.018780061327314787
0.02960037240195206
0.025626984929317087
0.022221322532769712
0.03847009320767024
0.0225296277239554
0.026506398497479537
0.025683945291667183
0.03826213394081464
0.02971633292829264
0.028647582178184906
0.01640844542596199
0.03436418154031813
0.020327797472379817
0.030321269704095356
0.026108184517255495
0.008030235212124238
0.028218041384024267
0.017267404779193855
0.02314752373553987
0.017837664490972675
0.011609694169134883
0.015086855915916648
0.02287711794086115
0.012526407433062303
0.02476715989504001
0.015598033761204772
0.01706054797502304
0.009448402155071988
0.014582148333640885
0.01110517945178394
0.01774221078264853
0.022674040009718337
0.0071116280766347
0.017873708279434408
0.009584918332390798
0.024376147720704594
0.012460296826300949
0.0059632532618723215
0.013614236881933698
0.021384660195540445
0.0046272058703453744
0.009460518550999452
0.009994037405169198
0.017514650215499934
0.009264820296296534
0.017058200620373755
0.01748364619826582
0.017635468036151992
0.02032470686973318
0.048236277204367545
0.01969989443187522
0.013718495556993842
0.016873603618673204
0.01732485146623624
0.018099783479284495
0.014664957641102917
0.01072398326177677
0.010643373701102377
0.017883333618815413
0.018231092426100874
0.01681216512881719
0.022771932154649264
0.019681580651796027
0.007625033335094003
0.008401957389537956
0.018266436602899477
0.006273204967783616
0.023193382045649216
0.024075342632932047
0.01315579379455123
0.01281355899908693
0.010506480872983701
0.019891332219985004
0.014579227278507004
0.020434247736161697
0.012917906075124599
0.011411733297071718
0.009487627890862688
0.017241115725257633
0.011741914185926596
0.0055044742974898146
0.013461378078297342
0.007331986331954567
0.01552884247834797
0.02639563250418888
0.016312867791413055
0.014819156544339126
0.006506770823367062
0.008819765727476751
0.006986439202201567
0.016611198802434047
0.012324904239259096
0.00555257740020707
0.017135051744733544
0.014247970079080829
0.010857566351750376
0.00939422285511263
0.013957247095264571
0.011937734397846888
0.02679927498871833
0.012526410689235231
0.010515773906590982
0.01758777822505493
0.015350443006522168
0.011369886091694922
0.008821181344492644
0.009840789950189045
0.005560294469134259
0.011759710436968548
0.00726431419035734
0.02585830330552078
0.008173598216998553
0.01738491415760297
0.008800825880305469
0.006724877238552035
0.02266676643478036
0.008346795528831805
0.014042427393727689
0.012092801189371158
0.009396964494553506
0.02862376100588097
0.01413165266181057
0.0068698172305757576
0.015100407274604991
0.010767927925903979
0.019112013059425552
0.006310237958934978
0.027331967771361366
0.012762869300998573
0.011270236149275092
0.0038890474871415394
0.013806009580667578
0.005843554565712151
0.012706529337617314
0.012284877808084448
0.005980727604334675
0.01648159518901231
0.0037857727008873353
0.0075938861649938625
0.008279725254371827
0.01929802730918901
0.011256464196941067
0.014190181715735458
0.006405137568524335
0.01748810050060243
0.004233535218822374
0.007268128271137044
0.02695509831497766
0.0067341472201965045
0.00893269336520973
0.011331871032179492
0.010530035206174234
0.007691383335702113
0.006001100579205171
0.0059421342781081415
0.0033166128747778153
0.006393975999931402
0.005507107858972021
0.005092452365724718
0.0033100452937217285
0.008855044082410751
0.010152689402158117
0.005901901202665059
0.009004438823674797
0.011077847453209982
0.0077168526913247385
0.014373976647576328
0.011485513600248964
0.010640232740684359
0.011194481314720214
0.012765378010009024
0.0048441889071033535
0.02174449957600192
0.0062501331318945575
0.008237448841981845
0.0058227070153960975
0.010566588524348289
0.012271052233882071
0.01471495990985314
0.006451644192362806
0.005467941290893918
0.015392309609057759
0.012051351797592282
0.0034801788280439177
0.008816603152790385
0.006770711259405715
0.0060972937406122436
0.006367137352679357
0.006069455022266661
0.010076874950048591
0.014017753667382993
0.005949621647184352
0.010773727394631116
0.0056974770584999135
0.01279626773623482
0.006557118398221357
0.005927365537435598
0.005222847993536135
0.008351153532162528
0.006185420118698616
0.019494168194655333
0.007715156027314691
0.008357141582843645
0.014551381886440212
0.00587260130415487
0.0045616273075111385
0.0031783808263717538
0.006466548321804969
0.004130724251448648
0.009887815391649325
0.01577842134581276
0.009426465085116398
0.0033869184916817826
0.013904493207750904
0.00950843467527676
0.004861917627972473
0.009316949176251406
0.010162615900971516
0.0042899802190766055
0.005173715629083303
0.019168419301675853
0.009509751540035154
0.003911085158171019
0.006806321200925741
0.011953699637866038
0.0063275419993419025
0.0057628253531513355
0.006921456266866422
0.007738747927893898
0.002974171162185967
0.006596017763303194
0.006098814494320485
0.0070763686679117645
0.008688537195357924
0.001621984706327542
0.01929852792008901
0.0019839734630532927
0.00732941054806009
0.024923972772222417
0.006805767780131369
0.0055526368843211325
0.006431757200230664
0.01122099999062982
0.004642511987565516
0.0025219312407367056
0.007042828976294685
0.00690484388584881
0.00966146326838068
0.0056351190479159464
0.00601093633538362
0.007468440750695038
0.003040040628231857
0.005120711064208691
0.008000607971866991
0.003141644550806468
0.005724799650811505
0.008833812630573588
0.005184326889975886
0.0037583291494470207
0.020235742090326737
0.009623630101408409
0.005336208488982237
0.0031707675292942383
0.008403428481123498
0.006609141454209136
0.005879015074269649
0.0020671925539559057
0.005410559983711067
0.008336415994243965
0.008509166779213314
0.0085833133197454
0.004322411782178435
0.013414031320096031
0.014469777664268855
0.004265286017417651
0.008531565172265798
0.013670041324601812
0.012044624509743081
0.004239653660051487
0.006958145847405213
0.015051265479083328
0.005885389193738799
0.006331794447648349
0.0054287705027729425
0.007312410569677648
0.011106759194190944
0.009001744070942123
0.007512356554195174
0.007857169070256801
0.007370044784789654
0.004023778242269316
0.0028152901901622855
0.010102322447949418
0.006371571561337745
0.008896149652605061
0.006229205250463679
0.006321175115815762
0.005548576743702611
0.0030681142361754254
0.0024174704737222894
0.004416188075301548
0.0050552512813063725
0.006565900632851616
0.008044606015830524
0.005068431216395339
0.008152350265717433
0.006645451861138287
0.004147802874736444
0.010493567135155393
0.017401442430682115
0.005305764045561967
0.01917908717747416
0.006143648908392726
0.006852512462019522
0.008981644480204078
0.009502462574500183
0.0077116455870956824
0.005755553628108485
0.009138250184776951
0.004030297741476118
0.0052253133122990205
0.0018323343076986729
0.006678728478685621
0.002586281667069273
0.003870577294015282
0.007001944700959263
0.003380827091540973
0.0076615062212773925
0.0031608822134570856
0.011253379622190654
0.005773552046989679
0.0035827240942278857
0.0034528279185004605
0.007644035333226854
0.01311591847217485
0.002611363583258708
0.00644953524608523
0.003671854554982695
0.006550877046553616
