1.077796065542103
0.9196320120914289
0.6960833108905617
0.7562573928325309
0.6845906010153333
0.4761980066931814
0.6221298332941945
0.5043244881147563
0.5202403680222225
0.6312989799556843
0.5264279542712764
0.5269797732152363
0.2632129818457272
0.25983105351694424
0.37514686887561327
0.17696310563315318
0.3961921943132388
0.2777945826082485
0.25697363793944084
0.35363498199004406
0.25502878666333617
0.1807230934268579
0.1947885198896535
0.2519395805586494
0.17801025609082383
0.27266167937460695
0.18885938971256222
0.17499661329329735
0.1582081104510915
0.14456271460356981
0.15856043578265502
0.14446551657747503
0.17503092501368114
0.13557225692871067
0.19065132011063257
0.10882298693260009
0.1305639834376005
0.1448380152523981
0.12554232271253435
0.11545602462499735
0.11237514586753336
0.10697897044273139
0.2527075705270557
0.06392691001593918
0.14866409684935283
0.1587278329308293
0.10240089047124053
0.1290078247088568
0.15691147972118272
0.07648043398822513
0.1376028919442132
0.06983785340731016
0.07513577986227762
0.11106250595967411
0.07602174908553919
0.09100768094471615
0.09183193254214164
0.08626814561386463
0.06339542301821743
0.10722703275663673
0.09714419014080972
0.07046761251505447
0.05995500752245965
0.10510134172811766
0.06991955421603212
0.06129630025828211
0.09601300150845461
0.0885796733972721
0.07842839720202237
0.06547467741382362
0.07203388590832062
0.053363374408816736
0.08268129269736395
0.07170121893650125
0.07311889916775288
0.06529834846487022
0.06777344514585346
0.057936204515884736
0.06186963327351351
0.0727984731040576
0.043085751994767045
0.06713238635552307
0.05411342742837736
0.05154968998309083
0.05848380973167604
0.05051486213049975
0.06545029352051342
0.042048480344613316
0.07678506428554568
0.08062640328101875
0.054883872544624755
0.05683446319832143
0.04440418422665833
0.05924543764090109
0.05824906448858595
0.030864298136393565
0.0607292063692671
0.05632973140596459
0.04450053336850174
0.061941239484376485
0.07066488080288405
0.036335544864389537
0.03356469053326603
0.05537591460096171
0.04625487761430186
0.038625003594172126
0.07388275706175965
0.04459648042800478
0.05569356668000088
0.043069354271593516
0.07247542474461456
0.044863448579890164
0.059887177888726176
0.059032043468401366
0.06413943291590311
0.041509733918787
0.05928162511285049
0.06161000514585389
0.04939844270531961
0.04609148220755348
0.03820094893725842
0.060546572837127846
0.04578221721880428
0.04815020286945612
0.048527745677891546
0.03365973304145085
0.06382345304833326
0.027922228683836748
0.05429706804680899
0.056980155838768455
0.058250752998225006
0.029415266848513505
0.03977237564310303
0.05333271730630729
0.028355174556712565
0.05947314731415145
0.047489393041104576
0.037781792183870386
0.034888427784205554
0.041744163542380044
0.05307112573147367
0.04150484313576096
0.04021398086714987
0.037443400216703414
0.03738285008268709
0.020587293785231338
0.04041178165739197
0.03989706596654331
0.04120606564294605
0.04483169861511622
0.0331270583595746
0.029893563765905507
0.04192390611772741
0.042393326817347296
0.023592620812812708
0.0221156713836716
0.020566820576722614
0.02563281034463622
0.022757502496299015
0.037753238101243876
0.03580190252098448
0.03434747239505929
0.028790805526906726
0.04819306383249744
0.048943079158705535
0.05760057265422221
0.04390347570544936
0.034312811976706825
0.052778916546261365
0.06946305357638721
0.016763554874395445
0.030727350953897403
0.04048254099302923
0.02295610051986267
0.028404530879648622
0.025488267839547486
0.021601214999222063
0.017531495925960212
0.02123556260444019
0.04120022366392985
0.040353394976548954
0.03681376900516584
0.026371578426766944
0.02004910142455992
0.028991576950223096
0.027023862664274416
0.022629585148775364
0.016697179433131558
0.04617194229500963
0.04000918524674905
0.01601991054314717
0.03441137947050449
0.015766576450828563
0.02277220000657906
0.03545105584706647
0.01681529541415778
0.03354439191059212
0.048982833504885345
0.019530724744138216
0.019498637600545286
0.025746990926238604
0.042192450664537896
0.04219819482362634
0.018190136748048973
0.019425826854518227
0.02231522445427437
0.017044493974473142
0.027744327660406253
0.018833658645448316
0.04466571733798781
0.016601402423032343
0.027615410366543063
0.037003126213539336
0.05136711465528153
0.036369872657448774
0.02829578651886373
0.028192302545602444
0.034193046822650196
0.03887058444834115
0.0432319547065589
0.023882376980213303
0.01476362609132556
0.01985712786697505
0.02292441862699751
0.013310862838098963
0.021061545953539155
0.025771073471159877
0.026100607515610868
0.03791083346840585
0.040210201941698547
0.03464898610271534
0.02270013874247802
0.028619722946214277
0.03959009699042232
0.03348052269129697
0.025954857298762225
0.01876490516776985
0.03391810639848472
0.02297264338458547
0.02949026553119128
0.023463935984433776
0.017085311309808896
0.05023339668742427
0.03242364113885112
0.04717469088419552
0.014666662856839856
0.023725948820707284
0.02121057813027222
0.011357621529824183
0.029550977427993824
0.02311385150087939
0.026007687642021375
0.015091180262994683
0.03976156592055214
0.023794791085081153
0.02106810350446591
0.026866150226584635
0.0223291367599556
0.017226345606902695
0.026565878900016365
0.012801078008614209
0.01984754555411267
0.025868666571926158
0.03215599908965486
0.025626021527083154
0.02354454279231065
0.02166422203691352
0.017770692083844235
0.032422363833166254
0.01803836399044188
0.01578656953616089
0.018392787318169776
0.016175253506626255
0.02019590544511682
0.020827386359741247
0.027101297616921573
0.014536847832101038
0.03126363369128932
0.027831638861709123
0.0220986624877828
0.026512437959132606
0.028541300279435033
0.02118299378877798
0.023104746070045843
0.02581518051530072
0.020327558831357753
0.01083798416006798
0.02988211128463882
0.030392757542375925
0.03272963790955196
0.02195917738638022
0.015582028505061945
0.021789533335303667
0.022088009251852454
0.026292588421447355
0.02509861326476902
0.017700961154627055
0.014453460257193313
0.02303244121098568
0.01746186201050933
0.020059817322199445
0.016426817023029738
0.04054572833764031
0.02279670186224603
0.017773175477135843
0.016401467502033588
0.030680412617071707
0.019210020489659897
0.01976877950138765
0.0311771585965639
0.014256868370027539
0.020439968058614397
0.009874908318444417
0.024171096720834527
0.019704846965389176
0.016452088656109594
0.03519867788466305
0.021164189962024446
0.025311699043813647
0.0151997534471208
0.020082272565045307
0.016614425872827403
0.03399897432925548
0.022221175081569046
0.01715532441845032
0.020292546030701512
0.02312648201851382
0.029992584925029563
0.03586085873864369
0.019947751835651756
0.030945556366489498
0.011731418211575638
0.031843637418839985
0.014796370869014367
0.011517437442697936
0.025242221564831545
0.02474751996709254
0.021659647744801752
0.020562139661045403
0.03372461025055731
0.02765440854325424
0.04072031127088771
0.026020239077531447
0.023585125517171217
0.023202377416790536
0.022088923927648108
0.014510091189504748
0.019628270526073167
0.012692992027069977
0.03214807495030773
0.01912575998872753
0.030945275716113968
0.012638143357491097
0.019002012175562973
0.029937167214788757
0.014297907965217946
0.02071720690156468
0.018171168826314095
0.012087348980214368
0.012648698824500832
0.012608959238252445
0.02164303418194135
0.014396457387660027
0.02611697989299554
0.017227633887200663
0.02909296052862346
0.028503884807850887
0.02090056269606557
0.022318417112747856
0.01785483378446305
0.017777114173081712
0.028296959348987037
0.009008807985791014
0.015385382686187382
0.014199223908153733
0.024510321312744526
0.022509819968415515
0.00997111883704697
0.022629734803983795
0.026156380704874898
0.01571247361279595
0.01714113639623665
0.023956753511804436
0.03372718141047215
0.027467259234959778
0.01772473508806786
0.016628344126151252
0.02671600631360669
0.031549109784546274
0.011118376126130095
