0.8700580606358133
0.7977773542818367
0.8040726055040398
0.8118757449959955
0.666432312305007
0.7413780660929307
0.6610535029997944
0.5904272962155863
0.4418815908796825
0.5184843824663037
0.47566080961093765
0.494181636834953
0.49145055683015704
0.4074321093673797
0.5281737450897764
0.46131931487316846
0.47704497794034745
0.41075557901260884
0.346158225470478
0.32016033622659235
0.2760262658085645
0.20014942577988343
0.20572089474655741
0.29017614933784686
0.16092426536171486
0.1694536917596131
0.15360333103886536
0.14795177264770407
0.18543348110779284
0.20704630174408384
0.1550425958796154
0.14590786873107436
0.17971158834460763
0.10872071136244743
0.09890163406499985
0.139065638709992
0.11092301720861183
0.06315408575548127
0.06724785778673605
0.0747505470789602
0.08469810236439293
0.08339723467537039
0.10403823830930399
0.059313683383915
0.07782119623910957
0.06060152248379619
0.08074448003503555
0.08699622712806054
0.07283165859716076
0.07178251392065878
0.06594223532392657
0.06371781225255937
0.05554094500127636
0.06127220023471319
0.053145371000735644
0.09149728181675529
0.048584604189820926
0.05358559059002196
0.06676802645976346
0.07539740830503859
0.0653035957771325
0.034139062207669775
0.06051320303931137
0.04275045140033561
0.06206086902118255
0.06964477756472195
0.05159362291936879
0.03614027109891069
0.053560016565125046
0.040649776565316105
0.06537835086722027
0.04447821172208943
0.03568763100709148
0.05603057185127436
0.05601944091437524
0.04999944979274126
0.06768497548809231
0.045354984391529546
0.06691371506435755
0.06901235549257864
0.04351532187482847
0.053232162436124233
0.042787647117605854
0.058407988440251045
0.05811969239566981
0.050312405834697524
0.06215221250017884
0.06104567706702659
0.05135622218724277
0.0525094035855798
0.05251886505938117
0.03163297150376358
0.0446048504442034
0.055023713844225317
0.041119878105671935
0.05053193428635198
0.04262887780426251
0.06494060955909957
0.032038167556508165
0.03698089037140664
0.04369073282066125
0.030935113597395064
0.062089099717946336
0.04303885553820671
0.042424945091399824
0.049861009815800404
0.017045126035317583
0.03997479151220999
0.03518084408580351
0.03342718990992868
0.04591809699133279
0.04283804115784309
0.026508970006113686
0.02109282150222104
0.05171518040042705
0.03146618943443991
0.036010483147564644
0.02662831121714084
0.045775336209036746
0.03670510043664078
0.04605961659498249
0.023526710957323605
0.03376658743883846
0.046376494298986
0.03204111197780041
0.031449896226772786
0.029316982321186614
0.03568797401133209
0.04979177969248375
0.04540995209169013
0.02264158412405105
0.024785761508960148
0.03926883756612353
0.043516456609526764
0.039811519868032524
0.030884295703430792
0.022146726686313047
0.02671590575357813
0.044992955389969315
0.037346500771909534
0.028269041334566834
0.04465711204788215
0.02661718545602701
0.021294500838842448
0.027327146052754363
0.011574380037112489
0.03259134159892872
0.02128436437715866
0.03802064350093557
0.033485212088094615
0.03278423307862093
0.02653467299090211
0.020529249882605762
0.02865992692353749
0.020261756934557902
0.03756525847413529
0.022651455104981934
0.035488291696342
0.028444720459204088
0.026737709637464364
0.028925098715071616
0.025173926143525222
0.020294297755940306
0.027168678531249803
0.03185333566666699
0.02853757341830702
0.03261057961527809
0.029625991523407717
0.025247031598972753
0.028569811920117004
0.03363010311488382
0.02591838552036906
0.027217285611110125
0.026917883676749625
0.03127587231421857
0.014977977007833826
0.027170634977787256
0.02063445777407322
0.02390646137587707
0.0361780100670442
0.020783592026682982
0.010981153137344813
0.025269098693333557
0.01879473563412739
0.024263922723849026
0.029133969086953183
0.033323623465979633
0.021800758889386866
0.03427879296861848
0.019991633613172653
0.021948712623213174
0.04498740204534322
0.03337352251699904
0.019524451680379973
0.01787035691015793
0.024737552376729505
0.02745993974809724
0.024648245215374873
0.028039380351033084
0.02540530077427013
0.019651434155442387
0.021357573796354747
0.02833062128081505
0.028453134006104563
0.028021619451631164
0.018395314317320503
0.012729530141323723
0.024512059412848237
0.018467460603304918
0.02497222060800368
0.014903833464731684
0.02808792675950452
0.016973323407275375
0.021408220324086832
0.019829683419966434
0.02806250816568575
0.02141892394678588
0.02694443838004587
0.015141750064060485
0.028598629148650644
0.025142274961610735
0.02418303530760123
0.02289052105547039
0.02255553577895449
0.015741611699183245
0.01373335468093089
0.03253115299829948
0.03017066965906917
0.014033701769639088
0.029744321403706357
0.023384282283794765
0.019460236218668207
0.018377655766992008
0.018446265031813715
0.03236830057504762
0.01878996181423715
0.016869604981116268
0.02095390342617677
0.022046531393351717
0.019057644573981215
0.02457563900507393
0.01982212186922071
0.019657782459164684
0.025364236707561306
0.016913290642308718
0.017748061353136793
0.024700708255200158
0.024345414171485037
0.01972204074809605
0.026138262630951176
0.02071796019844303
0.02702378262492775
0.013829266140986018
0.025629126409393375
0.021639548570995024
0.02417745788622364
0.020855698228673242
0.024146358727188177
0.0231547101231003
0.02352888232200591
0.021675005729018013
0.017315936679684577
0.016954634255559563
0.022840535182150238
0.02073178033805314
0.027408103355928488
0.01927136558566411
0.025160097904959832
0.016249668112602422
0.01464153005594628
0.029728860130140262
0.022322687374370865
0.014277083162481326
0.025069362394405152
0.024859676223410086
0.02054726798417588
0.02142623114594461
