0.8229031838402598
0.692154442973419
0.7110733249742115
0.6485598421735441
0.5824344728194281
0.5284544426603317
0.48713034819107853
0.5337472761887212
0.45636591968001056
0.4841731150807879
0.5223034916374899
0.41031520718368847
0.4637793624169372
0.38849706622557906
0.5193840217659319
0.4088443347080187
0.501967301533937
0.358844289470608
0.38392505626307677
0.3856149994221469
0.4385716912619494
0.3540665211176707
0.4846245283826634
0.42581005668043403
0.41124774110686335
0.3675225206001573
0.3752935745800099
0.32898975016006965
0.3056625155433451
0.38804177560791786
0.31073699875125826
0.3520456454694202
0.466144967174192
0.37293531076551356
0.3200690073705045
0.3737223032232443
0.3442535020357439
0.3258582813252948
0.3193901645853098
0.3793718063540991
0.3069403037872521
0.3842648797530852
0.3310417875970034
0.31309232996145775
0.36363480390472064
0.35518657870927
0.3324199302094878
0.32933103786085366
0.3431276166411236
0.3359624269862399
0.37557358359763804
0.2687246017613322
0.29320562769244807
0.3584375230623926
0.3389428243190683
0.3040884495373149
0.32353985518314776
0.28864494799206614
0.2762581545500871
0.2678473415063115
0.378875334629858
0.31126458095170595
0.33562358195472664
0.3105779835230507
0.34295732155909364
0.2539228581158473
0.32901281663697
0.3194304507656812
0.2750830990807721
0.35352313196868174
0.3767590803782554
0.3081061964805382
0.28899481040518105
0.3724696693780124
0.2679614739980113
0.2880603502002414
0.3267341649595571
0.34292778767085913
0.26748501516248474
0.3211944287080378
0.3560710733681831
0.3073412421941122
0.2884317866000903
0.28829545341054585
0.2537498130971999
0.2969158944850184
0.326328647891349
0.2899811991687079
0.22812930651814364
0.2856984821411287
0.2645840194639198
0.34580755553316495
0.29458586525319874
0.2921309831143847
0.26144327431789993
0.25429746295199196
0.23356024388773083
0.2641026346785024
0.30621950584432234
0.2277970084496844
0.34897532478423304
0.22794278586281208
0.28548544518796376
0.3427941088502138
0.2989476891025078
0.2544471570386842
0.2603256060226763
0.3470284436434007
0.259156028693211
0.29273549370817564
0.2716723679477366
0.24069070869590994
0.25519015438070786
0.23032713458904586
0.24994812188110602
0.3027497855544192
0.27234794999321243
0.33374357076815786
0.25327623038744196
0.23810371333686783
0.25514398420835704
0.20831472135558377
0.2628015734336164
0.29953050438716744
0.2375571829732522
0.2592467883588788
0.28372698450036377
0.27995741149953335
0.2898068664179785
0.2410921943926399
0.28267677883415443
0.2638537116626144
0.2251393233718529
0.17585582701247962
0.25255492698223314
0.2705648780304408
0.250294849795312
0.2089399313055218
0.2741960936409639
0.2948067323667486
0.2011058430124834
0.23486035435379526
0.2742283576433387
0.2242278909691903
0.287959217379434
0.214475565217863
0.2510563147401329
0.24771296964340722
0.2474634431667809
0.20447297778178167
0.23420805544996187
0.2590935751576418
0.2637351982564238
0.2587341503857794
0.26889943866120675
0.16082241306269213
0.24294476553054448
0.16429023464140485
0.23828609617686078
0.20858983239772705
0.25288160411335375
0.27027162307293906
0.33200879605872613
0.2499758178357155
0.21695810596653398
0.23209635699790399
0.29280487197495486
0.23192930719210972
0.22299580668608826
0.2984105236209099
0.24861094239223394
0.25422701107153445
0.23695552183182156
0.31189726867992207
0.2416586480751246
0.2557911790639744
0.24843298512372763
0.24067443431010363
0.20994092409567844
0.2502012822612489
0.1777382466694886
0.2371290386892594
0.26268542335029477
0.2664592319337141
0.24882317007834084
0.1590227805491239
0.24828305977170206
0.22276295414273287
0.24589697580001718
0.25310108269021125
0.23667690568137104
0.19563647783198895
0.2468007486558213
0.29132161303072895
0.22141397632365178
0.22411020955514452
0.21108886084000594
0.16121874539361603
0.2838489000576779
0.21835670122873685
0.22990501776651034
0.20492939202936244
0.2130235195238605
0.2684037557074771
0.2862920017246494
0.285080181045018
0.2065506688914906
0.25867195505404156
0.22719269402446285
0.24194010650107717
0.1660195683345278
0.20183783327747445
0.20579920997816128
0.2198322569715962
0.21997596177451437
0.16433582602016744
0.20342414549859517
0.24173755079402226
0.2380420881462383
0.2277266105027135
0.2429621650396358
0.25594565049572127
0.23866200265022805
0.21269237259507245
0.18145684874263612
0.18440375950786744
0.2773050805344436
0.24608589884676985
0.18936661210377026
0.21697474919104714
0.18990185004277566
0.2414958084630688
0.23221838901200073
0.19102015394305377
0.1880445150270445
0.22766429854215456
0.215237735195753
0.15432814541918777
0.18496842293839802
0.20579168355176694
0.24928990194630227
0.14182826028247844
0.25528838583825764
0.18317177251148292
0.27052047651836564
0.2102596090424353
0.24312014409344557
0.20420887160496703
0.23247127294901038
0.2526732362893057
0.20658372206995726
0.21766467214673219
0.20320393825068767
0.2621985692037587
0.20522930029301753
0.1990559996108297
0.21330960678498762
0.2674557408040722
0.2195973722074837
0.21505971831770393
0.20136883418666124
0.1844722952502986
0.19630503542617792
0.20053617366283719
0.18053765429532304
0.20456289701805894
0.25121121437057825
0.21306118254561932
0.23761771459133768
0.273459277616213
0.20895255874350785
0.20092401935263146
0.26152945462065336
0.23083651480400186
0.21296382166958047
0.19730129892768805
0.21673490028323683
0.15386251071005042
0.15888947607684856
0.17253444994205996
0.19478332521747288
0.14910396961286362
0.2253324420983307
0.17079824406608235
0.22447723002990477
0.13834175118013078
0.24796182213669252
0.2288942790623465
0.193230521226518
0.2520851449182697
0.24505757816900334
0.22027541101041975
0.14626570876604666
0.18250298740083248
0.19076110482368575
0.2570213938403888
0.2275145063267494
0.2039093756238574
0.19649497468701344
0.1904607878360422
0.21471448135681176
0.18747530079745062
0.18510877162345468
0.2723943251408095
0.199008833293359
0.1965373540963036
0.20663844409098156
0.21748896792015246
0.19406265300274533
0.2322288883984073
0.2467674008935164
0.22807944245503106
0.23817480887449669
0.18297610465303127
0.22033136857293045
0.1914409398771098
0.2742875739502927
0.2228448717538171
0.21072931624120317
0.18102059590887093
0.1490644212983751
0.22108128203874475
0.2121761127576176
0.20903856755275463
0.187823960941141
0.16875663939004074
0.24587778974852376
0.17528281643412058
0.2260606543233957
0.154491055362676
0.186556070606321
0.24555989218305374
0.17901705303978327
0.26130976226380753
0.1749448192634076
0.16959104634747277
0.2036635346677808
0.20108674024847226
0.16122559187970636
0.2542262182497355
0.1920349082919273
0.20965521448653743
0.20423105821944593
0.18283670937243374
0.1978763339430736
0.17158215561100437
0.19192424946293332
0.22942376718532667
0.22023714197256403
0.19324457866743833
0.21945099854682942
0.19137075151087526
0.23910905676879946
0.1994810201091446
0.17716154758024466
0.17769273654950046
0.1697235674459233
0.15486781836475436
0.16885596991875695
0.1966159977839381
0.16894918521030705
0.11081056728652634
0.16645992279076957
0.14751277518031355
0.22671591537587718
0.19785654991603285
0.18026644516554036
0.17488457271624602
0.21953499043309205
0.21069690470388752
0.18082969469734123
0.2127859922712767
0.19636055177298312
0.19345631580173014
0.18230441446512408
0.17595600909226
0.23913772177545684
0.21437861763741575
0.16510344054004034
0.19871363671095635
0.24063394819273265
0.20116110316239794
0.20165246957166622
0.1792774220434778
