1.2806940303713614
1.379793844264175
1.1940874555926837
1.0278001143378834
1.114853665310624
0.9619959208995305
0.9884719541335916
0.7529189797649662
1.0816068691268186
0.7492444668640869
0.8132302195881496
0.7747066907203678
0.7555662082808803
0.729355054062802
0.609602836324356
0.6606404025217228
0.7004436946833639
0.8524230188858409
0.6532712145410629
0.6142856906990966
0.6104485514677179
0.6136665451929385
0.6259080656059303
0.8798032372103007
0.602534711005897
0.6213521063839108
0.4705061190740906
0.4979031680434961
0.3890521397374312
0.5057714397197561
0.37667235169707325
0.5788185888077548
0.4796427515120156
0.5360355118924214
0.3766730323847295
0.5771908748280506
0.3806342370820815
0.44219866929655866
0.544648317024001
0.47481446277838407
0.4146760700481605
0.34909614211481654
0.37559876732883357
0.419574349288358
0.46129267195640866
0.3197974056830908
0.31531558085316747
0.5026979353405092
0.2702753894391684
0.36298332444282055
0.19909505068460512
0.31041711948516976
0.30719908694739495
0.26788943002203014
0.3390393905478537
0.23638430519419457
0.2590493826039385
0.11730174021931095
0.21703720383972652
0.17405292956340346
0.35516847849142996
0.2582787945021715
0.25434468393033977
0.219876070923611
0.15120866223423451
0.2800712281044018
0.18076525683878947
0.23132890725335092
0.23144917040314555
0.28253039483102044
0.11419323329565886
0.19317696213073673
0.23277848141493546
0.1702481800071323
0.2029138208130843
0.15269198181309063
0.24047360346859564
0.19714717572174487
0.10172960872051426
0.1439024482113904
0.14366305499242077
0.12447457008690051
0.18226702968512437
0.11606296659200802
0.17021164603090877
0.13181844649356061
0.12398956266568546
0.07061673110374714
0.1069715618477927
0.15265377387690973
0.09521723625614577
0.10974035596532658
0.11985289485131431
0.09973143738697915
0.11195180764720827
0.12048451863889553
0.12359548308455917
0.07748086658123539
0.08919911407447463
0.0953027563474544
0.08734635636919798
0.13111764528881292
0.1107601289874854
0.0863991388534192
0.06795202850265546
0.11565879364950175
0.0519052676596712
0.09679357037469795
0.07159664180482453
0.05921935165407115
0.1372741100297718
0.09569618380672357
0.0983374946850519
0.07986797566818855
0.09920422346294162
0.07179319221360836
0.12159158627244429
0.10699076350150676
0.06875085041283592
0.05024836132751448
0.1406741561795874
0.08527749928394507
0.0956294516424071
0.08247168654390949
0.08961787828693712
0.04188081805441195
0.06806349995998096
0.05476354763118037
0.06349255582437534
0.11878819045773212
0.08759408834167133
0.09907807327807656
0.11239354306092979
0.10338906935782374
0.07636782877940447
0.0658270661436946
0.11103655818722513
0.10680115983314484
0.06396391481436257
0.08235555196965497
0.08916397491944139
0.10500251154879994
0.05864898782496777
0.07340527419405514
0.07594374836534878
0.0548662423715783
0.08245139337412109
0.06847168011564995
0.04908095420613197
0.08343317522736564
0.07172132297491929
0.052828910068070646
0.06580526123418794
0.043200546870917816
0.07685081415992276
0.0655031013106546
0.054449245795119415
0.04660134287379888
0.051914189800909984
0.052190794925286846
0.06820380481440005
0.06109252981386001
0.044410793498378884
0.057103304504979614
0.06948075575220833
0.04804871941026415
0.05778012812326535
0.046099334709582586
0.04918051643668259
0.056602985732788345
0.03482254019439465
0.0428991120099229
0.05056418662196614
0.05177016890803406
0.06056004632722077
0.047607236486777824
0.05989393562061007
0.04037009918279072
0.05221402725730269
0.06910142670021427
0.045670150449911504
0.04752530952543703
0.03900479604111235
0.03318569773443538
0.02649922627244744
0.025760643580315778
0.04000840062329665
0.045048878986171395
0.05292925749990547
0.03492654782085745
0.041256683155506624
0.02908367527817036
0.056461973897373396
0.0455873884530566
0.04776864864593566
0.034881754759890124
0.03758048212780003
0.05097514642786751
0.04791373107086093
0.03368729900675117
0.028071989881683974
0.05523252640082125
0.03620467623176652
0.04620069346193035
0.04348699710741689
0.0317005938488467
0.05290660299847113
0.026886894007474217
0.03942426082788325
0.058606414915466885
0.03656636629632538
0.035025711882678584
0.027537815230906426
0.043926703319991454
0.036930633728907473
0.030724066174222037
0.03701243824628577
0.030396022771542585
0.03941475748963813
0.017544047871962353
0.046375015582609626
0.04018957016555468
0.0336499440494057
0.0378858567401888
0.03772406194035412
0.041551680044288754
0.04224598247368975
0.0491365583210244
0.037459434749318614
0.032903422500310774
0.042819236223963206
0.02557007794931459
0.03192758498894437
0.018153897284037233
0.037344281438708785
0.029155381890979
0.03497183020205934
0.021806881325959832
0.025333678918660986
0.03620223668857174
0.036481193254407414
0.020137768056440148
0.044023566860617085
0.04368995962476095
0.026575101007795282
0.037417375838334474
0.03231837543808532
0.04661761861833458
0.025388226756850076
0.021565127248621897
0.0437310977971337
0.029158879617563815
0.025393388304782556
0.022909360968939134
0.023999308092059014
0.032716878070139496
0.028352964928527024
0.02360922782413605
0.021038602487980486
0.03145558529569074
0.029005368483008664
0.02763554618041352
