0.41288692646774267
0.26670763397996344
0.3510107264186523
0.3006688860081875
0.21368991464046866
0.2728692655146551
0.18343458978080754
0.19684291347742552
0.16098637637164645
0.138034106732117
0.10701133651159864
0.1292110068716795
0.2046632984291489
0.11039215588106457
0.06164596513862336
0.06292502996502945
0.18988151931298036
0.10288347447119292
0.084521680506474
0.12316365254343056
0.07273939804472947
0.10079012116005744
0.09305646418617017
0.08893238795669844
0.08363235407835873
0.1098226266026245
0.058479678466979976
0.06195328300893323
0.09062036605785351
0.09554226396318086
0.08385957909036619
0.07972096133421944
0.056786643771629876
0.07314253224913955
0.046652536014317424
0.04196052803721471
0.09615356939330126
0.09132569470046577
0.08142693761395718
0.05805058056539053
0.059688922104246
0.06095067114259449
0.0717655877734458
0.13028881065748918
0.10471887038195235
0.0608010167245152
0.08799213463216234
0.12576872134589848
0.0638755682329321
0.11214670887524107
0.041174874326262344
0.07520989763977212
0.06621070891453996
0.06818957146938145
0.07727608238401047
0.07688132944061978
0.0690505159438453
0.06228581772230625
0.06201129191116138
0.07724960985999192
0.08635333386550373
0.07112447043010323
0.07027384151046076
0.03723963287676156
0.03559588836090598
0.04929631138011132
0.09869155883294695
0.07352857520679665
0.023130101071283774
0.05536891703655755
0.04192124643322131
0.06521574741039132
0.0374260750383911
0.03752319970247072
0.037937532275977896
0.05052526124525229
0.05566828566513551
0.045124759745885396
0.04740287980631848
0.0536431220959571
0.055943246813900484
0.0575097648606868
0.03960875673492182
0.06573695439382218
0.06721513572528166
0.043062986226421456
0.0617500250137192
0.04932585860745064
0.06622140660215407
0.05071128240251682
0.06304271350862792
0.06655926512737323
0.03055796302356185
0.05763873909151755
0.03871625125777427
0.05508559187561731
0.015596146340808447
0.0283142139596221
0.04232545358293691
0.03329794427311853
0.07009795592341447
0.06665725120413697
0.051377952174514116
0.05356225857432208
0.034905954221866584
0.02877804089311667
0.0215240388933762
0.030661312081709864
0.03557489053285792
0.036562336548559525
0.08647966652124978
0.06524369255223036
0.08195464405506814
0.048966417003586574
0.019165116623491085
0.0578943884406948
0.028713491764133892
0.05941177077091566
0.05346288959089877
0.024429245899931118
0.030093197154477308
0.039542434301008594
0.06413355570949775
0.030519612737663515
0.0620717665259076
0.045715777130228334
0.04841587550904705
0.05548732887107347
0.05250151758779509
0.03438547401551347
0.04114153748287321
0.011321917796175286
0.03675745937025027
0.02910286014131714
0.03810386447184242
0.03961695218811712
0.042846809399284216
0.02869327369223129
0.03630454640679773
0.03966807824888009
0.060699175148864415
0.06994298061415125
0.06642792267233376
0.050580408724788986
0.056036029488308256
0.03479346652990074
0.043925353749200154
0.023059293427999707
0.06087474293144026
0.028069533658970157
0.06897900275493271
0.04056288230900705
0.045573906820793014
0.08231170697087295
0.040730471049176334
0.035392488890425684
0.046301444009954756
0.04211912542998207
0.01525707281988126
0.02962683122187116
0.04300124216471317
0.058819646341832496
0.05491107995582767
0.04309023463199026
0.03812137211327751
0.0498093219573316
0.04033034674511768
0.023062693309565247
0.021014873566743406
0.05877052640339329
0.030785536235450488
0.04743095060820166
0.03782476278187602
0.02222738846632723
0.047288004497905836
0.02583351948145804
0.031045518729468702
0.04120057416300256
0.044176440320795506
0.05268512736646684
0.02893771629692793
0.0387372792696354
0.044415091022482894
0.043656733078832416
0.0408126597598212
0.03907663606378421
0.051920111858586325
0.01193609525663419
0.04205613992931773
0.03800862060001449
0.02619832489543114
0.045156310861753465
0.04535704985044674
0.07438575771222417
0.03693707544237328
0.036954736750990806
0.043431676822039834
0.026790376589830488
0.045961999864637594
0.02204208083261619
0.048999610897826854
0.023355371752003293
0.046171463620162286
0.008081895749595844
0.0515374865858695
0.04006416696526856
0.024961316906210698
0.02576505142088196
0.046275482563218444
0.0358336046061541
0.03956919066709361
0.02641293327634145
0.05520772414200564
0.028869521918132645
0.029222487317119607
0.034807549592394196
0.02498607760034816
0.01870469263799464
0.021719779723661077
0.03873700486587055
0.030894507348717747
0.049076798800692524
0.029975924966258845
0.035404972673265644
0.008976536140402088
0.04162245197553066
0.055464034051163645
0.04034580422175864
0.057096987078365094
0.020563605538727357
0.031158130219842522
0.026133004689217216
0.028525856788432696
0.025756661657946368
0.053869855035551376
0.022838864354667122
0.04216519464574291
0.03407047948671106
0.029287242997845343
0.029218227418670743
0.022987157530245522
0.048233054050056276
0.03613180970786061
0.04496057717102346
0.025606463386665147
0.0238477942891285
0.02902117013603331
0.018341760195291604
0.031101759024112136
0.06236748250271333
0.0327325324087964
0.03252919622915159
0.025750168633869634
0.02138168471113772
0.04443733713366157
0.031350803315331466
0.034499442118358134
0.03275903491112843
0.025738303057349442
0.03325419442990949
0.02639345509437959
0.03011586518118306
0.046184369656984636
0.017912144108178436
0.012070295933156954
0.046329071235448965
0.019914013729826683
0.039265567245702473
0.029193019546100197
0.033752744909721036
0.02190783730353175
0.01273028132781633
0.03021828072527597
0.04479473823502389
0.02504217616906416
0.035700416893230336
0.018159941076667963
0.029000092216359796
0.05328720196093258
0.02619194360588097
0.04525111275935671
0.02852162140072522
0.04319458201173064
0.0285453310618587
0.026515311434544768
0.04504598219322588
0.014908424175714002
0.010369304847896998
0.02872039511878711
0.05921779372732999
0.03784843409870746
0.041226066809624914
0.031596586794391326
0.02544813439280027
0.036472924508076404
0.01887844601937882
0.01637622591545721
0.032158552717247775
0.055942458816854446
0.013682245657120118
0.03717680587710604
0.052248237038926816
0.04183799634378346
0.030328616973196748
0.03520041573321577
0.037646870855700454
0.020087706874879385
0.04383027023282352
0.03073024200422622
0.027861767823935103
0.03421927723377223
0.024829421714283338
0.04293323209861853
0.03394430179378219
0.023188470667629843
0.029684566810777253
0.03395504564481912
0.031795811834695945
0.007782155662802381
0.03323919400535856
0.03715299507720345
0.025403287747047764
0.034761126765654
0.024221785112935944
0.016466323685024733
0.03453506981523218
0.02732075381275805
0.04704724023459079
0.03671740246211029
0.024799115068234977
0.01658598414244381
0.019125299990323585
0.021210065574665145
0.04425753448450082
0.01539540976256049
0.040947130848299755
0.0368369574238966
0.021884191141067502
0.05258867949969329
0.024363641956251174
0.035234038140293085
0.02181881077583668
0.0074200232092977115
0.020758101136482875
0.036682533337232856
0.025533354687108413
0.04264424976495719
0.03385180579026582
0.026487695798857375
0.015667181257989
0.03831683725666352
0.021793183366847584
0.019565535395895915
0.037486834063869455
0.03568813944909636
0.012776853435936458
0.015861405950080752
0.0276932437257733
0.029029945337375122
0.03886632894360759
0.011295144569705541
0.026937072029539884
0.024578890385816125
0.03570899354106374
0.036474044197363754
0.028254672886089897
0.04136499508783828
0.034396528102545995
0.035506797249685744
0.022597747991877956
0.030478800510288402
0.026627082327698587
0.033369707387335405
0.009678054052625241
0.01830717012001884
0.016086282017585347
0.024139688173020202
0.02860440425618179
0.0262967277855293
0.04765425437638896
0.023932779177043246
0.008685185327165642
0.027083808735573877
0.02500766536181473
0.019025648132956548
0.03998836698586018
0.021152524389056564
0.01636545039821755
0.027407487384814
0.03490200185472304
0.01747323292341236
0.025601432891033653
0.03140010419614697
0.020915850660699252
0.01592545851804488
0.02331465589323344
0.030289337746493745
0.02632990849629351
0.03744337390800355
0.03694753586701665
