1.1281323795633695
0.8451562785446368
0.7014815360238628
0.6853659877995768
0.8414985223153723
0.5240102800859312
0.4919906289616591
0.47274400315717646
0.5173573202725579
0.2898877327440916
0.38133496530760647
0.22049072073442452
0.2379640118837783
0.2356327390239512
0.29075720924105375
0.1999244296941617
0.1413298612709652
0.18532190419770517
0.16798868616637824
0.24956445800637392
0.133498353529822
0.16312927005592665
0.3006775062217049
0.11920061275961098
0.17411824875013288
0.20116409398013307
0.15461757229858497
0.119679845981059
0.12391287006522016
0.08788556317122445
0.1290625123349654
0.07850657427716422
0.14240943260033617
0.14689702621145156
0.15414597587348736
0.08446951368877748
0.09844075353802402
0.1058628641689164
0.1275786273577406
0.0736734847984328
0.11097492022225104
0.11542528152626212
0.0730834067691403
0.07988495735724896
0.08820579669058123
0.1271996776152981
0.07286045758063228
0.12610796685889275
0.07776231891450251
0.09620455898326523
0.09291425171316842
0.10089593210241592
0.10144707018957651
0.0937477502803202
0.0978849995046497
0.06808345401542878
0.09339258589963488
0.06764907065217413
0.07192505700890102
0.08241191110992363
0.07613585878336207
0.07140004763661435
0.052224824688212844
0.08028133013148765
0.0681971434116959
0.07214706588803249
0.06439906654162846
0.05696623095654504
0.08181078041636633
0.03602429077909844
0.06717146033306422
0.06626903649991242
0.08822494308576873
0.055949857923335844
0.049331004167355696
0.04381499973824708
0.05781123938351899
0.06218394812034418
0.05356833607903168
0.06540313114842244
0.06299632474666411
0.047836161323921496
0.06823268465124309
0.08198113601074719
0.06523188570779763
0.06602231593819041
0.043681779217584295
0.05082966549490635
0.0492363201160633
0.06758512258767402
0.043642697166042556
0.0392986249013066
0.039300175765609714
0.056764111766520964
0.06344370641036885
0.059235389719161834
0.05229332686719623
0.05191711946743538
0.05475151284561795
0.05140216058572698
0.043907598519958985
0.0525041080220337
0.03127998938674126
0.05400728361492537
0.038713992350785466
0.04811762092752578
0.06015028794287919
0.025467207620763467
0.0464888997359078
0.030604380898335948
0.05075304214769507
0.02791565413037052
0.043700141226476634
0.04799003079880181
0.06383347313554019
0.037710660925559476
0.0340983935078919
0.03945313273023956
0.042168045727301505
0.037853938613812296
0.03732364909752131
0.03739123717004952
0.038115066646899426
0.03500718667510254
0.030518153718640927
0.02988525610028931
0.03865647018240661
0.04167705865171974
0.03525838379333647
0.0427871969528489
0.05339202826249462
0.028413903999911193
0.03266879384440717
0.033944063419105976
0.031202541279527395
0.037131575940971065
0.03218541147079599
0.0330185005044365
0.02370413947704739
0.03886618722568044
0.0207099742352279
0.04174089360414267
0.02713815521255622
0.04360850485502068
0.0426218978331168
0.03918091302525857
0.04162587667184129
0.03327853351258433
0.031010822058145766
0.034103135531071326
0.03712929975144375
0.03662850538407187
0.042347827163030025
0.026247247032035383
0.034166280600138696
0.025596118061828432
0.026206607081824103
0.02705213854829818
0.03227088488354276
0.03366538368074606
0.030098299173113185
0.037612190825413894
0.0322883973778485
0.03188405877178668
0.03682857556508688
0.03829948594521236
0.045801440738957554
0.03117451368268769
0.03475984214611931
0.03171185452133296
0.032243931470610464
0.050431493474065045
0.026705826981057168
0.02310829913050579
0.02837945141942948
0.03271466624001606
0.0334830742862796
0.023541860916104156
0.02715731575497433
0.018977363399751073
0.0267760617898129
0.01754770225824403
0.021006993439791146
0.03444549888812443
0.017922552959218095
0.01727028484858678
0.02415054967608699
0.025169990877168917
0.03399307633319997
0.028577611824425826
0.026140620457471054
0.038280802699202685
0.034193249509250664
0.02127182747598824
0.03059089820337319
0.026459927215787105
0.02578793795718661
0.020484869805022836
0.02935671513289833
0.01683837657283272
0.024366217126718402
0.027560936380064165
0.025206944427329042
0.022277570956593447
0.016753883466812045
0.033415531316066324
0.014469495301056947
0.021410479463787636
0.030632164724411444
0.03515758776404784
0.02050205889046913
0.021112932272379245
0.03401688209711522
0.032761405404318295
0.014690342189708628
0.027915061170707654
0.03358510277074871
0.03190830165087379
0.03137982379357723
0.02653001308922709
0.02399353279623972
0.018424989226068354
0.035229148784785135
0.020853975474608672
0.022422447013370653
0.04507264878828584
0.027832370205252543
0.03107177715891211
0.03755863365038487
0.026241600231881924
0.025949046179312485
0.018747489050163553
0.02003860321243076
0.017716781910080782
0.02319654747704384
0.023965220329411337
0.018922469296830995
0.014489581358214567
0.02576223036933887
0.039236351048385305
0.029485187401745126
0.0234299596295454
0.014781239593358513
0.01880742916917493
0.022910444655835745
0.016067090330463243
0.027395889095082955
0.024330282511902366
0.01888323637892925
0.025738303377014594
0.025682938434084035
0.026115555776658944
0.018062241894820537
0.021663174224530835
0.024340511993149554
0.016375223970759124
0.032598397377006615
0.02909362300180405
0.01695387115561995
0.025470658037705284
0.020746883946034026
0.03517826947578084
0.020431297424627282
0.024153255389262246
0.02691673692973649
0.030060462343116677
0.020651327721875924
0.025312842360942424
0.02745284755471905
0.02109818686449807
0.030832379316627044
0.035443294008560514
0.034512940880759777
0.02119442624056728
0.019196792519511754
0.021246924956940277
0.03073805140078803
0.024081335215846433
0.027178266516093313
0.020959785047115397
0.01375460893082848
0.013202725727917416
0.01773949379033084
0.022873401102207237
0.030934216971096995
0.02138262760760262
0.025225383797725615
0.0271233308875913
0.02501231932371855
0.022851594145258967
0.032169589420003225
0.01890192814549199
0.00862307258036133
0.028169065480418094
0.019800305547798165
0.0157196610525202
0.017904761991515156
0.02343720802980554
0.015163318178686564
0.015824064939139938
0.0246685903337469
0.015817511357387796
0.018533709165203437
0.015650959270248146
0.019814950268095467
0.019138132089853228
0.015116706875795907
0.01758737297506414
0.020568712166381283
0.0121020731302449
0.00931602429365437
0.014766084562954066
0.028043889915649017
0.03422336528121396
0.016817168807313522
0.022978133283522013
0.023521537624202955
0.02083053758810497
0.016502635716922003
0.0209983450186275
0.01442794393550979
0.04576426074826702
0.024664334360956185
0.020887820500894248
0.020039424462265226
0.01622954425324294
0.011634646900290323
0.020263643986344438
0.02293147944936485
0.01900754658519409
0.010529880426472436
0.010136937756495028
0.025520539100560187
0.009902210715425292
0.02820492087088731
0.02387603141182449
0.01657384766358564
0.022655237966944602
0.013153435917200714
0.021430296314910224
0.016141663108173165
0.01481311933122525
0.019207585114488616
0.01700839212534129
0.019552411141538755
0.03230093162762242
0.011078883559538405
0.018590447737110792
0.014500341533985477
0.018749871945488543
0.009701303104711961
0.018529163733142614
0.023275183219969707
0.014831935011213798
0.013957473989878604
0.01064254490248736
0.01652854893075665
0.021992153737017815
0.02142939664944433
0.010655199279088878
0.02079469866557724
0.01574761605401385
0.011355445281608392
0.018360855152826164
0.00921294261395617
0.013721943642513588
0.014470802880761385
0.015240765941877113
0.01642807051152654
0.01990160457400827
0.008902319446991446
0.022294026556327857
0.017747893267945014
0.024441587779558446
0.016024234757177246
0.01295527442505209
0.020647415287396165
0.01784218342784657
0.014265902241005976
0.011407364851224868
0.02785005617494382
0.013852586508648995
0.014122633865499746
0.016647149287911663
0.011300167623618119
0.02278450941503503
0.01709895307040238
0.01214826466334518
0.011448835581142684
0.018986788776001087
0.011265324843028357
0.013217687645395864
0.011954106432306464
0.02787408577511538
0.0235481717148937
0.012970265799464711
0.021210753361530617
0.01707459146329088
0.019203638598687005
0.021780986388128677
