1.1269796605184772
0.9258823845219155
0.9703135846889775
0.8627981899414244
0.7851261649414829
0.9018484135743059
0.7430881016468847
0.6747958714141997
0.7477853312969029
0.6380647104213875
0.6266665903776493
0.5654362606320487
0.6014897860419754
0.7716053322081347
0.6698071650809917
0.5334746955848249
0.5429137453152982
0.43812894652419293
0.5636538318557252
0.6415610809400917
0.6058666973775121
0.5871772356904803
0.5755419038749533
0.46024352471176133
0.4616330770171924
0.5367162389331753
0.5434461598266267
0.4677312010922023
0.46229025948213903
0.5149110279574288
0.44949780796117816
0.4894262976909999
0.5534196065767112
0.5311302386566062
0.4595154958114803
0.46092205258459645
0.39101245193998013
0.5223945052005703
0.38416709577754576
0.5087059318295074
0.49536217936261656
0.39787113986661254
0.4185033387179361
0.4449341344626222
0.4519028561033472
0.4092637528386692
0.41050598915891456
0.4196481505941156
0.42295722822699994
0.3977510907261903
0.3328231371845652
0.39243599715439503
0.4267271927649651
0.4458407317232355
0.3754414626571445
0.3746336717066543
0.36212241858855754
0.38310715649667676
0.37626028991749816
0.32839797698666345
0.36264567259699343
0.4214467060259368
0.3836543579936528
0.31052226978469527
0.4661044621553982
0.42643895311802266
0.27826146738283614
0.30731043147078674
0.4422710905205043
0.4432570848612392
0.38639084003476465
0.31441043548086717
0.26811950243039295
0.32234469280889433
0.4328048066694065
0.31642493491872103
0.3575775364123934
0.37603803937018765
0.3486180964399407
0.30076305531156233
0.3364608432938562
0.2994637996128092
0.29312642014188367
0.35349768595438624
0.42548655355452086
0.34518655360975464
0.36012359023229745
0.3417698993718515
0.2781524179824662
0.3414530974442714
0.2629845821571676
0.30758551486161345
0.29547385694940376
0.3182785710021321
0.25005547832233493
0.26176209598403405
0.29217168249757863
0.2481395325446088
0.3622969129393895
0.2552134938719038
0.29814476547516405
0.3449565230523098
0.23088440471620938
0.21888873486455057
0.30093378150341643
0.2807995951225731
0.21996485543083155
0.2624565762145952
0.294141721216424
0.25657799400925707
0.24254348551970045
0.3359154580124445
0.26753517722323583
0.25801956367298506
0.26879484277136256
0.2705662697651495
0.2439275314016097
0.2942385649382766
0.2993362634780836
0.290653067631551
0.29717259057678513
0.26547580789663666
0.2717596305675814
0.361866292302213
0.2701754178848584
0.26339356428138494
0.31772368935185236
0.25729990003733816
0.3064859438148851
0.2330971984751166
0.3179414378132405
0.22333085535165348
0.25405322675840125
0.249268493589951
0.2122242740200401
0.2712901990538342
0.298809656179996
0.25272127945958645
0.2237031275233894
0.24614470849772757
0.2374537187253985
0.24009889100722898
0.24707200161561188
0.21850819057359674
0.2502221058756449
0.2510426734685486
0.3079620378046633
0.22194725069636742
0.2625923247976688
0.2697227227106186
0.21298317015826512
0.28802829482211695
0.23147119563983698
0.20605594710950967
0.22438841017160352
0.21661795312757462
0.2139012524226825
0.2512495580809308
0.21649395454589504
0.2803698123451006
0.21502849100396268
0.22422549632270322
0.1999772124794657
0.196873421195615
0.19704697352560427
0.19978938909200036
0.22938410893561065
0.23801728998537564
0.2602707868100798
0.17078248862357542
0.2275281312301997
0.24890172545833544
0.260394997101429
0.1422802914816931
0.19851314567119
0.1794566966640637
0.19478258723471525
0.26174292442997626
0.21301623026534422
0.2206278185907057
0.25400049480933984
0.21589575482118284
0.2179623698523307
0.15753873907894791
0.18113893991286098
0.23213584755732136
0.16974962882158737
0.23458362500212487
0.1603666985162388
0.19105477178059976
0.1951706581211552
0.1857168789544072
0.12980405975172013
0.2223228875773124
0.1971994774341008
0.26603126384744025
0.18059452957440367
0.19468638644159725
0.20318816895541064
0.22445214931396448
0.22673007162937245
0.2455942167016306
0.22681587199612468
0.19744674770913256
0.21962619252249777
0.24592723522392626
0.20741580229294362
0.16224718345029082
0.23725428658859324
0.1272232221649934
0.22735703003424218
0.1788300995958234
0.16914339919216517
0.1986451624415784
0.13744416736113316
0.15507854546824493
0.16905388857769704
0.236174440464021
0.24978082937585877
0.19799660951129197
0.22071180541491087
0.1682352973902547
0.18675071011113542
0.1508872085083538
0.13435378211214694
0.21460347877483305
0.1702967163684403
0.2217996865543863
0.16055406616192108
0.17399979911237598
0.14357467064723334
0.16003666263995936
0.18061339304138785
0.16231247049197425
0.14281547924848376
0.1525303252798264
0.12311885570942227
0.2227041906361547
0.18126385757281893
0.1973210481388913
0.14980805622299456
0.20432054193539145
0.18806428829439087
0.16501778462921673
0.19852791771154926
0.14128438865101686
0.1516748881978815
0.19766432544955242
0.19332452392847155
0.16424078912875031
0.2143584641820367
0.13312108322048505
0.14456731030139108
0.24374866160698158
0.13332177920221705
0.1353117892986274
0.17506929971313773
0.16582357915530863
0.15899373097138242
0.21878172344545482
0.1640994517907836
0.1541718297402782
0.19531354124224573
0.16345182825553592
0.15308623111733236
0.16080303997959486
0.22499040225316058
0.18814532642768683
0.18686208725984707
0.1442635051215027
0.1791416716012118
0.17227429287996415
0.14149905248243605
0.12166251771701295
0.15169872227380451
0.16438895578308868
0.13383589852450975
0.18913378965926403
0.1917950703319485
0.16736646991479015
0.12614845240024214
0.22873859116595313
0.21764204742576432
0.1580703953475401
0.1825066890185337
0.1720306941058631
0.1362286862144839
0.14320285452391718
0.18867867073479214
0.1624175845114903
0.14385149741020145
0.137179453755506
0.16692551584865767
0.1777948122127735
0.1515542401801592
0.14127244246740847
0.12157803211002027
0.16098425269800398
0.15639098974217064
0.14718819040277534
0.17474161934316
0.1482666827629457
0.16363202832896026
0.16953095676890978
0.16287878121015803
0.1392220228255413
0.19702470727862803
0.2047817363851117
0.16519413331321048
0.151506909813521
0.1174346106062319
0.16757743463410277
0.15728005824860755
0.13821139404023694
0.17319447192998744
0.17616275274522294
0.14776544376365824
0.1336387804771439
0.15209977465605326
0.1367127429560161
0.12133879661094737
0.1342394733770857
0.1697635692617302
0.16832688105812504
0.18884554986072727
0.13422622190707717
0.16226436795824528
0.12561744764335928
0.142206533030787
0.14332641316875808
0.15428796468143788
0.15148478651632952
0.18033346890250485
0.17204325966461484
0.16928052976443544
0.15823282599914007
0.14350631702860842
0.1269492120635438
0.13693141364558675
0.11818012926018233
0.16494668608500715
0.14613514371006492
0.12425123553027217
0.11501605842345024
0.1349885686182987
0.13905008667167595
0.14502248291790998
0.14915995529645917
0.13402040991285327
0.18587260526768343
0.12778768879612107
0.11883511646777703
0.1475911013826421
0.1595190587722026
0.1290808936708946
0.11578306045523439
0.11293485961032404
0.16878448029184584
0.1235501000785848
0.12271679572251903
0.16217381403181969
0.12069137956436829
0.144790790862359
0.15940821509483066
0.09974977923268966
0.17938420555385207
0.17393961323139456
0.18000214442712364
0.15551080050565724
0.13720770139808708
0.1531572188382342
0.13026145241900583
0.14945434396155471
0.1279087880918912
0.18169221094823948
0.12027774735371244
0.12035195089810949
0.14788352350456915
0.10680985665411635
0.09205779038170034
0.13184774335946473
0.11737681222104994
0.14681911400599096
0.13575096712042484
0.13654512582104242
0.16739424865555674
0.1521326932575607
0.1161016158489099
0.13898656414966054
0.15649266254760183
0.10214584797055185
0.10761733390553466
0.14479326457025415
0.14470943698573344
0.1563239368868373
0.11644042060813517
0.10362234305718862
0.1302435241896178
0.12114286875888876
0.1484982834537455
