1.2404617755906826
1.0184591253871385
1.0042898352113059
0.9683388516124811
0.9204115265856754
0.9040206744712249
0.7835236512803795
0.809984458981222
0.9253840368526529
0.9499223378553434
0.6365577399703767
0.7692852098477114
0.6218456176525876
0.7730269797038566
0.7457699386355566
0.6445859541559653
0.43577124478635476
0.5210003262108913
0.4817544601605161
0.5590501534314682
0.5597418196926397
0.4453701751149718
0.4433628185979561
0.38289427164681555
0.49206845267411153
0.5885679743247942
0.4640946018347417
0.3536484887412401
0.28813221103822334
0.45175235960414517
0.24576954020444494
0.3679693653773509
0.30913723077798666
0.5315826552251732
0.40739186388237075
0.19960429246063605
0.24004975364858477
0.30602280923152864
0.18527853279327905
0.22819463025029413
0.2471208839878098
0.21874432910632718
0.24885249996645747
0.25636389309306024
0.14602307473331788
0.26870213450581737
0.3715012478768096
0.26718935464137633
0.18766383186487398
0.17932732191941067
0.2689801725444686
0.23013003707510643
0.2574879889700611
0.10938352678180441
0.13645285980738203
0.1570052005876245
0.15571149964471498
0.17657392075122247
0.13280308844518787
0.12980153537334985
0.16158907146858154
0.13955896787759386
0.1170642253126744
0.14990831573370006
0.11995392388295514
0.11889651315743222
0.12837665703369816
0.11365930202122594
0.08010795482217134
0.07446720583705427
0.11658766572501773
0.12103829554335555
0.08879986801943837
0.0780437185395602
0.110900611065836
0.0851236421854126
0.11030221557609862
0.09302138643471618
0.11488890527231747
0.0952200169665698
0.07511572884110819
0.10811268240309486
0.10031917591767618
0.0751431117955819
0.10541575487917051
0.06490907458802986
0.08419828945904413
0.06852024760825148
0.060292938606504955
0.07649870112719098
0.06630098274086124
0.08240975503984269
0.04800367595338642
0.0736141631463764
0.08466879613349992
0.11315609311724051
0.05837481949335717
0.06260370725514011
0.0554908381085321
0.06654153168007748
0.06592612192592334
0.06507630721136445
0.08076245087084177
0.0802695286175921
0.061275856659440645
0.05810536754999977
0.07265055608167877
0.06556841256991015
0.05704117726218866
0.041401784409643275
0.06925088918673294
0.037692287989906495
0.051456124970919656
0.05366782114658164
0.04815235997536911
0.06464299631620603
0.058446631325636676
0.06744568800514439
0.03287074266265165
0.06393733184507519
0.05969003033006676
0.04629858973404577
0.07856207544366886
0.05219508880976063
0.03946745341485663
0.05080930469908409
0.05747769900383526
0.04544773900860292
0.048027840339333806
0.03766968334373712
0.04502536246619027
0.03724315644977523
0.055354440290328835
0.037768609160871484
0.0492611955563586
0.050071953140490386
0.04671523329104745
0.05023506858244312
0.046813371118767
0.030733338962903912
0.04029712217507979
0.04464593048021851
0.04159324595757646
0.04502298879513962
0.039765928027143946
0.03550166690085711
0.04578742644751377
0.06282383705755537
0.026842667470517
0.045648490682700986
0.035230198955440904
0.05632314570110457
0.04672550263257613
0.03535225931835021
0.030396269899470845
0.03137639393229867
0.05801951251209135
0.04764370425609038
0.04874255162263956
0.030947743579630965
0.0381332252132292
0.036156212630247896
0.0342137549819731
0.031239473445918785
0.028891458965369005
0.030127864164124312
0.03268262534956704
0.026753756766366765
0.029617708671522885
0.03148811918468789
0.02371390192374513
0.030719962935229012
0.04785501883429845
0.02577666357959648
0.039999323441753006
0.03536248524851705
0.02680872778802073
0.035865181290335245
0.03543590495378483
0.03727981568616769
0.03965557357479789
0.03905518396564929
0.023907981199179456
0.033490459108257466
0.025792333192816506
0.03230139154593442
0.026432947088911984
0.03803486303629144
0.03725110668094613
0.031345542845131184
0.030264436685488845
0.02427557782923509
0.02905363548565424
0.03468187894138564
0.040512833446805716
0.02566231040255771
0.04128565680481654
0.03909783831787946
0.03291005653188119
0.02813910877096658
0.025804594848433532
0.023280896529195058
0.03387714839590785
0.028503473480967167
0.032364382758544905
0.023696616635198044
0.041310762670530306
0.03456639765001694
0.021239827129889914
0.026735753527551576
0.015410468414973271
0.030009672509455763
0.03267959471943947
0.034589666608773155
0.023131127828008434
0.03547592222070785
0.03648647078436673
0.03943521697580955
0.03511838096711298
0.02492242037021602
0.031503722876927875
0.035807890517698726
0.033937513271383855
0.027329641435490444
0.029414462984919825
0.02131717739928401
0.03397203166982968
0.0205443784925561
0.02357597945779908
0.025793456407104908
0.03145924457261847
0.028287307854402165
0.031036868796515082
0.023199523510514346
0.03695439301602935
0.030236367154900058
0.02116714008423013
0.021777459065957596
0.0304111793312093
0.028024213891354434
0.026711470338027565
0.02738317550725277
0.028339459643681432
0.030215887670957238
0.029323195686335762
0.026697115470938226
0.018712448152541902
0.02136049672650313
0.023540397323753275
0.029930142981522856
0.03782783540439988
0.022987383970806314
0.013956466482116367
0.030190307624564976
0.02137100664366354
0.023839445539342793
0.036523704676435266
0.02242849208163582
0.03074576429503109
0.01943473030032997
0.019957602167711117
0.030771887006882055
0.01994971870373016
0.027682527918191667
0.034789286892881625
0.02908978316358226
0.02079734372294182
0.033358610767083074
0.02047299562058407
0.03148271648760999
0.03446904580400892
0.01982677054573762
0.026313399137271383
0.032107233684656185
0.021797275261309083
0.027439776269735976
0.02706740023254326
0.022525927377395803
0.020636499272275153
0.02683633186465086
0.027533654465407502
0.018194896426264245
0.028313951414142186
0.02692258782611113
0.019732064356905575
0.028865161307573793
0.02007351912767412
0.029355260812597494
0.02673009577143341
0.02744282236223338
0.02565059579181731
0.027142543730839915
0.033016291549258794
0.02270947639259967
0.02776384670861744
0.02047575413855281
0.03258839032978293
0.0376248889000901
0.024673971748389274
0.027025775576629663
0.03291329332639507
0.0272026362924645
0.027148988910542814
0.03738972498630765
0.01842783990406906
0.01915716119333611
0.02095170335580046
0.02317913300448121
0.017730233356064367
0.02668059073849094
0.034631309131226876
0.027933897099150035
0.030801462358703173
0.021607509372534466
0.03264139961047928
0.024662433120255997
0.024012246026144327
0.03782406990664418
0.02398663713083487
0.03141918060131303
0.020882296968739077
0.03278930178318122
0.025910610460952638
0.026670415062372797
0.029567783299542322
0.026525159680453814
0.023409648530794604
0.026398075625682617
0.023838215315918277
0.019607246564804857
0.02850388791336935
0.02925255462143188
0.030343314303707493
0.026077719392126386
0.028764317823385028
0.030305808147171803
0.0277482521954395
0.02096433388016223
0.025810144819372726
0.04119713932454801
0.04034904562717385
0.030326629564265517
0.01735997035525444
0.02503004284733034
0.018945151134719566
0.0345835874964925
0.025231124077219714
0.01943356930503378
0.030777267832822218
0.03914986818678581
0.031994018880729676
0.02980490184747105
0.03379754153577112
0.02999524462864721
0.030225462988834485
0.029812451449980615
0.022225863492147814
0.03097553975046432
0.01955281682995798
0.028625760281483986
0.02192466389696984
0.028585569080638567
0.03095951757757461
0.04254283153635534
0.02680022222806656
0.023731627475657376
0.02576553054241264
0.028640474167136713
0.02122126063141888
0.023989940179878922
0.01853407957847279
0.02617641558721835
0.027905858186804428
0.03274141352907768
0.025711738764947024
0.025359305828099095
0.020222107174222872
0.028334801171187567
0.02029862749708965
0.022815050679516377
0.024399624993505082
0.03321373640608481
0.01949760124215988
0.025744727677466484
0.019270807173957072
0.030737297996913004
0.027433007475972014
0.02913724476512186
0.03495744147029302
0.018127673280223962
0.02272048373116852
0.025013327771669435
0.021611290816848167
0.02248897225992643
0.029569560736104554
0.029670416979553787
0.029914061760213308
0.022672273962355563
0.026973089974380516
0.014065960000059732
