0.7494432267162389
0.7973911443225478
0.7064338699487166
0.5046691352694319
0.36261050209570744
0.5073322302635703
0.5161829302532316
0.3630829024541737
0.27357331396848067
0.28950004017104913
0.32115083440314546
0.36514199159365707
0.3126646708009976
0.23949884092712118
0.26984399792500774
0.2723674560286634
0.18993954044126224
0.27018974877511787
0.16514099281037384
0.17491070611774123
0.14461773152654153
0.12968934704961305
0.18719961712816668
0.21108392782649155
0.12762568013365547
0.19346353864279792
0.1989537087692687
0.13772966137148054
0.1558320909895446
0.11192860146640768
0.19743647491668934
0.11503555551904991
0.16616117673093767
0.15296122218571018
0.14921797502902706
0.11573395741516394
0.14281422902490992
0.15630704093468667
0.12589504613163802
0.12299933013532131
0.12291548969636745
0.13425447107990698
0.13565249987232736
0.12364967720736042
0.11851441778704046
0.11498464201307972
0.08763660459321487
0.11215070871524013
0.08994856827085916
0.10378447294277726
0.112193302310025
0.13346378015895968
0.12623167293035642
0.08385532581481228
0.10052999822904445
0.11512011560349181
0.06967087566461605
0.13984094931361757
0.08806761128296048
0.09538983814141709
0.07851213463032883
0.1275265589613485
0.0693921921652161
0.10937802835415067
0.11622127216446836
0.07170418943384174
0.0812843832217454
0.08431046814412638
0.08946465427631395
0.08304518870750399
0.08188969249366042
0.09553887271006271
0.09145797207247802
0.06971434213361809
0.08496563619906743
0.1183967328448603
0.0739081474133134
0.06152152366147753
0.08197222289951894
0.07437125176680928
0.05083484862673824
0.07992337076947856
0.08427260166012526
0.07985917368896331
0.0852868239078349
0.07504338586588144
0.09848789564291706
0.06467918212387946
0.09136629262452983
0.07600580211358257
0.06519352626424249
0.08260239677329465
0.0570325590275262
0.07404752833107553
0.0746805947734899
0.07804290601123735
0.05675374937888372
0.05303569663167369
0.05139664596805621
0.08542397829806007
0.07060017800310824
0.07910224408703188
0.06534947327572618
0.05395009730374908
0.039538353409301966
0.06662812515944413
0.07454727853047098
0.06320325608208753
0.08148166998645123
0.06953272350111529
0.042299202017454796
0.06107350587835094
0.0655210275489873
0.05571115080043761
0.07619913932229942
0.04926685136586796
0.06651449009860617
0.04763873182403058
0.05948710032878875
0.047994533994592845
0.04847221932528358
0.07056028482655843
0.06828509811178463
0.05850770720872846
0.07313139092444805
0.06806370812958648
0.06641673438164955
0.06520561676500503
0.07291506419263546
0.05800432196804004
0.056840625886325144
0.06037682030451007
0.06638034363441885
0.07049591099222333
0.056165081691406535
0.05391879824679822
0.048730345447849065
0.04889172732360214
0.054473771656076496
0.0428581801780692
0.039999696396696045
0.059526955853451545
0.05233999797487905
0.05067660264319228
0.0311195966877482
0.044417785131158724
0.04705226551211457
0.03645637895480987
0.03838353766432717
0.06064825765360823
0.05148584017385692
0.040820994379389866
0.0533878310125661
0.03518228474508842
0.050076324212719514
0.033254453725795996
0.05305375227807837
0.05405625311090978
0.06467552396166143
0.05253530028018427
0.038505499971232086
0.03490248364703558
0.03852307909058768
0.05807324721818723
0.03740747730012643
0.04081673820414229
0.050258702575054735
0.04008399524420255
0.0527223965003652
0.044463050125001444
0.046085344652653897
0.051721054659205304
0.0277238873761613
0.04272111725178497
0.03300351796536029
0.06624761285209164
0.029679187855551625
0.05209630457452162
0.041957677076300395
0.04817135426058768
0.04016436521440088
0.04561376459629197
0.04812193071952306
0.04392885055776628
0.04518318239395659
0.05421439694025787
0.04608893525987235
0.05454668976642536
0.06337638726576547
0.03299252896451883
0.040135581417413344
0.04967408574315642
0.03637344316661541
0.030713272577395027
0.030010171234400758
0.04138925249362356
0.0418942285236417
0.029887133758435974
0.045389066508841426
0.052584793150909324
0.05051726070029884
0.03516768330872916
0.04404436507170964
0.015084576800241986
0.04508448648063143
0.02860194789608874
0.027075741234840432
0.025949540624698723
0.04818558682722328
0.030032569959732615
0.043266838648923805
0.03988408927254462
0.03927607915783174
0.0412985172823835
0.042438472013655075
0.026703290475473644
0.033009613533683146
0.050926879928294845
0.032133557789406644
0.031951501079689165
0.04216084870921411
0.02580097186576032
0.02609375723130868
0.03313623149948751
0.023514934821253972
0.025962208730564557
0.028562219583501157
0.025840741646073064
0.021329935943586644
0.030763074765205744
0.022401972361073844
0.03250539671231837
0.028274403727005785
0.0349447584304028
0.03720690236690483
0.033449844328694016
0.036867858567815694
0.04050051137480405
0.03915139491169976
0.03331051712053003
0.02979519647032472
0.02523143026372688
0.03865722193251083
0.031433576891240655
0.04930324225865241
0.030267044704049333
0.05112873653932841
0.029982686872356067
0.01803348534838543
0.0313384176699099
0.037668559166278294
0.02869967647060932
0.0313399267462809
0.022301483491561275
0.056475751792060526
0.030343117713512946
0.025928111139044707
0.049634661696305746
0.04284121986385732
0.04814080010418378
0.05190788673595044
0.044516604011710044
0.02312421507340153
0.02626810549145932
0.0307489829229247
0.04020502031190122
0.04072976890983255
0.025463483211636155
0.02721924360637452
0.03336784126565646
0.029349156823689243
0.045120386600299156
0.035299253893969436
0.03461823015898235
0.03085232804788232
0.023158621005210434
0.030206018073114065
0.021840214268674243
0.024911988999368105
0.041800110704864224
0.02810325473345175
0.025885486837173326
0.029816081294416312
0.03763553512975033
0.035508594580241123
0.027436082425200244
0.04066079439966216
0.0268707427495757
0.02116047952534051
0.03686538365306663
0.028105420839368428
0.03197593598774292
0.041267164000245576
0.023801997489213446
0.03461873386017955
0.03168754090318913
0.04017951482806713
0.039173451094253624
0.052957336272365964
0.024320849827208016
0.026542335520130644
0.04168112651831836
0.028636352095867568
0.022031684452662986
0.028867403214577377
0.034356729474507255
0.041840811145406456
0.03222321691302897
0.026005729863421458
0.032780745999084815
0.03766522482103226
0.02459602391521539
0.020244056899234187
0.031952852965733455
0.03552272111538846
0.03591654223808581
0.026952233290888205
0.029029161875982055
0.02884396957958222
0.02492099799054952
0.024153190656902565
0.03631438088998697
0.021940356588959146
0.023747302279099734
0.03519230156864777
0.021320167545240413
0.03275072348602726
0.031025019025323515
0.025776935909849634
0.03109692221862006
0.020499751546328944
0.029271225789835743
0.033455080340159545
0.03956060159674301
0.017225676785559276
0.02961963360830152
0.027008855991047437
0.013552267341984826
0.029496995008858096
0.023149998189304855
0.0237432585267184
0.019830196198937035
0.03557313822940635
0.02817238710874654
0.029516304734518235
0.019341460916636685
0.027109434630540958
0.03137077813126355
0.019654225609122007
0.024844306723677555
0.03273605323065418
0.026538189409438577
0.01627260240183002
0.027678019894649502
0.04673127462033687
0.018034080963422842
0.03543037458565442
0.02381477202996269
0.03174504283845782
0.040060647314818065
0.024953951475601616
0.023018779145968987
0.023525120715384807
0.0230363063081679
0.0225996829373117
0.030451780520500148
0.02626449173497803
0.019094818185749707
0.03583257269312995
0.022053995367190476
0.02731337049345184
0.027358714159779925
0.026363378755913037
0.0323163508918002
0.022283323222624035
0.026676114050872314
0.024183586697594836
0.02453526471550357
0.016454849135936846
0.021849817803322888
0.030560229493806566
0.024747180271925517
0.03342687753296666
0.02994021460599705
0.024419732347379965
0.024779815216338215
0.024856462058618044
0.024982147651166724
0.03876305076660719
0.025960711395082308
0.03042877530324083
0.01982724876579656
0.03509432830803437
0.021439079488740274
0.0387823793887755
0.02812811145403147
0.02746158186880062
0.03136810820048845
0.04090186482851002
0.03727682146400585
