1.2040552069909956
1.0517422319946408
1.0958990289710822
0.9615991278506811
0.9640064751474011
1.111779419205676
0.978857059894897
0.9455618039695919
0.8460157426241892
0.7449881641567012
0.681810552731237
0.7858489632527496
0.7097634066658987
0.8144177236075227
0.6835236897004775
0.71368788468009
0.6081219573775407
0.5793041456227098
0.9160436448788346
0.5509898683440904
0.5896016657546169
0.46601514531082805
0.5178426055648655
0.49098680747639883
0.5732719588891192
0.4955718542332961
0.520557656118098
0.4946175324790998
0.41112530354191756
0.39502123376909676
0.3503230908433683
0.2490124560315347
0.47383927111085605
0.2778094709463065
0.39150473502432726
0.32275710574333194
0.24914291402617894
0.24999504210808196
0.34915138827511394
0.17963403303995742
0.3128032420868633
0.36050114881943307
0.4016643054124569
0.3769012551255524
0.3379195952655909
0.25608534225460755
0.29592447338355704
0.42852191262928896
0.3156063399699137
0.290100561916684
0.2376204199278403
0.23961228796962333
0.24808990356759425
0.17023775171502786
0.22267176510339298
0.25652230753986033
0.14930308908549578
0.18607061945221054
0.21513332584972372
0.15596541945184475
0.19400696118641503
0.0847103661793261
0.19090198432975053
0.28023705897766293
0.10725869512560489
0.18326567621582082
0.10106382282460398
0.12053298257101046
0.1230737857946319
0.1471848749826135
0.10345343086418565
0.12562853726202625
0.10936094963143392
0.12897859348649937
0.11998621762871964
0.16069399667934983
0.10828459258080045
0.1040107466355491
0.0853569479092794
0.09817284777127142
0.09117487466808236
0.08462058924472939
0.09535426529443118
0.05926811257075232
0.09105502126532951
0.05306480158368106
0.06282385225796985
0.0783410759703329
0.06064156402141023
0.08886602272465036
0.08193387447830884
0.0560922750615515
0.06963552037704297
0.07756144591929433
0.09675945176547529
0.07313631896698859
0.062141623495328646
0.048500585902212415
0.060448568452704854
0.05307302542031571
0.05389955037693198
0.06574080870143648
0.05414473899296279
0.04493109680032717
0.049563017038810254
0.07262379459417835
0.0600765467149411
0.05111655442852277
0.05301338043974213
0.04377433956619976
0.041941664480909385
0.05397534370371938
0.054292619219646544
0.044587948228178804
0.043146134469589446
0.048207034517744926
0.045693096546860094
0.05374216317688644
0.05592482974228502
0.046182855387795416
0.058249594560132054
0.03705492431120032
0.04340107917538537
0.04403813688022385
0.0396268013050027
0.049341822713119106
0.05098416782219343
0.03458944241195536
0.05482258052594517
0.052010639321002826
0.0551228560834199
0.0482819565709201
0.05236636493389749
0.04429197904622794
0.04285698268354215
0.044205369947853894
0.037054841797330415
0.04007591968982434
0.04462183900162847
0.04202153686467737
0.04053463395441277
0.045959554780476405
0.039431618249532445
0.03965886386778032
0.042426816404001054
0.05053473435231094
0.044780657671830135
0.04916750497801499
0.04026446559629539
0.054838244271394346
0.04131484263806902
0.04401285700862427
0.03696855984499551
0.038519198814147414
0.03382012896418262
0.02683379030651274
0.035189640552317776
0.03854281962273978
0.05313197092447571
0.03824384251170819
0.03383863300811722
0.03487234865181465
0.04042004239844676
0.040673591313743804
0.035779202377167085
0.02948627344954391
0.03671795405684232
0.03579999312544006
0.034279696316317436
0.04300501072799999
0.036709900766364316
0.03073367819295863
0.024790327489407793
0.029711297202768282
0.03357583014684194
0.036820764808206494
0.04628345203508603
0.04320805206968895
0.034014005494769045
0.035782412573821656
0.036617278654814525
0.041369984375070265
0.041348940684115085
0.03302074993901056
0.03130577656892329
0.036664635785114176
0.03323828178353046
0.03885984576581447
0.03577110139008248
0.03109407465693989
0.027885994519934947
0.0357589842971277
0.03294276690503946
0.043905320021161584
0.03308947791556884
0.03149617227498828
0.027818467610965146
0.03140292219710188
0.03208861989715697
0.022035314003997022
0.04020543988222296
0.027667502736532935
0.03300291423832461
0.03458398206134221
0.02410885623499672
0.0208349066931606
0.04119255193644256
0.04005901289202255
0.027295664400372233
0.03892441762918127
0.0306008672065175
0.02795054354886963
0.030110892623238926
0.03926901061776928
0.033707836260500765
0.02972865262832436
0.03767194000450349
0.027631998978476353
0.02690826596937159
0.02672208707192155
0.031528911835427297
0.041268858760944355
0.025703476769213206
0.022278317636498863
0.028368699665796353
0.02715651340778269
0.04140866716418904
0.02948633193244262
0.033498473833709574
0.020759476570538095
0.028462257690928267
0.035248802111218294
0.025533716072542244
0.02808275474372223
0.03732788288562759
0.028923377204887024
0.035504829901469526
0.01649301398868936
0.025784759841611077
0.03578482810438228
0.039582225873841706
0.02747716939952554
0.02486946474202562
0.030443047012715618
0.0283340697915626
0.03151468437381635
0.026724825568486536
0.02827451894454555
0.02473836211468426
0.029978437036296213
0.029318233662708765
0.023818239324691445
0.03043435225815495
0.03244961580346787
0.023744220892124752
0.03210350327644283
0.02957959614891777
0.030849296548912414
0.033883368281894526
0.024621301700354377
0.03081032369438218
0.023479202162389794
0.026782221495540354
0.023768896859635028
0.029624207628728368
0.027798510341119805
0.023131178065373178
0.025989263326126066
0.02832753938916597
0.028904340025338225
0.03691573710058876
0.02281194038931569
0.031199197188327792
0.020992694835326967
0.02755357412836935
0.026637103782767697
0.02545254145283164
0.029342364528915567
0.036165108399499324
0.02564699346401536
0.024398082613618012
0.019832185615607532
0.03102196437000592
0.022167767962511346
0.02603780379147682
0.03922695065057869
0.02562304299057967
0.0220402548202686
0.026091532839281083
0.028896444480259353
0.023909094092217458
0.04619401092804399
0.028956296478451393
0.03018245437586663
0.021760960879833154
0.01831237611451866
0.029375317825784304
0.03198289162884653
0.024984031223155078
0.026713868463492503
0.032320882963044514
0.028873310198160078
0.028086511473137104
0.022360708012263534
0.0294445168337998
0.03215438681776732
0.026323106273762952
0.019499200293136794
0.029456504941618177
0.02697452862087709
0.021631937272846544
0.022344699585696227
0.022400242717499966
0.023195861651013276
0.022755247450982174
0.031583815067535236
0.021376076921661297
0.02408709608448465
0.03151276890486938
0.026530699296179877
0.023787157864106782
0.02383246087176849
0.020588887117740748
0.023972522752165694
0.021998428271325813
0.021642561384177167
0.02003185533576442
0.018928524099909864
0.022037852799906797
0.03292704871156646
0.02620072157176004
0.037300816488247075
0.028872592344802987
0.018868157363190287
0.0193233307799184
0.035117627844859445
0.018153505883359174
0.02678161867835695
0.027246332636310107
0.01796132898300537
0.024496997883756356
0.025721517303425822
0.022262152937639737
0.023845412199350942
0.020510944929747168
0.022629020997183648
0.03165177016743308
0.024472292885902216
0.023209526897688477
0.029470404340837975
0.012248263389445447
0.017337326941496044
0.02378696331100595
0.02135655726126547
0.0203488344445688
0.02495117601673874
0.026781425709891483
0.026772187508016125
0.03011548657889902
0.021149468426548853
0.016915862164665334
0.018516936216566866
0.025327604337275787
0.02852500829700901
0.024200484363372302
0.026420152708296764
0.02190272721245093
0.019207107213435333
0.027915728004477742
0.023182226463817124
0.029093816417939965
0.020092058620479445
0.02912744959203096
0.017736569861513483
0.02097807842235804
0.024077863204644147
0.02478942612790003
0.029008565007782854
0.03859339865691411
0.029793262624960126
0.018739916408631322
0.025802177284106304
0.03366143559567922
0.027157968713361885
0.024329226944667354
0.015218599331693982
0.018567221082537295
0.02436314121434663
0.028542699733672305
0.02767754338043321
0.021789901908073905
0.023348415736723943
0.023361053413313664
0.020846036288633494
0.01964479669535686
0.016019546991824084
0.022371629337899775
0.027013852330910193
0.018248510811868505
0.01809093507003375
