0.8572509384661743
0.754487797670636
0.8447374085330231
0.66143609715234
0.6284795304954889
0.6835365427765334
0.5774178848175553
0.6570707077065541
0.6123498250803808
0.6567544854279775
0.5152160963519805
0.5206795044411394
0.41691057460360553
0.40672970670772346
0.4546493991923377
0.2923286988928327
0.40004391622742536
0.24721072126529667
0.22232499123064953
0.2353175128138812
0.2272224663663478
0.24953671947125727
0.13089686090693187
0.1639079514757839
0.13202910269530627
0.16314076407790695
0.12997847034153287
0.09673992315141894
0.13385633027428775
0.0956014850821462
0.10312971091970394
0.10791923683338589
0.11847243482663503
0.10372722154168797
0.08286988067342221
0.07643455821603067
0.09114992283476427
0.071975553808847
0.07216756536336227
0.05435145717818148
0.09865232843684354
0.08738734708671834
0.07652217863052405
0.07202849840038071
0.05914645924006819
0.07027718879911442
0.072872600853047
0.0657756876837767
0.0552283956911097
0.05926730167339782
0.06143334687644629
0.0718808483808236
0.06549965013651896
0.05545854950284592
0.059352668874225245
0.04995422875088843
0.046024971380085836
0.045233456006214
0.05687984251706822
0.05852622826562766
0.04458418622862316
0.057253789216502496
0.05531300446605534
0.06117239098818229
0.049608822461392046
0.05119704065879947
0.057728074429261346
0.05638763478893392
0.0552679510418961
0.050181467266026736
0.03593263729710715
0.056314148021627874
0.030718460714977587
0.060187167797066655
0.03820111769331065
0.06768148453066494
0.05139598400276959
0.05184030114022729
0.05241813342664997
0.0428503740750653
0.03737778828101404
0.05229507521676866
0.04956668990058927
0.04424965337001423
0.04116074141033034
0.05081552208637354
0.0494891253520792
0.04198071893060467
0.04710742372273237
0.03507265705262721
0.041109882364111366
0.03109801152747681
0.054672612473908276
0.04031948319026115
0.03850275843397897
0.04794448040805299
0.0443850972518962
0.04182628213502167
0.038591711188163666
0.04515303848657384
0.042888244541518614
0.044286227221584644
0.039607687406598105
0.03798991475532481
0.03998625794513798
0.03881940011872009
0.039008121214414736
0.030872575503532163
0.03732844721412635
0.02657890343500887
0.04374777146169657
0.03136367576022177
0.03663670587782754
0.041046426538949264
0.0391544753443472
0.0333072002515157
0.04964795013179152
0.030627220880931928
0.035751544748256314
0.046459030117807026
0.03358279982728684
0.040292626263718025
0.04256479535661135
0.041587462815940245
0.028888964164115755
0.0349498685507146
0.03487026196301758
0.03349775329831273
0.04244431279007131
0.04122915826938768
0.038902316837071634
0.03711534886203632
0.033073595693959915
0.03353815025695611
0.027229992277149173
0.035486594294591306
0.025844216897976058
0.030588640282264223
0.02712600928518901
0.027273936528967674
0.030885048905512774
0.025750726542673776
0.031394963218568134
0.037326361983235544
0.02514234658059058
0.03908052835522488
0.03083847897466835
0.028538818164025648
0.02631958786931889
0.028160445943198397
0.03734724716124144
0.028752771689194313
0.027123682939653615
0.03508344940768339
0.025861574047379387
0.026801537739647614
0.03570769218721734
0.03411655267476756
0.029758572540106592
0.02809373454592736
0.030133713504845776
0.029387421345494352
0.029130055270120365
0.020583942433680835
0.024678159758756917
0.02431409014635766
0.040582485176485786
0.024435860831314736
0.03237211018359552
0.029220317224665754
0.022626634768650643
0.024514844728227472
0.023700953887001813
0.031552606891278326
0.03813953423700175
0.030849855674065414
0.025468227140742483
0.026405640459696622
0.02446688546492396
0.03186305771648101
0.03435877128786342
0.03178050758495329
0.02335630749755586
0.027866854665131835
0.02665752914270686
0.0244724672944276
0.025097544146809724
0.03128324970243855
0.031048520598986724
0.030913109535440353
0.02827219826106193
0.020437219740536628
0.028142427181853464
0.031281438524040424
0.026984565301140368
0.02342803107140493
0.027755826720711925
0.03648996055479986
0.03848860997026256
0.02714315025086287
0.021211082983462703
0.024883235763983873
0.01963810013123956
0.029336910279721608
0.022955752573519707
0.028508013145547923
0.02593963904450943
0.028393771577436683
0.02546083041385201
0.02556189521072247
0.02830440929454006
0.021515271036553207
0.026171982290710882
0.024839451251828036
0.025915738290811396
0.024385148941905254
0.024524875281587102
0.02115723377102793
0.02172586583016315
0.027633922011176565
0.024612200869293804
0.022468282361104028
0.033117462225819
0.0236528867245764
0.026171787153007598
0.030089698200879332
0.01969790041161943
0.0297860404961227
0.02484255506128365
0.022980106017348362
0.02448102546940329
0.024744416547578214
0.029488244867422707
0.0284194087716102
0.019985181977202848
0.026621431928245128
0.030533702232869768
0.026459092945023056
0.026444730351446805
0.017501959398556158
0.03134577717474894
0.019336144368278557
0.025331889135003904
0.02858569158698328
0.023528939647646234
0.017834159049744648
0.0186474217036423
0.01899542951515366
0.02564227425048759
0.03161951919973172
0.0201798261946664
0.022006609975712157
0.021119532331311194
0.019554288929956348
0.020290058102912296
0.029199052259228662
0.02634950344986069
0.027144425050848037
0.02278240077193499
0.0296928119812933
0.019550396965017664
0.0209610261559312
0.02207099914000668
0.027023491421317276
0.027033369489586116
0.019247805953167343
0.026688031068196873
0.022043010769709572
0.02596756636690859
0.028062900663459716
0.02696618037330114
0.03237127048933831
0.02184885548435877
0.020322683546225764
0.022696882573041883
0.02392821906973333
0.02206423173061315
0.02255440456245156
0.025400816979975892
0.02051894616026271
0.02068041369464759
0.018305037096032824
0.0237141747215673
0.026581254778269846
0.017166671703658314
0.025054126424123045
0.023102792931294643
0.024677917001119213
0.024765688884859728
0.019545141220541865
0.02490143015263278
0.022046633525425883
0.028821906892860977
0.025231753792217815
0.02635928521496529
0.025692453041804248
0.031548119487344414
0.018399697819405647
0.0194244984318381
0.019632899858846538
0.023078076972464792
0.023971385363960006
0.02098254880912408
0.030986312232133367
0.024325162605145296
0.02475913193439891
0.022529655564151964
0.02246858480416197
0.017705487753804587
0.023128231485207634
0.023991856239635328
0.01752676626932963
0.019553950354733438
0.02054647038754178
0.022814608433526375
0.025237453733061854
0.02619368025610483
0.02435102850939221
0.026459365979669407
0.02639936818368068
0.02491440381558732
0.02085954785562274
0.018294610210978113
0.017930112775573534
0.025613411242234048
0.019805796872497266
0.022955571247391626
0.022793670258578362
0.023912807311397867
0.025773954936853295
0.02021397838217596
0.018408150793903122
0.02173791267349467
0.023863690553645005
0.022012735140950302
0.018159096854268836
0.016758083249137905
0.021258640025794095
0.018299232388673366
0.023692704769166684
0.024419689090102108
0.017140314928582485
0.0194057397502864
0.020760884171178176
0.021535481080960435
0.022634667980456068
0.026711246855714604
0.019505863659076014
0.013057315557487226
0.027580347285320578
0.016799510281017425
0.024514563847925375
0.015800800080235503
0.021974084730529884
0.022157447611018042
0.02412321044727065
0.020773930576157024
0.017676516439314303
0.02361351272098853
0.019866506707706923
0.01946898890820022
0.01726094227306193
0.02505753551833772
0.016470964043762505
0.019394775608633407
0.026466168621253578
0.029775756275172278
0.025349307555725925
0.016717812969958612
0.015118706943273738
0.017990395794645037
0.01948383743497422
0.02052774206818453
0.015965366019019562
0.018760130455184737
0.025551528561341456
0.01961760062391225
0.019182155590514057
0.016965819743033635
0.019117992291744733
0.022294150741348204
0.016368959959137307
0.018922030038097042
0.027047851983531025
0.022323387820751682
0.01703137756591503
0.02209592199495021
0.01889532230568249
0.02290813535280576
0.014130899192154475
0.01930311781323376
0.018521535108827064
0.02285667085996673
0.02105892910808052
0.01809000582256684
0.016788107692613068
0.019379500582692798
0.020776566590322544
0.019789866689280636
0.01870532447054348
