1.4322030405089583
1.046435119739721
1.3447487279166928
1.0946347821811802
1.147350906142877
0.9209964275124924
0.9663752110998984
0.8474406936745158
0.999766504187126
0.8727513250734089
0.7818327144521615
0.7618406492605925
0.7769828313568994
0.8069911917370225
1.0336215097086758
0.6865157358700563
0.7314747286540064
0.4234729733028818
0.47532120822741686
0.5787461907752629
0.5175157939647868
0.4602338781455198
0.5175408302984351
0.4581487090128252
0.5780143100462276
0.5872399354167988
0.7042206795668147
0.5243832149668466
0.5662664741229984
0.6076312087961838
0.37153827988380145
0.48181195378621683
0.3616197710726423
0.35597124356248905
0.4609887258871875
0.6380397368386501
0.36977615074093967
0.3878305374651555
0.38912015729614025
0.43042961721837053
0.327706324717629
0.28910659894771784
0.22233604374099597
0.2487794566564661
0.4537272856272919
0.2824672486013282
0.1948907608072753
0.222940769271315
0.2561420060956134
0.2844644156346933
0.18847172470874424
0.2646099541577108
0.19965643549876994
0.21533505840817915
0.23034288915516613
0.13306593128998062
0.12595121616809152
0.26985059398242034
0.21937912393631875
0.11588470409469351
0.15149151042171274
0.2000246035311029
0.10453357905966894
0.1922152749517917
0.1159024120103456
0.09733652816789126
0.09799800854460243
0.1913033765513312
0.12532180550387578
0.0866174136645713
0.1061402531926898
0.08632695525174226
0.07428850826930675
0.12121903108751382
0.07735579030405464
0.07420621301256092
0.061440697421242065
0.10295343964844528
0.058373802652846904
0.09558441759673011
0.08345434863248728
0.08909358497505368
0.08116300721749065
0.08032409141952833
0.08862633793115704
0.0649623907089402
0.07269466444620366
0.08096032089312052
0.06413495711161632
0.0711699252956057
0.06442295192790705
0.06473948241991097
0.04875054832927462
0.06979455189484886
0.06651048501595823
0.06116293969419184
0.06421003806832212
0.04976788610258838
0.04903139167738411
0.07071207475599206
0.07211858707385943
0.046103842935403774
0.05601400435632421
0.05081474742798316
0.05870260062010511
0.06108236482048566
0.05657274819564863
0.04846726784431212
0.05068307777542933
0.05290140165049471
0.05401957917384222
0.0679823960011179
0.0482364088068124
0.05389663147903177
0.04774858684937657
0.04130434007938043
0.056215883904397655
0.054124224808749975
0.05496918819678844
0.049932161543593506
0.04409123767250796
0.05284192299406455
0.03874228480700683
0.03503952754759625
0.04411897510464231
0.04239994094668904
0.05664960465453982
0.045673272451868814
0.043115755947416436
0.029113873110674204
0.03924426580490195
0.05353659253166491
0.0448971794421029
0.036075216306935845
0.042574941105567435
0.05444455232924146
0.0375913644214756
0.03636484665175341
0.04275544114769707
0.027630323767222364
0.03668351862869427
0.03722731155139268
0.04225754246296583
0.027248156802986045
0.03817928411661742
0.039402631293945195
0.035066741426558114
0.03992264103872597
0.03795873807774704
0.037597076113448716
0.03505178863409501
0.04653157107850214
0.03503513039894822
0.037423542026426795
0.033277519188054494
0.03896972937228928
0.04142825471822566
0.03181063199758808
0.034012634339045764
0.04986178472242086
0.040605282914015085
0.030565066484956133
0.032010122703982714
0.035185238915270194
0.027847418733154237
0.03620038548793305
0.04415222846104155
0.03774872821517299
0.042751431146467525
0.03350927926584376
0.036736596905395595
0.0415072941252103
0.03964211380131675
0.029073568052950895
0.03480988855696
0.030457515604414696
0.03216221058542092
0.033653261636298844
0.03295344709113606
0.035329615878704264
0.031449810820752475
0.03338086286452289
0.0382681167736942
0.031224591148655702
0.04160295804265492
0.0329853868341234
0.04572749459945355
0.03029811586055168
0.035843617508293714
0.0289490715459595
0.026552890559797045
0.03446090599299144
0.04049838524706946
0.03956264083886686
0.031910595154930235
0.030910451777830094
0.033175711056220795
0.03571038660376505
0.022526937890469355
0.03560498798878724
0.032552715634677896
0.03219144934866079
0.034835801854336844
0.030856097620539053
0.03214339243607407
0.025582781899984808
0.039153713419488125
0.022581479189086904
0.03596782433891685
0.028906774531776563
0.031466393584063994
0.03290176419081621
0.04640305876734936
0.0319998116557441
0.026790219558601523
0.03117765939688234
0.0258702481258432
0.030970127181091968
0.027818738648102276
0.03826696966136826
0.02602635823592993
0.040317831824639425
0.03372082997677332
0.032063788600742396
0.028770959679224523
0.03876800327340124
0.03018894458895085
0.02138994337369792
0.030290355778612922
0.05453657427011904
0.04201098989069424
0.03305903366738993
0.029805033036364607
0.01993442798893732
0.025825114124797415
0.024625153408395762
0.0225471422906677
0.024565853843038818
0.02715763525235474
0.03046451606203827
0.02760622885987212
0.026897887863985316
0.025502475925809214
0.03399929136822212
0.04245129667713073
0.03145876520501935
0.022074875944431964
0.022690735992074586
0.021340348768505733
0.026310086483700663
0.02669687992706104
0.027363422213799067
0.023840492391075312
0.024800577925304032
0.027282885161807276
0.03689787177296026
0.0233169465566412
0.021594235656057226
0.03075715165744
0.02627912162476334
0.018951745477103255
0.03049593624010826
0.035445053697850955
0.029325584405532366
0.038516593104840506
0.022200728876277352
0.022357487753501937
0.028453349619765506
0.037131725228088996
0.03210347662653891
0.023312099287142972
0.02775709566555921
0.02482791162447239
0.03527218871197087
0.02413970137158882
0.027160942989891596
0.025953263144266873
0.026914157056320415
0.028258920194554744
0.026125653960926865
0.023698028185681067
0.020875750951256402
0.021504177156001274
0.030916013572244272
0.02938800854582026
0.04140601611982743
0.024473081936298303
0.02743869820489022
0.02578941539666845
0.033180094831700466
0.029296621030481612
0.022526128154990308
0.0327659259428339
0.0208477360659892
0.02774488746127727
0.027748121507388857
0.022401244817216823
0.02507593891751798
0.02455890010637224
0.02667771401376462
0.02677199800889739
0.02491007594920122
0.02768510227676611
0.029160019749434874
0.015527394548764551
0.025189859186603204
0.020644663045685248
0.0180052114670509
0.025697741166929265
0.01605453388450819
0.029322273649694787
0.02681307131592553
0.017828682163482747
0.02619676973480925
0.02032985257528868
0.03367109976671176
0.0180282610901105
0.019093083697053606
0.03211600481089341
0.02732287437902874
0.02888785410866737
0.023147896125709024
0.026664395460660868
0.019191340091325722
0.018406068179645622
0.022683907348660007
0.02217620847443219
0.032485607527331074
0.019459367491030617
0.030371420952200256
0.023723815051453566
0.02619612375739807
0.02718791879083261
0.028258542124665647
0.030892946674100308
0.026223008466260966
0.022465077797861437
0.02681030807328976
0.02744179313296814
0.02369166111653137
0.025607753860042833
0.026367281850652458
0.02844508088564608
0.02195364117088489
0.027195838954636575
0.022073693301727232
0.013139147511612867
0.021550832764529394
0.025422316216589434
0.017984565783519386
0.022379549975331193
0.019260744746668484
0.016852863301061984
0.023382386712552692
0.02559388724523577
0.024093876749413698
0.023872575519785322
0.018845537068111356
0.03146485138318354
0.023961100994829017
0.022940856780566166
0.027361721093745017
0.019245616089967613
0.022684157445070192
0.0249658303203918
0.028532288794836803
0.031070360236502233
0.01631088962870967
0.02104487843464437
0.025523652708838402
0.021266681329953956
0.027909498149943694
0.02136586664510593
0.022204237491272684
0.031256543862244524
0.015733001324546265
0.031319546962116654
0.0243968359469458
0.017421858366596682
0.018415004939955647
0.02354274944491641
0.024891984502223404
0.024444617042753185
0.022100614299726914
0.024305579192918217
0.015688964365316835
0.017270200443806484
0.016439606113548465
0.027353379031101865
0.021121210873460777
0.01988342591286446
0.029198431619506915
0.025423167012638314
0.028220755008586423
0.02546051112471672
0.021657567998598394
0.024875991950781086
0.026469824963269373
0.024333841082517925
0.022446322171609696
