0.628230773554675
0.6462451196123966
0.5740922516192811
0.5355768601656399
0.543293407629627
0.5337949301773277
0.4384709164443718
0.40720117816616436
0.40895112269037714
0.4478019368103007
0.4160017823490213
0.40797977659439627
0.42298647575287357
0.37898469880240265
0.3545070055606868
0.30606311499389244
0.40755285578399497
0.3891166827004611
0.3295698634068871
0.31787309396002716
0.27087331637097173
0.3417143351193078
0.3186339927888002
0.33384465752805753
0.3143209670517499
0.310367771800256
0.31186904476247274
0.2451165058502427
0.36265749626387866
0.31805564209982684
0.3508935269192551
0.3834219987300673
0.3226496826445994
0.27096820912013453
0.3017341168338493
0.26581938830827545
0.2762574827527178
0.3027768069238146
0.3133750395867494
0.2622301729945012
0.29457830264323576
0.25385813975793914
0.31972094467547885
0.2808044654938976
0.22978110602725638
0.22368777379480037
0.2955926293131448
0.2890433456396889
0.23241782781648768
0.31403660985806414
0.2516968424263618
0.2990743019121388
0.24459609641152955
0.2811346192052727
0.27753504096396714
0.3217745596770611
0.2729032939000057
0.27464975051950685
0.2689978119225206
0.2235978729963039
0.25416702533401736
0.23382878952193448
0.23723568144910018
0.24835708373701015
0.16942680679471236
0.28952930064039756
0.2756237316357106
0.27429424756686105
0.31205824718800546
0.22130374979618678
0.21855616830343555
0.2363797889543367
0.18459453084407915
0.2540071732394524
0.23317468532522256
0.1907594242826201
0.2365516801112441
0.32750721842166564
0.24809401195355263
0.25896859875380024
0.208510130038455
0.23227709776586764
0.21755771468676727
0.2740443014156446
0.2475305179986565
0.19910965578392298
0.19304026007732225
0.21071543970042134
0.23468266999900894
0.21590666996348032
0.24025548984472517
0.2609018395664734
0.23067806085981749
0.23965071694959733
0.19884128167145074
0.2524480140080068
0.1992004473216826
0.27672145483794264
0.21217709982442812
0.20237657285542832
0.2528570857291995
0.21663543612478287
0.2158375092108852
0.2484747266579964
0.23217933408507913
0.22334120796876555
0.22644446363110346
0.19893105381376228
0.20042272789888646
0.2450528243315943
0.153699874833408
0.22279689090870303
0.18513980799460422
0.22073244804444508
0.211933989200655
0.1974796751326921
0.19266201761230115
0.22818354376354755
0.222058978347149
0.18837644476707247
0.21837769856317962
0.20900896385952666
0.19115548649285202
0.23962596244685233
0.21084858693657194
0.19757479526588734
0.2550099218581986
0.165901640454665
0.18814423609212522
0.1833247111104984
0.1878020153361047
0.17441226327745235
0.19978366488070404
0.15368622636737353
0.2129101359517817
0.2234693095917788
0.1438071063656652
0.20990038923502582
0.1690790654203887
0.19272802246381618
0.16404348432621665
0.16655619402598726
0.17937979079057076
0.186680095061378
0.19613782499566454
0.16532277290392067
0.1882390414176876
0.17155446268447938
0.21714625190474068
0.21909524110026016
0.13793972475882624
0.17717615719756777
0.17154070369257945
0.18449137577015048
0.19240738576717878
0.16159598969045358
0.21356425255668504
0.17537129330117024
0.16987597142564742
0.1730088374506303
0.14112792837687635
0.2364638029139919
0.16757216749905188
0.20522542810791694
0.20726850771782082
0.17267196725596648
0.198443377891229
0.18776831373582323
0.16450621370615165
0.1540661481851741
0.16744666074240572
0.1627225275106773
0.1749466833860363
0.14737484028052833
0.1812343926961148
0.19992359264708554
0.2347814787799797
0.21118903845359607
0.14406058393460824
0.16952495100119888
0.19146795119301277
0.17740404713577138
0.20752797313971377
0.1565550240373068
0.1733110986692509
0.11045693552960681
0.1703863211085304
0.1653881263191262
0.15557204342250702
0.1535274980444191
0.15850198514937164
0.17001052778606504
0.1273897538116964
0.1808288848690238
0.18104250052725585
0.1501496874777853
0.16895329133043596
0.2121440816561786
0.18808658397910388
0.13495830180990703
0.12685341147511134
0.1761783243969168
0.17889890407137837
0.19900386049276103
0.15568239673593579
0.18197785523861296
0.18335678706228029
0.18514318582772157
0.23497726428763194
0.15871872605081686
0.19956988618065225
0.16002332104635586
0.16545780266021987
0.16297147032247503
0.1490467739117435
0.16184464545276417
0.11381536455568156
0.16130837238274887
0.11556978930335086
0.14559284684852106
0.1735540446766687
0.14248069821731335
0.15748926208416242
0.15656696216535507
0.1636898453978992
0.12703074017360888
0.12896334102364562
0.16186700095183137
0.18400953967523695
0.12087491078554329
0.16139908713001677
0.14348787239693284
0.1413517781625928
0.16131268946810856
0.14901788760811707
0.1540815855511223
0.14131515759078966
0.15071956237416062
0.13182135018266478
0.13382653279429652
0.14584045356995545
0.13234018572919412
0.18748860592615393
0.13149781416419132
0.1410188487899781
0.1557524456050749
0.1609777056797423
0.1273498032365858
0.19151532646797995
0.12434575995587946
0.13278132290546169
0.12698704069664374
0.1795515293780395
0.14190606889928287
0.14257990795908645
0.1387494392326038
0.15276611804497137
0.1370070856637741
0.16652698988696
0.16923475749875286
0.13937477737101678
0.13554633309265746
0.1242694931318423
0.121921316148878
0.15852166517895688
0.14946506031990764
0.15864955367365635
0.1238709139999941
0.1326822326322683
0.14698041035119858
0.1348512561784311
0.14010217320222956
0.13543718633559396
0.14792765576388098
0.14536231674796404
0.1270410182302799
0.1536055793093052
0.15329656397932184
0.13796074851345047
0.1346961650460165
0.1264188980512834
0.11188248615232968
0.14915812362957728
0.15227223827376965
0.13125410196830234
0.13090369090108048
0.13890697462974694
0.13793145818022517
0.11497906034856153
0.13500445622874577
0.15322244892240972
0.15824769910644507
0.14213803904392872
0.13787462310847634
0.1579240601911195
0.14050361829581795
0.1535528528297167
0.12375008017649738
0.15620934155899818
0.1425795406718141
0.12459822780421233
0.13518861541714242
0.1212287195242957
0.11429319689103945
0.16147898250849688
0.1479632665653754
0.14375453811334055
0.16703433591309563
0.1620299317023051
0.15220106424866792
0.1774098543130244
0.09874404626514728
0.1555384625175123
0.11666573179217299
0.13223965679358152
0.12596614661510927
0.14207136229196782
0.11309131186799604
0.1208566809302869
0.10983034619348205
0.17143866948494516
0.11662946893332746
0.1527398862651602
0.11984992814856348
0.14327647213009675
0.10491670538868944
0.15519367498642644
0.11233055153276197
0.11419463322341628
0.12409534747836241
0.1033534059585212
0.10660570236950569
0.12448674066872426
0.1428879593111451
0.10527242479508021
0.12619988430160142
0.11243071520268066
0.11872906907380014
0.08415793304172728
0.11768068343982765
0.0860715370050659
0.1293101897069654
0.12728110674485127
0.14096250484790085
0.10474932428892685
0.11599007045737683
0.10391011533642758
0.14557138865192998
0.098198141533146
0.1322139135596404
0.09388893912840203
0.10545595980217817
0.1234430307469571
0.1197837564515841
0.12181707957808344
0.137237414186053
0.12408649668271968
0.11894272251695932
0.15905501132203392
0.12982223873120516
0.11801292086176882
0.11334749949204559
0.1262357073454863
0.11768763152153246
0.11639010912970493
0.1292290039424277
0.12184438204856567
0.11392591879027081
0.11007714969234428
0.12433667815699292
0.10155301170377459
0.13176452207326597
0.10467638115357711
0.13061307216083154
0.13981128637046317
0.1406008459872545
0.1430440427561876
0.11033473263712139
0.12277344294734291
0.1279127107794597
0.1184173656777286
0.12661669143436502
0.11086498860453622
0.10549038976254277
0.12641052360240662
0.12626534639342296
0.10939600577528308
0.08954653306686246
0.11066381369870573
0.12604624402370038
0.13480450825577295
0.1024529636762058
0.10707952721058837
0.1035564414921144
0.12348085521380707
0.09324961870410822
0.11318848657061305
0.12038999683264366
0.12706007939235991
0.0935256590140314
