0.8549932275680041
0.7628766178831047
0.6896666268096949
0.7295094959886524
0.6414640893905977
0.6998185354812849
0.3941774531821747
0.589205091079438
0.4303359267783417
0.39165194073101833
0.34502675463461585
0.4110267890238153
0.35055651970623175
0.23686026576857339
0.474203150889699
0.2588440288691044
0.2571360588413065
0.2620034064860708
0.1793821663346768
0.15922012225854237
0.19199223326180143
0.2001201765213252
0.2126855683068904
0.20535028669496586
0.22149104560922872
0.27334418744651556
0.1987238517602786
0.1277963120388729
