1.1680490725538761
1.0323425940582138
0.9808554266754591
0.7587593144819723
0.7659454168300488
0.9856310437215317
1.0755961666584708
0.8243779565137149
0.8056373487488522
0.7832668294197996
0.646256584976619
0.6857646096320105
0.5874562581916459
0.5825853288557907
0.4815967772207813
0.4567428432632986
0.45524901172274523
0.37659821120605735
0.5995939037810573
0.509501691899989
0.35368147977879894
0.34095234909176886
0.2996738906856865
0.22382053602682594
0.2359765054332692
0.1954069086527364
0.18171198132371136
0.3814259116744385
0.20230251084354084
0.2603987546276677
0.24176016254165536
0.17224328910979886
0.2071335985849363
0.16649187454398387
0.17230721209975103
0.20613301393251354
0.1487788086910146
0.13450128207955017
0.08649130199628549
0.14150676853279823
0.10388406599496576
0.08920697795251045
0.1290958282171999
0.11750440695547429
0.1050227229160597
0.10068231122422241
0.09019718215125452
0.10535805035198191
0.089519065745398
0.09361234018755868
0.10745551723705674
0.08361233676656243
0.0870957322256555
0.06607051292754637
0.06269959150776222
0.06212603514540771
0.07147953782900976
0.07098251676335834
0.0702859920080278
0.07307097915036018
0.08715729036379113
0.09435630739308971
0.05792582657685771
0.06587123780618348
0.05750926249974159
0.05058988397780493
0.07202198710906116
0.06934522370804037
0.04266201311857408
0.06648509387725596
0.05420615492981827
0.05821547461468261
0.05547067579981668
0.04595139541566378
0.05385126499229511
0.065219144793132
0.05029284827933232
0.041875665765228734
0.04346667775168098
0.05730101049602384
0.042988084987705635
0.042800569686440595
0.04851122828451227
0.05313624071900902
0.04673970376474323
0.05837476883807748
0.07218143501549233
0.03868041433572188
0.024659576003592844
0.03474371303130347
0.06325888869121167
0.03726784304164864
0.04068589872994201
0.0392306656754902
0.04833817270992706
0.03843625389149015
0.031079206773117284
0.052363078522259035
0.06109069090008127
0.05344482521177514
0.026938366536856596
0.043015512566137046
0.03550388448516805
0.03989608794936945
0.02570117142745427
0.04313840777949597
0.035838861539765884
0.03587063471625069
0.03234975615376358
0.039146811695618906
0.03228773953417931
0.03691754585675501
0.03271352139756435
0.045912488343864216
0.03494085188854283
0.03883201123139585
0.036638408736535955
0.031578633828671945
0.03360890560868333
0.03484416283614615
0.0334214530715977
0.038824096907169536
0.026031126963292784
0.035393788800684174
0.029829708829941248
0.027110993923182815
0.04209942815713656
0.029609256127295758
0.03935489987979142
0.02184899126923576
0.03338374476521112
0.03722531848857602
0.03684847626280689
0.041811002618478935
0.03575595046985494
0.026374688343039125
0.039798676058292765
0.033388476328207364
0.019029811292387542
0.03163794162467565
0.02782869656070886
0.01983095521061163
0.04094995296600223
0.02044212128801655
0.028559512565064633
0.027607256558807823
0.02314293783584037
0.02477688391683031
0.04086649880859822
0.024661330413027507
0.028071638917910192
0.022643895793145834
0.03158156673765884
0.030281610313727853
0.0216633444651441
0.03259256526394201
0.04194589317219114
0.028196238829037316
0.03937688212653219
0.02761758689645428
0.03185983172547531
0.02879859855753885
0.030246109239494973
0.01764506852821159
0.026229424834641458
0.023877186277997717
0.019610044381589187
0.02284692962513659
0.027873145164363795
0.032987947800278944
0.02616467407591496
0.01874226382867461
0.02941687586786134
0.024837926329421924
0.03204122112878933
0.039462607675137824
0.030766889835249188
0.017033824023006267
0.02772656336924716
0.03341009466867776
0.020703182645834036
0.024887531111385152
0.016252869531686663
0.026227968109396788
0.02443465408188291
0.015213464950029582
0.02076831225854269
0.022540654940310816
0.028454083814418656
0.02085276805761246
0.026185883523890667
0.022714817710901065
0.030267548873580817
0.02645373876650712
0.030787041535138848
0.030837960028893108
0.027275320906333285
0.018433834025561806
0.024152831470306377
0.02502648728580003
0.019473163223722074
0.030518217950265873
0.022689045825376952
0.02530636017691077
0.03037941828383432
0.025370763618861553
0.025579947693411764
0.03830172689796818
0.03492476996616597
0.028569771510716407
0.03113264653906095
0.027522703552732824
0.02275866493663636
0.027381974490593975
0.03661415323351999
0.026245586614827836
0.026189665576232573
0.02378433050740145
0.02175106591661535
0.03267985780613734
0.020906926431777672
0.013883139579813093
0.017586758258680092
0.017459374848488692
0.0239351393785631
0.020300417764086563
0.027338806058485782
0.020311260080191747
0.03222789777948499
0.01674782512368387
0.036931409566560686
0.023968910725411786
0.018848620758961536
0.02754702735866421
0.02440596381974301
0.024605748692408592
0.02637928937625305
0.02686552139997096
0.01991042255651963
0.018213601355002246
0.03194014544960421
0.02345141985190219
0.018573855059581083
0.035817386316978686
0.019268030271686946
0.027640504762326223
0.03210267096822476
0.026345891340616774
0.01972617028026248
0.026976980397058193
0.021595331313182843
0.016414996523193136
0.024016718359918515
0.023681067351492856
0.020637875823969743
0.017227725338353726
0.019831426747192956
0.018074143406363003
0.017696112105983618
0.029046209988935666
0.01900564722804943
0.024378475900557854
0.02409819822258213
0.021363930014875916
0.02649533347314175
0.016038308040931
0.026556416203552806
0.02715985954758008
0.022324735234569338
0.033863601218080956
0.021763884936390955
0.019560868785443716
0.02302981563462273
0.028655392446620964
0.02732023372054394
0.013021869131535371
0.027616753399876424
0.017800335457105174
0.013849916478823984
0.027691900738930176
0.020670362372459516
0.024518008738554344
0.018701755095067205
0.028144008556997075
0.021879179903946132
0.02671121322825818
0.025052296345492286
0.011936632007292686
0.01917929818425971
0.015407242612893895
0.01528032496413564
0.019333312022066413
0.02226743545509575
0.021676021388197377
0.026908420753631764
0.008684112568076436
0.016516746219936103
0.01457382541604962
0.018193798171797913
0.029004178205217963
0.020428929468435997
0.028964825427404563
0.021717431085127612
0.02562329041100513
0.027666905049652173
0.021250715746702613
0.03144974640990898
0.014600032541003904
0.018756937914654596
0.01821751499885917
0.023677795682513773
0.020781427126291743
0.02441602644128532
0.020371907304398147
0.017515589763472506
0.02587274884308166
0.01794135188066507
0.015864362873680017
0.01976647745312517
0.017434587783441646
0.016244533518358285
0.02123997797030694
0.02250936103945237
0.015054192640359357
0.03276599487913663
0.009113817872378378
0.020146114448615294
0.021173118165401638
0.027362973561315312
0.012328670155413939
0.02519708595400904
0.02773017865764853
0.019587961307944244
0.013005542935744796
0.018979189300299355
0.01794775740875168
0.02552409718916824
0.020073449741622486
0.027859692764115866
0.02258688106382583
0.023320774165311545
0.019442750485941514
0.018371426699803853
0.01560050968749369
0.021424866592069356
0.010323655521982366
0.024194992453326344
0.011868452876503496
0.021197244919826545
0.018897791848218166
0.01450693139179848
0.019320187640230704
0.010449975412968143
0.03168381338020155
0.012512803507910533
0.016689937384526947
0.020709957138905645
0.019709990426730647
0.016946712275533786
0.025445381213478703
0.023013365525575882
0.022786765346726835
0.01431783550475838
0.024559345242349435
0.025912961111623955
0.019582381393636137
0.027536845692411743
0.021127400800995677
0.01448366566761822
0.017397585640244673
0.015931370217208633
0.034533606715517945
0.020918177548997073
0.030278514235386845
0.02063616338071129
0.0181637217096094
0.018934064796930675
0.02009128802446504
0.011900524020803098
0.014718848424943923
0.017896131648755583
0.014461444626500633
0.016848404755409396
0.02323129021788243
0.01666003062042964
0.017466038859606008
0.012545358385558453
0.01770209692101828
0.016850741234894044
0.014506438849575028
0.016583079751817338
0.019600706109033444
0.023242960907391176
0.0174867748153347
0.02061770165843769
0.01273165622193082
0.020183591722011625
0.024066526789590523
0.022424420438379347
0.020297094341428935
