0.7879712904826311
0.7925881395072143
0.6464532249331091
0.7222768843197052
0.7238542954586384
0.621354037190077
0.6872551013189885
0.5584605386254897
0.4850836043525649
0.4644019517463088
0.5443717340591311
0.4876113818636124
0.3707920157429492
0.3467630194812671
0.2669503932950142
0.27134964674865736
0.33894963174350085
0.3131532372461181
0.31917932599047194
0.19092440199449268
0.14450016320932385
0.1948182796459799
0.20966298173036174
0.2305140913395832
0.25108260170865465
0.16843957215236594
0.19156036318546993
0.13566967154852258
0.1805965790933887
0.101731936645264
0.09637379404321741
0.15743354496618553
0.08494809910419208
0.10340715830863945
0.08242125396724885
0.08407997362505679
0.08913594413985386
0.07838642503478048
0.09467480994462554
0.08179034532750282
0.09184595627241005
0.10772776595057923
0.0793158370910673
0.05964633095272327
0.07958179973658279
0.043527021173437985
0.06711126271569567
0.06638630363988747
0.06141761995698998
0.051802249939842115
0.049955374438398696
0.04613321719019526
0.06329932778293854
0.060098331234968605
0.06399416599799629
0.05545044152091718
0.04528496613525092
0.04535951600515302
0.05756692590732272
0.0509614684173816
0.05638617194553443
0.058876059519178035
0.050933314269088856
0.04615010735356029
0.05419776601913392
0.05283175133663885
0.0424655116359739
0.04539784077567138
0.04126303656366144
0.0508184717228103
0.0466614344393246
0.051538633761801775
0.05562663583028876
0.053948925247764644
0.04997224193758535
0.04675535847184557
0.04438250946671066
0.047710553303225225
0.05107243853863029
0.043181824665900426
0.04607215071024317
0.053636814289040345
0.05238110912773406
0.04863919626233716
0.04944782513893256
0.047385925548074234
0.04352559583698995
0.03611454980214133
0.05512113531557509
0.04540555836892781
0.048469838274224554
0.029588853516013543
0.04312469490360304
0.0388051508476305
0.04268599874740635
0.03683358292350992
0.03879350028112903
0.049660745770829746
0.035491019573171495
0.0361695889396349
0.03613367462544533
0.03415973998000209
0.04112354995536874
0.04399733339866755
0.035317459014807026
0.032729596655845045
0.031496112416113574
0.032523078767013436
0.044126431719197265
0.026017841338946045
0.0429472309296037
0.03133957126467961
0.032638274990643465
0.032982130669441986
0.03630134894544588
0.03270953125987024
0.0320614685707447
0.03409054170624546
0.03132715794200776
0.03194343025623653
0.03707478412283233
0.02540037439338084
0.043349609935203766
0.03870959985998525
0.0334333068466087
0.02615900265610869
0.044320258112295265
0.029043500688023645
0.03170774091059815
0.02778147895909852
0.03274138990447294
0.0212499218158567
0.037852702012149755
0.026082057016209848
0.03741433875086962
0.03493305742907918
0.03174655318551979
0.031245781734914473
0.024984734082768835
0.035359673423110666
0.03249219141371493
0.023208828016223364
0.029601207350071844
0.032158901453651655
0.032206728352910344
0.030913206828335427
0.036893663579076016
0.02312314672473485
0.03635622894320164
0.021464485727260885
0.028670164452456747
0.03879421748804017
0.03252758694999187
0.027605971009167563
0.0257224012868712
0.02803341137792531
0.03262728048685735
0.029338591254415913
0.029057925652668144
0.023404384579162725
0.029491419338338903
0.028049191125105472
0.027473881528054127
0.028745376391458705
0.0333854387154147
0.030819866101590286
0.02732268421759217
0.03116397774857787
0.02761525580215049
0.02816335517590677
0.029452879903022044
0.027529252470315645
0.03163442102903072
0.029999041237847947
0.03063600052641312
0.03204061352129449
0.0298264731076358
0.02108275362630179
0.031834250330902036
0.029305379221357824
0.023373357241025565
0.024470895541134137
0.02863038224553758
0.03364906763892798
0.027072634903081556
0.021124272218364933
0.030812846038191316
0.031646354196571205
0.029422208190594545
0.028130621436344528
0.02271182786523463
0.02914120360129709
0.030444301682524377
0.030475026388625544
0.023876983337658662
0.024137315402144116
0.01879042499284676
0.029094012945752597
0.023547226145829527
0.027474002478387976
0.03017689840050854
0.02560106350496456
0.02042661942549161
0.025041035648359206
0.029009653378912953
0.031074430800926468
0.029136998117909412
0.01966762562648975
0.03213197860419465
0.01952978711369239
0.029252596411789206
0.01756245326991196
0.024872780218458197
0.02552737494879504
0.021604622878656297
0.02843354863050031
0.026143101450542088
0.02677768988246738
0.030040906541215013
0.019857351640815597
0.020696430875357212
0.020094883926757498
0.022691650806970706
0.023834619077461434
0.02334574772561855
0.028987120007559437
0.024729492953540193
0.023054254810834715
0.02369456737911547
0.023180039569068285
0.022835686031267947
0.019238768172387608
0.020548011739937772
0.02404741875592683
0.02561461210200509
0.03221716582120633
0.03261941601297501
0.027486675633567333
0.01895018816981013
0.026731909672275223
0.0253896751887752
0.027003581586255626
0.02710476122463034
0.0303946975723167
0.024727860660825836
0.021600937766053097
0.024701921740689463
0.016690857145900885
0.016079946767828913
0.029811972790176673
0.021356467685724148
0.016725876055413213
0.024195749494519785
0.021971983656394058
0.018452366662271243
0.018894918075057048
0.02176894433318517
0.02011062409818078
0.021891916733109106
0.022944491204633172
0.02327386641641023
0.02740102997397139
0.02388418480387716
0.02546719279027715
0.03704957387817173
0.02057159317839009
0.027192354982267148
0.026502985533607394
0.023396520786628433
0.022161070612557076
0.023581512725693855
0.019633447749975268
0.02280592293344654
0.02211717060661062
0.01980163932044451
0.023220123834706407
0.025283716344063505
0.01647525273621458
0.02355487091884098
0.03124015245223078
0.01943924963271037
0.020907477653755294
0.027302159089404338
0.01507885930462631
0.024470029306966654
0.025551927078502762
0.024980203960899776
0.02072399949347427
0.025068811181550528
0.02930569412446188
0.023466902263160033
0.02354794952665512
0.02438560380653631
0.020155200859339067
0.02398684960173634
0.025518257701498036
0.015490897955501903
0.02077378579698224
0.02300624652160574
0.02080554004197552
0.023528316371714025
0.023854452376404232
0.019272174249636342
0.02483519888154064
0.019832668423275964
0.031142694132120136
0.020939197671793305
0.02596435973281485
0.014288906375387263
0.025314439578452162
0.020433157263600857
0.021322310439595087
0.021996836579051028
0.018128296114512367
0.02008047638190717
0.02321979832952042
0.020541142077735976
0.028675173953108746
0.021074578597262947
0.02063200991436684
0.017324464735076168
0.022239829812517254
0.018760403837382252
0.028198076456118538
0.02235424928290321
0.0180408012337866
0.023361515692097583
0.023816807408987447
0.02305846823832781
0.02355308023678509
0.012562042286041183
0.02233992494087478
0.02481532467464002
0.02082367461171595
0.01627973239112215
0.017505531271320755
0.02190539139657282
0.02291069263680985
0.029792106201350282
0.021375619845580784
0.023760515604687445
0.020318333982550233
0.021082516273689764
0.017459872914720287
0.019090255504939
0.020879263406632466
0.022100689195203672
0.021704148216810958
0.024876315725444582
0.022087076788698645
0.02096970146228508
0.019352481892369062
0.017278647987391538
0.0199330316747729
0.023197397816326452
0.02050754841073236
0.018221456321533006
0.02056376706948595
0.01609267138112298
0.02318593613942797
0.020236534149604343
0.018976688321486964
0.02276654684352337
0.025245834983811964
0.026477194039592138
0.01754218226098596
0.023960774156983156
0.01572165666424038
0.02492654588573285
0.013736524336982206
0.021436695607748413
0.019581820612884562
0.018460675865781352
0.02250517478970083
0.023212910200440397
0.022146952023804865
0.017849908877236496
0.022288667873339517
0.022877527775999572
0.018808650414938004
0.022214504772838206
0.0159168251637199
0.018171421549750648
0.017767563757203307
0.022147224208550014
0.017757024176579213
0.02466493784402347
0.018272376019844286
0.014411981770678293
0.022889300057987484
0.017183160412928576
0.016990665421734573
0.020289033057724053
0.0193948319348106
0.019092881009674684
0.023418864059461815
0.02169032928388252
0.01792802529820247
0.02248000010669057
0.022442549444593125
