0.7797740721648092
0.7682552168668202
0.7280514693585556
0.8097573587062457
0.7174685074979734
0.6675827963790727
0.5547976454773728
0.6300342446630405
0.6065236326877235
0.4802798279771552
0.4896612338325614
0.27460714106972495
0.34537563002243565
0.3482053619133414
0.22243906002491864
0.18588319545264434
0.22560868739362597
0.28763623594245735
0.09681402541058197
0.15850431638384702
0.18326654741967163
0.21577084506165473
0.11402427761138137
0.1319676138139685
0.15609698157136762
0.08956107322311356
0.1009415473819564
0.14999846101501396
0.11204670529635041
0.09526112612696058
0.08859579950616372
0.07581420584139717
0.060988929035652596
0.07987447629207407
0.08336557703407457
0.07111521386139633
0.06680669438878845
0.05460385728766505
0.08402116734341446
0.07361872348332935
0.053585630693651465
0.054646924567657254
0.06270813559536732
0.045056589672760515
0.04648804864998763
0.04536484788795135
0.054067273516267965
0.05799986348483173
0.05186243305517816
0.05192448975835447
0.04811215453228922
0.04174899070902012
0.044814048307129685
0.04160287257562784
0.039464116408581454
0.04553842863025368
0.06371276237549742
0.03739991957281887
0.04017160332891172
0.042325799329447716
0.05180087628382889
0.05160462275841847
0.03446485522419428
0.04073981900182279
0.03529245980575472
0.032920572024074946
0.029922518136726285
0.024982200913186665
0.04286024017933515
0.0378391182777543
0.031628955368834324
0.03742491775814259
0.043851142430963844
0.039601432344158416
0.040745934092366064
0.03285047322095984
0.03344798613896824
0.04116790415617758
0.037477506857463996
0.034729379172205074
0.04137040036729352
0.033162539321972315
0.03021034621519674
0.03932655984831738
0.03831585236298997
0.03442647801547198
0.03365338406411391
0.040687091156118446
0.0375239572455056
0.04620155065025079
0.028376796788025682
0.02928573862514074
0.027465305494173652
0.026338127325558975
0.03016479171357802
0.02595669149617697
0.02935681459163575
0.03252568215005857
0.03267664377287534
0.03205129240956881
0.033841394088257155
0.040025998619830985
0.023287286966637056
0.02863992550590986
0.026795317376836113
0.03886347925026025
0.027588938694253252
0.03206620673719539
0.03154440579381663
0.035278558751757075
0.03086423272926004
0.02546661480447964
0.027592823604220346
0.031537888259814836
0.030127240891674373
0.033513758211556006
0.03811680875538191
0.031125144452044673
0.03238520568400892
0.023646894471945165
0.026948111212258687
0.031059552901324373
0.030721696861476123
0.032872101960305676
0.03444192375999301
0.02919649639254
0.03619772794741622
0.03780815813908662
0.03569117565351093
0.029161922406833674
0.02627859536397298
0.03171104384059314
0.02410490716588975
0.03071129974639904
0.038911831353104484
0.029011297493224973
0.023945625260045646
0.023936045480877355
0.021048990380511688
0.02436264113478995
0.0197281509094787
0.029273254903171064
0.030418084981499005
0.027912679803865255
0.019607573931103163
0.026086899286907377
0.02437650855405142
0.025284954786885645
0.020594171532022504
0.02539987693165563
0.02732479169119657
0.01866036067190485
0.025823378984438556
0.023152010563465296
0.01984050352419628
0.028468336773433467
0.03014360629886404
0.026677294088598747
0.025546093161544582
0.01675053081626283
0.019620417226219804
0.0214092460458676
0.02414752548257045
0.02336328546153158
0.025468704192711356
0.02227485305040526
0.016328103473870766
0.020936117905677648
0.029288149653006364
0.01606385522921564
0.030783191518676933
0.01682591703904538
0.02449612770951273
0.024823594017461943
0.016950054426485745
0.021722045106256804
0.019329675054543586
0.025004808935616414
0.02834236443199915
0.017353360392421885
0.021422512582907983
0.02406461362595928
0.019838576299911363
0.01735607224454072
0.01703909333509869
0.01783256718192501
0.02014782220241245
0.018628236589232024
0.014310302719150386
0.019321842424697255
0.017460696044959707
0.019333947130173428
0.017280761246563543
0.014984460224902681
0.015354338648896803
0.023924072762895925
0.016628422370034566
0.018878448906716482
0.022804795674284686
0.00977466806610058
0.01386059604643775
0.019015427617257573
0.02105000996161158
0.018118890701461256
0.01791737929767726
0.01955040701731228
0.01493278804350151
0.019582768769550292
0.021773354874788813
0.018131543831851813
0.022441526380955413
0.02027604593275693
0.012537286832371089
0.01661199858742836
0.01548055907564921
0.019916132381485364
0.022618549063371254
0.01508109973134909
0.019580645695911995
0.017892711594650383
0.01976229489615
0.02395963885624835
0.015930782701928575
0.017991617537240122
0.0222442732542252
0.017092813407335435
0.011077032510532492
0.019038845716878014
0.01884981366144815
0.01482285774298582
0.015849141980535313
0.01791049503703001
0.019578786297610683
0.02310798238215054
0.015625199756575947
0.021947263959165637
0.012989221570013693
0.018134874369074953
0.01688133870223646
0.01902513404240454
0.01957776219128204
0.01698854717120739
0.022670432657422933
0.025673726288820038
0.022486845108169094
0.015697585282773263
0.018527059702720425
0.018304371742814133
0.01822360192007155
0.02092108258662928
0.023717041793522183
0.016121333953220122
0.023297193263486848
0.019837809270449067
0.01844554426972848
0.01893479865160675
0.025830936701461932
0.021232516926371674
0.015401641174276387
0.019571102654243937
0.01390722274345886
0.01820277762060126
0.015499692239741028
0.01282354385284569
0.01609576023645106
0.016968653260297173
0.017709692516680857
0.021301558134548332
0.014750881836030105
0.015523023600710052
0.01885461816056908
0.015325750042008307
0.01713213932980899
0.017611905384665054
0.01728564349229595
0.01690356176116888
0.016089535082500488
0.013123566455951355
0.02228740333614779
0.012069132687739374
0.015415716364118603
0.022793149665826854
0.020867113195290738
0.024179355924336454
0.021325355262639303
0.01966331231057728
0.018472557853655175
0.01891356149207602
0.02046116686342796
0.01887464580489783
0.02205204909193411
0.013621223066878883
0.016569162691040216
0.013266945004371287
0.010586904993226402
0.02115807153268836
0.018915413471329832
0.014160933434387285
0.012498693886136659
0.01662402110132474
0.017698762551182527
0.017076854560757068
0.018444381214363325
0.016824019837911187
0.016947510540424926
0.019480301992041052
0.01655154258843883
0.010686868752167848
0.018220319475222978
0.016925587915002666
0.01634757743033035
0.023482583547446565
0.019897254526450796
0.018501175409049667
0.02430147254269393
0.015914717101824325
0.017857806369474084
0.021716761053073977
0.017459504941998525
0.019413320672739924
0.02188217207665619
0.01658683493807379
0.017498815691107793
0.012093874380892228
0.01981272626340878
0.013512219725323526
0.016852849354522886
0.01633407294375913
0.020764572446193747
0.02045518891640808
0.012140362384356411
0.009928408074972781
0.015417597551035625
0.016908870479831167
0.016204827590072367
0.015194561149414487
0.010737761929754584
0.009955548241031894
0.014405157661783394
0.012769817756447388
0.013600388096704451
0.014908827685492978
0.014404178856555214
0.011945191921660074
0.012070906942746207
0.017300684345361257
0.012283513321413312
0.01670225131294145
0.013544891667260167
0.017578920546461027
0.016738804534305672
0.015160099167770775
0.018980343980630573
0.011531535792283276
0.020422234768625307
0.0158538965219358
0.015040363817018515
0.01857310314985797
0.02034994800142522
0.014621826503641347
0.017623899568171692
0.018846060872085065
0.01684361628318634
0.016483517049690567
0.02057997146242203
0.012868795555334161
0.017179991076519602
0.014809649821306952
0.013906373552849547
0.01742702926406936
0.01857866157069258
0.014187169475461867
0.024535520682929187
0.011212262730472265
0.016597968202986268
0.016052507982454497
0.020784164476418888
0.011248612338428143
0.014630669807352786
0.021787249772876542
0.022431491063858732
0.01941116069424053
0.014139058108794317
0.01806872441810766
0.019293907482969292
0.019657739377956764
0.01864990044986371
0.014275052821186995
0.016352865001390077
0.021718618141674754
0.018309332867618853
0.018962936643076807
0.013068020530192117
0.01570932632008812
0.014875726806620315
0.022784409041890843
0.015459993653263504
0.012473981580876946
0.01392970992973549
0.010857352865022117
