0.8361707055010171
0.8538231854484175
0.797249058696492
0.7486750908336652
0.7598956725138502
0.5993088708493604
0.7413261894517233
0.5986737033258869
0.5692617503438766
0.5668943766439962
0.5250252838403509
0.5464311329130755
0.45707775686875624
0.4458803251299841
0.42082225885093305
0.45733866021847486
0.3840305798786324
0.3529772299832533
0.24769727065937047
0.41566146473460897
0.26648727325500415
0.32950855518391553
0.19793572635446013
0.1941746041411566
0.24633211736611335
0.2133771974295109
0.11434230365491749
0.1626318634126363
0.21229777351493623
0.1665176849833871
0.12098685301837075
0.1710115273175494
0.0902154022547422
0.16947487335601746
0.11597651679196294
0.12681729491942112
0.09022744192127237
0.08666191284529122
0.09917281120566435
0.08514629533478546
0.0720575821482756
0.07451913495775424
0.06950364000555621
0.0753189739194515
0.09775647638789409
0.04932881923932272
0.08143190533822417
0.07333700501306248
0.07087305421555942
0.08458343210244008
0.06894480254913209
0.06956530619164529
0.06961455439398641
0.07433253377796871
0.07249703122384704
0.0660447443925237
0.064566115016149
0.051854224183893516
0.04682091372170989
0.06032541585001956
0.06402919940717988
0.04891591882593639
0.07013044590494853
0.04728572328582797
0.05192593761560662
0.05178418238225966
0.05254611262057814
0.0567630297570111
0.04579113731083577
0.057575742498404206
0.04541042348832748
0.040055214195652104
0.041261170482857074
0.04649034242774289
0.04184512525313847
0.05109992285068156
0.044198416473195015
0.044698159923079704
0.04880829401435645
0.03992161257676935
0.038528401331747474
0.05451682739689971
0.05463383419958806
0.03633392701351374
0.03205998282633926
0.03269092189062899
0.04238694713491416
0.04153402332070679
0.036674965821617354
0.03861881197110032
0.04370748381790243
0.03830713908484894
0.03877172555956597
0.04059335525546512
0.035387198212948105
0.037444130043608415
0.041690642312173724
0.03640141553094271
0.029861038672601453
0.036378169105049686
0.029059481132454445
0.028559594682097504
0.0302869568287955
0.04949310126510138
0.03904061791171666
0.036661928227727895
0.02739858814873717
0.042115515569637656
0.03531350758930491
0.02925669138991538
0.030716399050356207
0.026800049260967473
0.027286043772198426
0.03332258538900037
0.02532641951269468
0.03365078661775639
0.04250009340252876
0.028606394297412303
0.0401009581530533
0.031310785323330294
0.034105191513416476
0.025504689673110675
0.0263353525620794
0.0342153211741568
0.028999010653349817
0.030869128959094373
0.028614908357731006
0.024264104772014482
0.032606456930382846
0.0326287527543079
0.03024222821751052
0.021904354730526772
0.030579781281356844
0.029014809911309634
0.034737200043845104
0.0301101097675782
0.018646819827967696
0.02366572407251086
0.03646479688658434
0.03394721777601769
0.025601095265429148
0.033295190689916224
0.03492675294733415
0.02509037805733951
0.03840149014062485
0.030065312607589656
0.02615961424755996
0.03338401855507158
0.031725505180104974
0.03421314232822834
0.02992796581157419
0.028022161749478275
0.02599848661058221
0.018908778792461965
0.025750709865806944
0.027199177809135618
0.032594947133938
0.021889272047511316
0.022398523004167094
0.0294156457378972
0.024876369949714698
0.02809228712900823
0.02779020481932465
0.025212124261714108
0.02441258976958084
0.03020034283012966
0.027681508322872455
0.029658533547149896
0.028540644861289016
0.03468411322771837
0.0208283253246407
0.02459659224642453
0.02552624437762855
0.024672293990766165
0.019838773690548726
0.02507277543280096
0.025498876880542913
0.03019438565680755
0.01974761181176877
0.018894152781879555
0.023928228379514825
0.026450004022732676
0.023479291505914664
0.028470373797515398
0.027049174772665868
0.027246087878165952
0.024990838057451593
0.019323006780492504
0.015847777802904982
0.026892166425550285
0.019745987211938373
0.025457327603661824
0.020007059470967967
0.025743344051508327
0.02415466349542344
0.027860196130263
0.02387030760296495
0.024118182890210747
0.02476340630618654
0.023885729693809785
0.017133941307022872
0.023878079730218413
0.02637300012137453
0.028982089312341086
0.024925962527936715
0.02043327401852792
0.023457932122351303
0.024647211017606318
0.02163907781424744
0.02259533985204809
0.026620011320124103
0.027580187244133397
0.026276196385162615
0.02040498452513513
0.02834926324929009
0.022087832559640055
0.028404077882274836
0.019330915696062247
0.020558850498732583
0.026975422162248207
0.025799566402441975
0.023310747832253585
0.021130886189847285
0.02074788994255584
0.02363698018372948
0.016734257743534733
0.02777365494210012
0.026681597115318555
0.018163323304149544
0.016915886019267114
0.020610403817331487
0.020600167323712646
0.016505053592643794
0.025786072810045624
0.020424728891307045
0.01744760528728795
0.016399162438757255
0.018180391777188963
0.0191397099366306
0.024548196609985664
0.022895147674162345
0.030733637230584067
0.021938892485858893
0.015474615676549595
0.023107639329207813
0.01628565804142517
0.022610350782042987
0.02200300641516166
0.023967865877697326
0.018666743245323813
0.024277591002665255
0.023534957334953557
0.0223619658397727
0.02103836830938625
0.015689008878413926
0.017735183434448142
0.02841827806220954
0.020069442537956648
0.023911699141257563
0.02340492325232669
0.020476281197172683
0.02452591155166138
0.01918714230658693
0.019655231187124776
0.02072313021059116
0.018457612603764675
0.01736904905557382
0.017085711412973572
0.021143474222992963
0.01914438126158169
0.021193885486239496
0.026236077918311625
0.01777678022973934
0.0188530523155518
0.020779384163846115
0.015301130282178874
0.01759750757997153
0.01953212107587481
0.019451839215917366
0.020676428867392457
0.02476921264442388
0.016749390468632882
0.023400652730125933
0.019704889728754678
0.018791043069247986
0.014047030355171667
0.01883725694063612
0.01892342644484039
0.019144804615849075
0.021561277875507774
0.023326077013455383
0.020856673062013116
0.0192842490167087
0.017179780069773644
0.028190366734529865
0.0176094058026127
0.019659100740320245
0.016903706352143374
0.021111023699415372
0.015205681967040367
0.016437913605671307
0.015101760537370595
0.0220138288568291
0.015622414671541334
0.014315851930104173
0.016459109279481444
0.01857009192343172
0.027286560463700548
0.021542285963181494
0.02242529153700586
0.0202565902158134
0.020217076681099264
0.023572110561673753
0.021912159036002264
0.016559561550881396
0.01727768988839919
0.01580631924569313
0.010889467659893754
0.01803256161886877
0.01971229641930444
0.018956510535333364
0.023812835828887314
0.016801772064574706
0.018771288231141527
0.01966783814368858
0.024006621316985617
0.019550379907964627
0.021811042584362964
0.02326831553918799
0.01854039880609929
0.015358853541933499
0.017833642817816173
0.016960023084523664
0.018682899237211264
0.021725582440696018
0.015364202103779413
0.01704419214491354
0.022789272028364806
0.01883623849526849
0.020544327106397947
0.01908864227831216
0.020041704019841237
0.015089558796185797
0.017918942809113207
0.016636348392352323
0.020099118056793583
0.017403920186365697
0.0223490239667921
0.017719555665386733
0.022585631478858635
0.02122574164872933
0.017524970239401708
0.019785784799852206
0.016200792190108726
0.019290954536685296
0.01997318835651471
0.01830505400263385
0.019328700527016636
0.016524054828448907
0.023203072791038094
0.01966807848242109
0.016877330642828703
0.019115583323828386
0.020220850723924537
0.018885953718565916
0.02036261146830931
0.018376961100647585
0.022327459050981616
0.01848547035327344
0.013161043995635738
0.015552510393893753
0.014093724834903015
0.017059902761926628
0.017292615425007825
0.018396249463650663
0.010503102440405882
0.021475752849373798
0.024000468771648624
0.015623168855696552
0.011578662355071951
0.016382139579124343
0.015977676122262613
0.021555696907808473
0.017300302139224438
0.012532217055802297
0.014859054248248413
0.020768668098712598
0.01839716482055693
0.01631322433783118
0.017960470265906702
0.01363989267497857
0.01817290929356937
0.020458172086763246
0.016884050180924582
0.01841441426561588
0.013578892055134665
0.014688868557824863
0.016576469358688894
0.015064017696958166
0.017332319137646515
