0.8690394413927731
0.8359620026922017
0.6767432675493165
0.4677303792123343
0.5221479212063512
0.6530908323134225
0.43492941804376645
0.4614862655169018
0.3809766608483324
0.24512601015712893
0.36372426849097794
0.3004587463288052
0.2555640256583314
0.4295435590289893
0.23695551876400164
0.27956107022112436
0.29981172605213147
0.17904995764233606
0.2175420176533865
0.1912555911602719
0.1759661454130052
0.13524538859826238
0.13421315096441694
0.22516197420462997
0.258165759590751
0.14112865985794998
0.20018506082556833
0.1776431786963645
0.1299103506563951
0.1351126033824132
0.1533551346687485
0.14014186725453437
0.1402903594582306
0.1685562467751836
0.14071102862334867
0.12010830556652026
0.15583369847373058
0.1422222201990039
0.14027758857486763
0.14242857997550643
0.10921287083186496
0.13699574419975405
0.15882868491257754
0.13613778388312706
0.12191604236775173
0.11676103265039414
0.07609235573982266
0.12161042552197003
0.09474918959911859
0.10378942501059159
0.12684516589174272
0.13274948433079553
0.09708184853062764
0.08478929479941837
0.09715607339563352
0.07954745215318945
0.09870024454313006
0.0881860277055003
0.12948640732135236
0.1315432373253473
0.11019264431825129
0.10204294770457548
0.12479593624610581
0.07837589927386927
0.0950451023794161
0.10066030004504986
0.07982172897228487
0.0913309349231837
0.10020567971959675
0.09888683176497706
0.07285577666090853
0.08578113766226544
0.10595558994883617
0.10916229216001891
0.0839391565001024
0.13294771431048297
0.11888898501777134
0.06260111384916331
0.08125019482037928
0.07330157424197657
0.07931087499947527
0.0864852706382642
0.10035338399960687
0.1362695133104399
0.0960317371383189
0.08149660294941379
0.055608821287606205
0.12328866652349735
0.09080762309837649
0.0910700681190684
0.08423749206673921
0.09223172454817523
0.06477035854861926
0.09874841954969331
0.08553903294300044
0.08051537913732061
0.07742683340002861
0.10145182773043133
0.06557436289769095
0.0672157108968807
0.07583158945722498
0.08339223075691678
0.08911377603224382
0.11642633393302844
0.06044813489028887
0.1199140422314792
0.09210817651851419
0.09857799415233069
0.06825031667063096
0.08227688726079385
0.07828351095120423
0.07447399836898563
0.05850043841296704
0.0667748729596552
0.07487103614675952
0.0873163055625024
0.06849097010047257
0.061787863012280196
0.09099771609877583
0.05871792853821016
0.10079125166040911
0.04570678990759812
0.0669789164245933
0.07512243429586407
0.04596186311258964
0.05364205075658428
0.05297281302783073
0.08601957273120354
0.06187311906167934
0.0657182074972395
0.07421151504549545
0.058201336076038314
0.08173903123766932
0.04901771908582644
0.07232972247580985
0.08030238031233146
0.08388440833430863
0.05759305736111829
0.04749749253921267
0.06483519018108828
0.07354604756689939
0.08244186124817485
0.06327755727390914
0.0818736516215725
0.04811797146826148
0.05627954407391513
0.05049575485031512
0.058856592935083295
0.07595343211140299
0.0417740669195998
0.07043177507876433
0.06869978771487781
0.04857249812376227
0.07599513364858192
0.07284957257375167
0.04821189980146176
0.04807346380476024
0.07131148016238034
0.07291483485475729
0.05287266028335323
0.054818424980852265
0.040561658640336166
0.0533038780113226
0.034961025499053985
0.04795256030075698
0.07320022812656869
0.03751201910140833
0.07997408092542105
0.07591301552874738
0.07857911175716999
0.057626270960400496
0.04281214051451173
0.05567098046519488
0.06210095182899816
0.044833674544880284
0.059509489259035056
0.06948608032161582
0.052720203977192084
0.06008524611188578
0.050127388276099194
0.07177248493790679
0.06798401396212339
0.0679062541724246
0.049190412285962555
0.045393452933743965
0.055489885414981864
0.05128361295540266
0.036067652058013135
0.06205644754582532
0.04897161394021239
0.05502243409677797
0.05762247366473496
0.049224428793757
0.060809986706298655
0.08146234162464763
0.04869723845752556
0.07884129087372625
0.06298126016918236
0.05426818909117358
0.04455473945310698
0.04341327754180291
0.03741079601825607
0.04766470824299764
0.06120975316578653
0.06400238740503558
0.06677453777084136
0.06385170508261148
0.05460287028955738
0.06660017686386238
0.06958674510835611
0.0632902670846876
0.051153984302470354
0.05569954991446184
0.04913573006672812
0.04960807220988625
0.03902814111296475
0.060714004374375
0.03643638607525371
0.05895016741414326
0.03907073598457122
0.07189385109544273
0.0618343598163509
0.040278062579653766
0.035956583466372864
0.047054653797560624
0.04036357371860044
0.04516670910000059
0.06056467117341703
0.039571739562989545
0.049097404549507805
0.07843699759792466
0.03050242804524709
0.05471582665267841
0.05724360197887422
0.046275494207867036
0.03501386414072598
0.03533089541651547
0.0415371500953994
0.03770847259525485
0.05112239587948114
0.046896132803441584
0.05426298588122017
0.026044162160652418
0.06145561603910429
0.06828525931500926
0.06023676613880393
0.05603877575823737
0.04087106945480588
0.037648292913375785
0.03823617137785161
0.042607383781607264
0.04449678424324249
0.05001762064871336
0.038308757240419336
0.03462094782278559
0.056251507190182945
0.04578742658697633
0.03960899921003849
0.061860384841654584
0.04276070000590972
0.04914679697957883
0.03839335537206989
0.04432042101331774
0.030606257276532024
0.04236028523387181
0.03746029820019013
0.03133630293342518
0.038506191622383085
0.043831520771433985
0.049132060053268936
0.034856360413582525
0.03001148408262459
0.04657392788182002
0.05701644681668857
0.041831155680169096
0.034178159674956896
0.04640366917150808
0.023528406201025153
0.05906986043967111
0.04569344886990332
0.05734516187781987
0.05190690774053004
0.04988826748405204
0.03870637174098258
0.05631386745164722
0.03899815871426243
0.0341212639960435
0.038717712786782474
0.03219617490133968
0.03157199169866372
0.043555724495692866
0.025893649172191967
0.020605637606509623
0.03366578414437255
0.0621011370808255
0.03638890052505756
0.04236134900594609
0.04700211770924713
0.049972234435860206
0.03644858794755207
0.06344383708526878
0.04342619706900945
0.039631129919911905
0.06346751882893753
0.03608274218714129
0.05168418461543896
0.04353810272658338
0.047448355328704325
0.0578563470259299
0.045848921894922054
0.0286726570968521
0.0316297832040459
0.05154475911560489
0.018615325314417987
0.03242936374156714
0.0815119649444447
0.05127263304427794
0.03044274291053533
0.039331286078916596
0.03687405092920086
0.035088267182509805
0.05300932600381501
0.03555382454854915
0.0587484519213865
0.03196322343656275
0.02499086299538146
0.03849458920057734
0.04807517587801332
0.024396890781680433
0.03327666694051802
0.03244496245005839
0.036277159921643
0.037301271720057025
0.04518834595397716
0.04474655101713145
0.034480697106760404
0.030150106084352302
0.024331520476593975
0.03815599679119215
0.05225150168046668
0.03409895449987095
0.03070982192040459
0.03511802725250712
0.02960052897825609
0.04573564051101173
0.036297522001397
0.05221641052601744
0.033246571459006245
0.03179311789469746
0.026212021537145053
0.046953388253720606
0.041331314312900755
0.0431489502470697
0.03556491698592941
0.03120294367693391
0.03255256327319767
0.02934666927510416
0.025650434087008588
0.05401407031722004
0.0646778886462622
0.025259490075679465
0.024849804889826854
0.04061082935341667
0.031245757941471254
0.03281691579695818
0.038938120400125224
0.036003208360997095
0.0377979933970905
0.04231955016444997
0.04007883719015233
0.046949061352331026
0.025309457797201357
0.042002769526586416
0.029435636803465802
0.023827831009303514
0.048066691610918796
0.0231847588417163
0.04114254877469118
0.04482981437529733
0.030497322422148178
0.03564740753652429
0.024015705562767546
0.023013736369001562
0.046180721583983696
0.019083599672737962
0.038767768654654845
0.03128771361137368
0.027362832983414735
0.029209421048147742
0.03712496162338881
0.049158078757520915
0.025407260350502607
0.02916701441668502
0.03212395522243133
0.029891097269051585
0.03931028600683902
0.04253110978902173
0.03445174699243528
0.049210055216751335
0.029759834952307412
