0.7181477317607581
0.6770572958783648
0.6153316965469554
0.5349121532793115
0.5269430167340251
0.510695395155043
0.5306609841418961
0.40867423869267955
0.4144928055649836
0.4403976682183403
0.4282729587010558
0.3709827357662011
0.4301497523192178
0.3436185197391789
0.3549850469155508
0.3477678699786156
0.390731318773855
0.4084512639242779
0.3984029722405594
0.35221608762371165
0.36093051816580385
0.3186270706177201
0.3705738553398857
0.3897831386051465
0.3466807408671568
0.30789220721268373
0.3811186764175417
0.27757665139593474
0.33987372579748293
0.2745835674929994
0.24263544560989297
0.3139910295610116
0.28407488255759744
0.3112036593047044
0.270200946666025
0.26646942456030714
0.25509300018930325
0.31634689759099677
0.2941232562258155
0.30087356382908476
0.2944227146029447
0.32992742386329615
0.2905670915814214
0.32496666894529735
0.29975658487784573
0.3037707546224133
0.2821377361982693
0.27347562107094026
0.24720680832208033
0.283587687086373
0.2721251628932283
0.23974083510608768
0.2850454531162038
0.29188305443161283
0.26777957325451296
0.29794005644913335
0.31191168293081584
0.2617123260090001
0.3339217094594993
0.21473232395146247
0.30512323564642874
0.2306477468935666
0.28944720078033837
0.22402553950095855
0.3061058584348667
0.2825053430748775
0.23286290039779875
0.18963527903983882
0.1954432976380129
0.26010669905618633
0.23792091057032477
0.23870457534120632
0.2611153558444602
0.267460175427887
0.23066364401886147
0.23920555175969155
0.23074885988291186
0.2769733719519048
0.24254884068618426
0.33302018359182745
0.2243684721422484
0.23595693957900926
0.25086047930569666
0.2149826850635114
0.22070362804936594
0.21446940700816014
0.23104263913932482
0.2590370991359795
0.27378308533083406
0.1899513090669515
0.22511728889507215
0.2502774045035173
0.2596339454633424
0.22436710585321387
0.24472856935122816
0.21547604281713686
0.2428884165655501
0.20599329434989339
0.22693872761990344
0.2090079047442584
0.19282683811743323
0.21719045832507167
0.23796484440886717
0.21553389007974225
0.2319880719973646
0.25138130565149447
0.21767253857036292
0.20518299419659938
0.16566387136390465
0.21764667709504404
0.23414862868263836
0.20824821156929946
0.18147275268002552
0.2007054560439991
0.20172810039057176
0.23574939709256776
0.2207318235723465
0.20473296152503084
0.1901414392072696
0.22445131117871736
0.2088071940604194
0.18996540685059804
0.194248162780357
0.14922319109272092
0.23308321080122804
0.16165216099861346
0.16486837211983002
0.20453651809249757
0.18814449737768446
0.18103280436408192
0.17462051807288811
0.19171768759308555
0.1608027921269684
0.17813612710281357
0.22175211085500282
0.18538398736651718
0.2109932150229994
0.17829894418948766
0.23374992111266205
0.1970570643678937
0.17664038947747276
0.1833462405295762
0.18981354679473245
0.19670682999973435
0.17649570054132668
0.2152343424375453
0.18620313837668268
0.20812245981453903
0.1787255993173601
0.1789841001799753
0.17246607721695614
0.16774270373549727
0.19241018732500498
0.1614281446913472
0.17959716464949257
0.17763575984715596
0.19620030661898633
0.1871965170080364
0.17618647516163535
0.20880430776835662
0.16379368007151945
0.18979688221564583
0.1844981367434728
0.1585395607219833
0.19659198049542262
0.17868377537302985
0.13487921347028245
0.16215543466845955
0.15262669547241017
0.15474743641332492
0.1828202164314706
0.1799921701165405
0.1771991422149531
0.17120395651284542
0.161186180100599
0.17051750261363513
0.17906765277506093
0.15760209945525375
0.15892237730586395
0.1584272799564615
0.14540034328750745
0.1896397937439112
0.1806715703545066
0.21089704255307057
0.19091804539778795
0.18944011043548087
0.1848050070705291
0.13600196055965613
0.15870778638389355
0.20122399516898176
0.19524280302526284
0.17890660829596222
0.1705405244378976
0.1582936839205386
0.17827859315463962
0.17382525245497543
0.16750445755933555
0.1699514163346797
0.13442149477887272
0.15012340380044364
0.14538233402084472
0.17457245236700014
0.18934963337761626
0.15560736355610086
0.15445154567836092
0.1529042127603862
0.16013620499402872
0.16369823173931003
0.14243878858079853
0.15402564736744168
0.1820352120720731
0.1532144426407342
0.16167691812828655
0.12917145826029708
0.14218087721760558
0.14515588150011285
0.14568933115224453
0.19030863854626728
0.17199765449769056
0.1387881314233368
0.16155929494558335
0.1522703013489384
0.14929024802217336
0.13165806913702843
0.14922850484521533
0.13551888500163076
0.1569812583801215
0.1250523951643319
0.18123664018385746
0.17727751452631008
0.1247999971776795
0.1271017285263477
0.14172600475535868
0.19112770653780592
0.16690511034448044
0.12322337461893337
0.14335113539398323
0.14728007255362638
0.1435747980603064
0.11377650494302241
0.12413669320117951
0.13696899385294686
0.19240261959235602
0.16685688450360933
0.16894317228192898
0.15624422508521868
0.16215027492554843
0.14544358782496863
0.15696574545039493
0.15935820940656398
0.1686296122078245
0.1334769607218391
0.15043053677381196
0.11627312679788289
0.12821138185626688
0.1419854111016122
0.12736858931690598
0.165574142746182
0.1304318818121904
0.16660687437281863
0.15475495760944397
0.11883304472900953
0.15961685398199937
0.1264223047841729
0.13860119248279928
0.14060975839219858
0.15337755304708944
0.1449202765498207
0.15522238852126824
0.17232166118631456
0.15228998349821585
0.1292252561650724
0.12640203206302417
0.12924021417552373
0.1412589845788019
0.14089787927769326
0.13303848966522464
0.13864575192696532
0.12071936556173542
0.15578584629179976
0.12428830968430762
0.1354377066699705
0.1436968844838514
0.12158041889487696
0.13197322137847864
0.12814472577312364
0.13824537702892714
0.1455746858535793
0.1724984228035255
0.16050502785759804
0.13784168473068506
0.11188058198720205
0.16643300321299348
0.14895331559999242
0.16009380317622085
0.12452823783939129
0.14663870724228817
0.12656818561407499
0.11464826675438713
0.1393047733131979
0.1208608264173775
0.13019791335125408
0.11999447628206639
0.12954748983881087
0.1272218072007739
0.15214657033232243
0.14937325550732852
0.11378661082069241
0.11591442190722219
0.1159636853430854
0.14537796397182065
0.1392545514192252
0.10512694989871738
0.12602719750773725
0.1342933469120212
0.11382571417896332
0.0966721134331423
0.12211799196219142
0.15387130918631792
0.14544790053920678
0.13388435080886116
0.10066096640104003
0.1094714055515634
0.09622561062139541
0.1339855425169118
0.12432542644996018
0.13634192527619485
0.11303929515657643
0.12275620141495328
0.13630850498360075
0.11904415212001622
0.10404920275285745
0.11094795154171758
0.1434456738088088
0.14091215888412928
0.11641007154162833
0.13903832721476966
0.15123399064986914
0.11417237775528324
0.14300849665946905
0.14471971976409112
0.11351435974086561
0.12047751950171001
0.13045321327023057
0.11551341018966237
0.1325364199472319
0.10816948163355941
0.10307030381820914
0.12394422025123028
0.14553944632189492
0.08803682650163924
0.1454355996481313
0.0956846343585602
0.12119930895993154
0.1191020260828595
0.11856668282227241
0.10632547318763468
0.1128760893216976
0.11315352719280647
0.12461729746432612
0.13214977050675147
0.14555791239167454
0.13542170500645218
0.1257322703054553
0.13847102425878471
0.11269917990948222
0.12826176765355163
0.1241669059104648
0.14408149304853454
0.13565393152500832
0.12123995574213038
0.11187531158988635
0.09264653469211162
0.13822782672215111
0.11827723180508767
0.08433005428161211
0.11988895263487423
0.12260587828587961
0.10329294289025903
0.142080345670121
0.1301271425803468
0.129870099444742
0.15854372858383609
0.11294418681750115
0.11387106165655965
0.1111465488400494
0.10113129915180463
0.11624917331948295
0.12547180157414597
0.10943243576895101
0.1355654060763633
0.09278401832796086
0.16116730396036397
0.14414610903263156
0.11792737404679379
0.11042158183878217
0.1017232147793855
0.09555924630668294
0.11846744598573437
0.08097481720182166
