0.30278684645797554
0.3502364829485692
0.21183220677017273
0.1673698881096215
0.2038800029497409
0.17848771171004504
0.1784445320257768
0.1620083254197801
0.10907513894203047
0.11124271755338541
0.054020254887103304
0.06891861118614488
0.14162506445561535
0.13769395747554072
0.09174922165458797
0.11126648083474133
0.10265137303386493
0.07494851390198731
0.04912725505842242
0.042250445933250634
0.05574284809573369
0.0587782010177519
0.05315327486264295
0.04624934490948518
0.023237307500628405
0.07143392264251987
0.04778277878360164
0.0314679479487537
0.03198503402661736
0.057200271766102165
0.04246319017022366
0.042417854384682485
0.02402618604552442
0.0666929415065565
0.02300329564815875
0.05110329557489991
0.04453550527734386
0.06331319541938514
0.014642332009832056
0.03256815466221325
0.058622770916876156
0.02758183008173113
0.06232408095359572
0.0656332862610922
0.026762260409701942
0.030262844369957447
0.023843146305806216
0.018030980595326863
0.026671902224674682
0.01961934764337755
0.05253842555131705
0.03627744403760104
0.01686868514968807
0.025503273755784123
0.03993063919461724
0.017905724685779206
0.027806289314577758
0.023539367291682538
0.06175020108541559
0.05605355894573207
0.044099522536630506
0.02250388432869385
0.03181439869956102
0.0477573114566726
0.02321143662899341
0.011376822653462381
0.018379968510264178
0.03790498110039377
0.019904775122520278
0.04028793135104565
0.019213682088314386
0.02929981406528213
0.03198670443356845
0.012954023613111354
0.05768832426296104
0.05147665375698039
0.01903816483482252
0.027143915085278393
0.03448551559862494
0.03420990718143031
0.03211203268189812
0.041116552132805004
0.03177818052818519
0.021204807544310988
0.03035855288005071
0.030738634513769937
0.022954965624597604
0.019955359434048324
0.0410703422427027
0.03421706670628623
0.014903808425685977
0.038179630153441724
0.01240921196056661
0.01496147131763646
0.02150630577691374
0.017426800801383993
0.018382344172499638
0.010857743338107186
0.012068154961353841
0.01984665492543513
0.011642865361220982
0.04285893680272125
0.01290621279130022
0.03367169176308764
0.008764981007143718
0.01681298955696576
0.0068791878183992764
0.01566609579811257
0.01916232604715731
0.042774883155417165
0.043367843175197436
0.03142131708182162
0.02670494131554136
0.03624748579341584
0.028501712181651307
0.011863274617142278
0.019523889808484685
0.013340771288077456
0.047670805930086435
0.049008234542231285
0.0033155378278527797
0.01299206585834554
0.015598073108460394
0.03940263951320887
0.01208082110697973
0.03678621202491748
0.019337216958716964
0.037406027428694984
0.02459021751597845
0.029597088589645472
0.021705015845467416
0.020592805092587128
0.057324261756186844
0.018869235560911267
0.037219965069029116
0.019262513672287013
0.01578410892954196
0.019574012169498757
0.022988955733045484
0.02365924260383921
0.006444114746178968
0.03425880966203196
0.04508039311699832
0.022436836455772456
0.010241966226602416
0.016900786494065297
0.03472043261108184
0.01801501853214347
0.0202390675298632
0.023775303024108047
0.03088520846894561
0.02237089556129774
0.029286713503547612
0.029532646950049042
0.012562785155019185
0.011764397137334015
0.014976474375933007
0.034670427512282775
0.020668183082866706
0.012267330913735747
0.004666464083395
0.01904214328821553
0.01739739555059501
0.01817891328223254
0.030589971951110906
0.009727223982184228
0.03471390136548507
0.014409921275834564
0.042762195764071434
0.01594644966727231
0.014107994071179561
0.015482016376400762
0.024270491640507996
0.019525250575453866
0.019389030923924508
0.007932480995226709
0.027955843408313967
0.027030948074691134
0.03615982558250934
0.02691542282183761
0.008485649549897544
0.018685110663838597
0.0189455685648835
0.039227795912234735
0.027617378959209515
0.028938852990821145
0.03633705670344291
0.01324512734068051
0.01960054591932895
0.022807102527980704
0.025724772112729964
0.00928950085919041
0.009396192745967513
0.032169833454861844
0.007537207354420729
0.023524756254768416
0.02144745611041913
0.017558382781984818
0.015436253956207652
0.022895116788156714
0.03275278946135529
0.02653654739936968
0.011654302720500593
0.014228162345237156
0.021323327058257895
0.025753899177319926
0.012278471380838594
0.030521648656220042
0.010091024308549733
0.023923637264252735
0.011373358331284252
0.021574869389443446
0.020647401958811144
0.013796113122701428
0.013332528752114003
0.01650488234793969
0.02338741878167071
0.025983961763354702
0.02418108041832177
0.0175991053111769
0.019509347559258285
0.024374963610875964
0.013945730783927671
0.025494680078194425
0.020731801092513394
0.014602235899413932
0.01593835807469276
0.01664886429115242
0.021723489215914285
0.0076017074013270776
0.03696816383215264
0.023578556574202023
0.016340354914790113
0.02839694061779993
0.036826242251267155
0.00922536528256458
0.01399484105791558
0.018660544631619015
0.010255513623866789
0.011581339222751126
0.006410867958650925
0.007868908281805318
0.009118808634231926
0.00821444574188277
0.030429042203188317
0.010399515407018497
0.013802912283397858
0.007184762654718002
0.020693937971479028
0.01405801112397555
0.006350070904985473
0.00959069491385762
0.012273734441950169
0.012666382743525304
0.01470695968175505
0.019335868402966132
0.01754350622686744
0.015408023519772556
0.02427644052869368
0.023416765497769967
0.011331788241612344
0.010199269170041275
0.033524373849328264
0.02078460426739227
0.0042020689095258485
0.01093031962306924
0.031486982744118854
0.012924446586331795
0.023268216065469007
0.013190011103930175
0.015100905442761247
0.01524269902870998
0.014579643415925289
0.010014175290726398
0.020951159276300042
0.013738707857330043
0.020484216261535692
0.0132737986505267
0.013374309384270474
0.016453984547608862
0.00435750935427876
0.020080653444965076
0.012726557898376716
0.021633218012379028
0.01597315090908381
0.00720919455654787
0.01523448036813534
0.016004761230216644
0.013940334698652917
0.024562416952511233
0.014214302572020115
0.03338179041969028
0.02653216517143193
0.020468091714699453
0.041587228151768435
0.0030179683452516313
0.01153035162647626
0.009611615397657262
0.0065828603444688825
0.012095501962517404
0.02177619271178429
0.008108873593705112
0.01594210114215798
0.012957852829123267
0.018612322679321523
0.018108241836841968
0.014200321770344429
0.012544325385857032
0.01200953549107318
0.024494420607908574
0.0148628180639588
0.0255885000972124
0.010204512087520498
0.022746573571048995
0.015254827464225684
0.022322071531764253
0.014792891002115314
0.029215805018985463
0.013118694974078197
0.02011917710222804
0.017647102130310517
0.015137906399335465
0.012010792112035634
0.01124610852048619
0.020472631123143115
0.01501492584390931
0.008716165545764624
0.018599495722826872
0.013828478100181415
0.00899439800725375
0.002911636159915147
0.02348533105559994
0.014473194781638766
0.031952583841693735
0.00521944137040677
0.01334489437897723
0.008907800154654522
0.010153143755939098
0.013581533605612466
0.015632456805456413
0.014460318842851472
0.018852976295397502
0.009821152278178999
0.017339100590592266
0.009663613911917751
0.01817628750227495
0.02173812351907802
0.014263913504533429
0.02562511044497981
0.0067612134738296
0.031019654841718848
0.012120199027361877
0.006117126175683829
0.028379823766403838
0.017255137041301792
0.011656934830106706
0.013494035066315746
0.008618694975658061
0.010404736561427227
0.016751631466682328
0.007916136019707238
0.012159622729820683
0.018652725893309137
0.01709148717695911
0.02215303709938567
0.020263002797986755
0.02076523487792862
0.016530894038718175
0.016104208678632263
0.03193308581989528
0.004344841541779231
0.012362427214436592
0.019678576272399516
0.016179951556336718
0.016837412704000198
0.013463063340155085
0.012073671565503829
0.015371901348159689
0.004606427866069964
0.013078683400008942
0.011519950928701237
0.004295224870709546
0.01856279123242526
0.007197665614651213
0.014329213863168775
0.014517386961109652
0.009212431663979859
0.01662088247261643
0.010856870202191544
0.005588983665375729
0.0060712081796377515
0.016775337047760387
0.011261573142506478
0.005516727138918326
0.013194870014499146
0.018463259611001488
0.004920877972049454
0.015554398453014855
0.014450436909542647
0.008787692261705473
