0.5807375979099267
0.5503377502838995
0.5245270843688795
0.48359983921474514
0.4180288248419248
0.42863666489832514
0.5430453009458045
0.44918752438307397
0.32388767620236497
0.42030404846763786
0.5118037657112021
0.427596924267724
0.4179438081409185
0.3734272898317696
0.38646332672292805
0.29960495667764625
0.31432066792308644
0.2689683822784351
0.2887014172954572
0.3701628146993243
0.2722886346612353
0.3182840815812455
0.3869646164312326
0.28220413791621163
0.3198481002560028
0.3186220546706484
0.3486475803325784
0.31479476951955704
0.3642797006722772
0.3001932643032056
0.26616035188019493
0.2821243022521456
0.2785503258977453
0.2878660028894774
0.32168970675258934
0.2387077396314891
0.3031576106543572
0.31501851469056424
0.28656550271635517
0.26792866088413275
0.3013079752398719
0.254499847594026
0.2007975396710575
0.24205811446189612
0.2395776694282163
0.3012261492203519
0.2585933614786821
0.29522167148574735
0.27728918441989375
0.3223589371591252
0.3119830646680398
0.24801967021279764
0.2953811754014653
0.25192841861071036
0.2605205697921916
0.2658797543103376
0.3168932861910838
0.28055106425914544
0.34300162465773265
0.2807527165734444
0.27886476552281547
0.27091263279629996
0.26190822920202317
0.28364642590917155
0.22518308052819389
0.20677016246538557
0.2146483157360466
0.19374202287907993
0.2518560240394085
0.18145685791759747
0.20780837445771388
0.2629101355763407
0.2962596655064408
0.26932000739799455
0.236294446330701
0.2561031561462598
0.2601851839249166
0.2121059129106591
0.21427597248967517
0.2784194396269009
0.19526431434234537
0.20312344180233324
0.21740292678697423
0.22047744410141065
0.2413503101711935
0.25852270618227696
0.19083052779820517
0.24168552555135042
0.2239393341222598
0.26538652615635194
0.20556389289523463
0.26523678471000933
0.23498589999830916
0.2593054614164221
0.22737825069900283
0.22148060506880665
0.18113807332502568
0.21473478920881933
0.21565205281491284
0.2529118567615286
0.2044111846277378
0.20076346164179454
0.24237120689256497
0.2536096385850854
0.2245213168405657
0.2226512387735541
0.2210867728433718
0.2029090751307437
0.17839016914391914
0.20250991239380406
0.21509475484914828
0.1671831860585004
0.21836082277019261
0.1590822978100988
0.19378849243924007
0.21841757643018492
0.24497260289586542
0.23144287736190527
0.2014955475212163
0.2501547425729249
0.23614565566972018
0.16724757826600517
0.1963862311430414
0.17515805194596198
0.21546865600613763
0.22609750393715636
0.20024744525777147
0.21083383773872844
0.20269250525391858
0.24274157939181254
0.1859409241301735
0.20852580031624676
0.22630564410479032
0.12460695749218287
0.14985046058959295
0.17983187850990429
0.20827909680851947
0.20774557934104437
0.23893570100718708
0.18739481857553314
0.2169038716552064
0.18835606864156543
0.2021515418134085
0.20607202552184947
0.2428230618986796
0.16804216153792245
0.140163328311246
0.22934282188370606
0.18110071239975187
0.18676896070227217
0.19499261810271423
0.2648229982352442
0.14345418430959528
0.2051400541020106
0.17631388800411515
0.19564445477639783
0.19476272062605068
0.15944188127823303
0.18347994039977192
0.20095746889175609
0.20974918533616868
0.170690466177718
0.19536990327120868
0.17500291321914657
0.17873866978251535
0.19793560769917046
0.16149469640380767
0.17356088831077954
0.15746056716061027
0.14032309110077457
0.18004746047980208
0.17008595489847655
0.2172740370080478
0.13469629010628725
0.11876016018745657
0.1762546191971793
0.20684074519999437
0.19159372672571812
0.14894631206276748
0.18847386612038736
0.1889929897189561
0.1665908798746541
0.15950978568866792
0.1571215751305234
0.1683304726292638
0.1581847722576101
0.13807637425505564
0.14097090041779056
0.1982522153136873
0.23594808342085377
0.18703845292838128
0.15378040085499753
0.15762122725630331
0.1770379768030041
0.17467488936466571
0.1563322460392212
0.2062225205035712
0.22951016637164517
0.1694830536717914
0.15315352668078924
0.11062075647309266
0.19161875767315872
0.17203589593310462
0.19628656548094114
0.20278697129080142
0.15676237374128404
0.14156234121744599
0.13790104298861142
0.15393705908319577
0.17195946081144906
0.136487142122993
0.14782173304389662
0.1490381532060086
0.21485053453622474
0.17369864072406385
0.15817128369093253
0.17599416553351854
0.17130859650330119
0.15627754255204043
0.18607809352788535
0.18312958904993573
0.12541241913213186
0.16016803953958175
0.18665736946706063
0.17692942616312157
0.11100901694163472
0.1508095017175765
0.11410180042476559
0.11356810492767788
0.13400425355582396
0.17587037945662015
0.20772348525818027
0.16143000246255862
0.14708933386719195
0.18883828800125124
0.15815511448153602
0.17977813640351262
0.13466398463962798
0.13651698832607911
0.19298397132073644
0.1917611566341741
0.16542006856099084
0.14561960367086207
0.13010007464888143
0.19556424727059893
0.12842131746794286
0.19404317661829923
0.18486022059922763
0.17426946867115595
0.14786232790476317
0.18086942581915838
0.18159921645941118
0.15400300571281383
0.12753406273570497
0.1508895191884688
0.16440374644048833
0.17112203346248053
0.1935367594656546
0.1846296575475312
0.14296100576616244
0.19491905879342356
0.11064214591939836
0.15232877642244871
0.1567483966477347
0.12704542633315435
0.10231250727758381
0.16528802380067106
0.17024793944843353
0.11250459647867199
0.16756577603596504
0.17759312007627898
0.12659778253623932
0.17515900605230586
0.161603679675908
0.16893606411381273
0.1623311616390169
0.14249617680524185
0.10282652930900542
0.14469513362426537
0.11598897774134895
0.1498977102355147
0.16351450566104242
0.1671855881191799
0.1635955898338438
0.12207802413733522
0.10352636517672802
0.12848043649303995
0.17747953090049862
0.14743638022941283
0.13332377940555992
0.2003414581302294
0.13567891281106076
0.139685161321858
0.10431923126016007
0.12446922893399628
0.13338079291807675
0.15254611744278024
0.13162162831347862
0.1742561939049197
0.15227619942350226
0.15414915584771832
0.13007954007759542
0.1172584279961989
0.10293336622244567
0.1091622706495956
0.15740451744597386
0.12550980511040874
0.1539482747204236
0.1797961646239552
0.10850338500063117
0.17906809943129504
0.1422567245118686
0.128262225099946
0.12591424779198726
0.1464410942037682
0.12637589930526044
0.12519621058830968
0.15639463650922586
0.11371320847514721
0.09507084661963391
0.12270054836078223
0.15780417501886979
0.15301095443076382
0.12926458580844627
0.09837559407726748
0.12165896193183104
0.1068958727321155
0.14935753632486148
0.1576754154798935
0.1604697518433777
0.11783436744703876
0.14296727054052097
0.12151496419617107
0.125730549560094
0.10911199768746234
0.09828121461095954
0.1366141921049176
0.12474530706331968
0.11267931355863126
0.1588528012840477
0.14154370191007293
0.07461620749908333
0.13016778795414496
0.16082779023330657
0.12860110530389443
0.1314731277886151
0.11492312706413874
0.14949216203977173
0.17742072517222873
0.1261716935140184
0.11018968545281731
0.13467519945262516
0.13999348927592747
0.13777773414425812
0.15135713678979232
0.10884346520530774
0.14107956955718093
0.1877035657887562
0.13086114768517731
0.15456951365897953
0.13129944855918135
0.1586287169401462
0.13513828832897595
0.11758219187845194
0.13029654156780315
0.11021451769835491
0.10705457911979972
0.16598818438427432
0.13344628879025294
0.15356324880029726
0.09337622844660463
0.1307783916568786
0.13864494178531309
0.13642610501676916
0.13494916977572724
0.10303283198172553
0.1732687743919406
0.143894456832105
0.13251742728720944
0.16737653348564113
0.10515566150680064
0.12163993486860043
0.13643219231333137
0.10575129834724
0.14914501127484986
0.12108728903944059
0.12754270662855155
0.17582060017454987
0.11532130978501301
0.1428353286883019
0.10466544566655253
0.11949047042389269
0.1489828829002545
0.08871834534335635
0.11328850887407733
0.09674691577601591
0.13518348010493256
0.11264618920685783
0.09321056756366791
0.1572383403381801
