0.3204748095354847
0.33663012070443865
0.23627693412505496
0.23480138725183936
0.15059362745130622
0.2664554450098921
0.14195706868940325
0.17431715273063214
0.14183112699549613
0.11998184767122264
0.0903571616818215
0.08361598694939743
0.13869681402703232
0.05797101933722502
0.1133121340189939
0.0973334942126988
0.14036499861583365
0.09228360878891265
0.06049317505660952
0.07291194040746064
0.08414185755674368
0.06058525382307835
0.06315450902162298
0.07663321929431618
0.07850998744518164
0.08668540351217416
0.06711583342362588
0.05673572251545295
0.06550288842343889
0.06347750667794913
0.018025092001815325
0.048672871088786
0.053237024087148366
0.04141106983471019
0.03221664827987354
0.02877258049615534
0.02944969108867383
0.03433165933264746
0.0427220016314152
0.05515093176766016
0.022857728139338746
0.030466320655068557
0.02862157306053632
0.027485029584541958
0.04243304269932537
0.038410386421610945
0.04469851561018231
0.030274120000869698
0.03899610456272967
0.025409581633158353
0.026177239322694272
0.05563204147323127
0.043431659374846554
0.03984217491887164
0.027540449327989762
0.05028935465451696
0.023490355748584192
0.03803122887910774
0.01978650547938088
0.03921576149942097
0.061065438997679286
0.03866901465779307
0.023040367403972938
0.038046501470302016
0.03695147551491345
0.03249345317897337
0.03590323405443428
0.035969469328684334
0.025456056238200086
0.026496409878344025
0.024310542535556583
0.029225312336719184
0.0368734342861515
0.03967715676461013
0.03633758488334252
0.027788332702967017
0.033191387452557994
0.024409815492991524
0.03443244749792854
0.020801017167611492
0.02782959046539944
0.0341400926565484
0.038572624958999595
0.03543546707242669
0.0275574632490887
0.028704747969709676
0.016339802578403492
0.03088706577870895
0.02327180250644943
0.02585272397279368
0.026576903414080845
0.02604672684771629
0.030115834219449484
0.01484345679446136
0.015362931856948092
0.02505954395608384
0.02696776757872968
0.024512351526645944
0.021333341097816358
0.03042408323231427
0.023920994305807148
0.030551395113666974
0.021459200548794116
0.026520709481107053
0.022945651573025288
0.04503372393330806
0.024151788561061947
0.025249195152458416
0.01542139033993294
0.04239051004831495
0.022047489183010784
0.024400519405187997
0.036723193316606804
0.031032931061356663
0.02091182973209989
0.029749583357446728
0.014388909861086745
0.015044393607921624
0.017421792826460555
0.017776342964111794
0.03471568132126549
0.01808476843755173
0.04073963611801424
0.022881630893196534
0.028457468789027874
0.01157378937873538
0.024094414986733738
0.008930829086137067
0.017671196568814766
0.022938082685350306
0.021762540182998294
0.016964563753210628
0.015712329298982725
0.019269089917317215
0.027937490909599204
0.018512171965235216
0.021821920855276462
0.013701230512922677
0.030358945133370414
0.03510397868906182
0.03028392445899783
0.038950574661049515
0.028443774298427805
0.02600279190473117
0.021564370578618507
0.025953049019355412
0.01389487009683137
0.044106058946116564
0.027749998558932138
0.031012952834992336
0.03154763825144215
0.01621514059521758
0.02237886662943957
0.034866023371294255
0.03165111354517449
0.024063962399128568
0.03428995696139239
0.02134245506288778
0.027071350489413747
0.019311695502955997
0.012525760727633325
0.011995366017188192
0.013723078336873015
0.02049586879468005
0.03625202893638203
0.014041938395995854
0.012552630953507418
0.017135716913247095
0.014449161203437913
0.027298053654189403
0.02271765163991226
0.012566526661969987
0.01889269881762033
0.012099212672178226
0.026188286188957695
0.01832963205115149
0.012894453357387833
0.012410583477054794
0.020800144772687615
0.011230038861881581
0.02285092333860817
0.013751788524853554
0.020305454821124013
0.020144014995483413
0.009861960788569844
0.017143877549988244
0.014278285492138854
0.037533491732206874
0.02374995390763359
0.009549627651944092
0.02397802148230916
0.01614693198029144
0.009341092731285663
0.01610463120139414
0.010674219422863729
0.01940504241405641
0.009823635646291322
0.010144822681213344
0.017474997060301763
0.014227850127859657
0.016311431177416586
0.0077580815969928805
0.01490656336916459
0.022997418207006674
0.01794851592767209
0.017230577740871243
0.020926499723582875
0.015178931670943713
0.02037354293664087
0.01107205908631471
0.0202432765205689
0.023699524500157453
0.013895561597730078
0.018653057360859576
0.028481368387974305
0.018399923644480506
0.006533679989851748
0.024599738639143706
0.018221619525585844
0.010894889994415848
0.013872538243787319
0.018701195413704
0.014155548944062842
0.013061211606387813
0.006583740415433824
0.015452576651191837
0.024035913494729756
0.01765243503964811
0.02103132537620035
0.016986661990252828
0.01926015191150853
0.021928678824558717
0.006005328526258467
0.005635183389214831
0.011708146021194635
0.022916983008030415
0.010850227097552933
0.009096383818576043
0.01843282230103572
0.012586970287129661
0.02165705779381703
0.02122050824018288
0.020369266960337452
0.018550406888414413
0.01067462838641214
0.012356880372509413
0.008737567449204101
0.013377424598038066
0.014608564835964163
0.009096635776546552
0.022233895867153422
0.011263595093616914
0.031338063074758074
0.01811214011463491
0.015588239526334747
0.025207987297173846
0.015963420994839623
0.012694130011525856
0.014256461672451048
0.010917199976197552
0.017129421647334588
0.012999252290397579
0.007835633319970014
0.015852853568895497
0.02829776338532234
0.01686685520948629
0.013166536906510515
0.014137492885310224
0.0456812617831497
0.009497142950735336
0.0111684747375935
0.006734055411957911
0.01612131860623713
0.014453521423772316
0.019317887310773475
0.017402074399260812
0.012411596098041855
0.015826308470803883
0.03294145206972132
0.02458164920922297
0.015376459489202219
0.017417558715450667
0.01209133248748138
0.020621704981973996
0.00955728592862016
0.014555668753133771
0.0236034331096522
0.013789459859522069
0.014820830230279436
0.009406449162706243
0.012317318042926503
0.014628219473930526
0.017723315662661183
0.011968260634617634
0.010090678515902953
0.011831910850978495
0.020146632672824436
0.008623313923946867
0.01734818425545427
0.014443682504516105
0.011390245580426353
0.005869700612612406
0.011227232457311942
0.004079724149004206
0.01433497854484848
0.020986116306201345
0.009710208425090698
0.012593238349929942
0.011235666276279945
0.018114939562818365
0.012732173234998357
0.008252163509216998
0.010221895319664043
0.009041352522504337
0.009004630602214053
0.008076103756313329
0.03403081508502189
0.010928981582145027
0.011077798937060273
0.006317071975194466
0.00805783728914207
0.010824349519400584
0.02292637420428122
0.03295471330616294
0.01494116173323817
0.015371307421762025
0.011454289220537534
0.01966183384910181
0.014845312090724294
0.01570662706609326
0.023398864109808244
0.006881066611068932
0.013941116891532351
0.017598129304489306
0.008706608437839877
0.02786350712306358
0.014033853700614713
0.010515335852348782
0.017199515151300526
0.011340540465950824
0.00869893637057757
0.014220725599855658
0.010386492814060162
0.013946904660537312
0.012647652574586632
0.015481205757880262
0.015025168831492127
0.00503169851186854
0.010858501737067637
0.01760042962620986
0.011286131882675934
0.017841441615967495
0.007580410889205212
0.012086431867530363
0.026113980584403434
0.019292206703035934
0.024541524220778117
0.008220692875426181
0.01538262360870796
0.011393101611542562
0.0165496279900006
0.01118222454173349
0.020912241478396897
0.017276790043888036
0.012786408474599182
0.019307141047344708
0.010674190618349186
0.03591720289664394
0.012315649111684266
0.02011173217939998
0.0073630791043731115
0.009318919884883741
0.018404795258429942
0.009267996402063902
0.020436718879694095
0.014085653675995926
0.0158973729240401
0.021003846511944813
0.008668762167260128
0.01728470480000361
0.01431913807105662
0.01175277818147883
0.012989340508158245
0.01557149160271308
0.020005261247455837
0.02195650199511107
0.009814032162049314
0.015435363012049097
0.026397529496243806
0.011450257478752234
0.009697071248657919
0.009182640045028804
0.011056852023181563
0.0068352151962529275
0.0144491424826834
0.030124278315284407
0.01904357565896909
0.016570355401951817
0.017262673160766014
0.01955834106809789
