1.0783572106461867
0.9538429976967467
1.000343157606668
1.018609994089021
0.7605313818010031
0.719643781640063
0.7047135828251696
0.7642518369722657
0.5708088446547052
0.6128949972895519
0.6587207011637524
0.7367216514022829
0.7127808629145185
0.621440308013312
0.7707057244268276
0.5955607512039374
0.5571277395815291
0.4885183540529637
0.6238623147431206
0.5190288848856619
0.5084836422527703
0.47416124932400094
0.5750809739189204
0.5513007200270491
0.5003512332889086
0.42351703500086246
0.3726247033226874
0.4710938598105745
0.5339076896056765
0.48662341225625116
0.4122400908745557
0.536337257857918
0.4578999221412995
0.46627941959717345
0.47918693554962755
0.4690350503281954
0.4269093665467435
0.49742171697125614
0.41950323770133
0.3070639261662437
0.5038925284470439
0.46410180039873056
0.43735659310865743
0.47058340326586234
0.3414974487101014
0.4080827868765288
0.38931264228614715
0.4817018911417465
0.36862010964777064
0.4211665993639203
0.35660114873263804
0.4351006531142606
0.35047808441280903
0.3988439264388604
0.3623266672998032
0.3712692967487194
0.34861617488528684
0.4036352245264542
0.36097343468270465
0.2808065736730602
0.295804582695398
0.3868450651252254
0.3767262144253898
0.4171254439156858
0.3074332128719616
0.3491547807912065
0.35297395881004634
0.31601306722187933
0.3375384167036629
0.33696863895060936
0.3411678747938204
0.34929763309749673
0.3754078679197206
0.32945355497571616
0.37063243391984296
0.40632072467582414
0.32291456437062005
0.28572450210796674
0.39591065593793734
0.3567489408535923
0.3141175771930065
0.35957124867906154
0.2429965866343283
0.25630014012668434
0.3281622256481009
0.2875239797967867
0.3000209741778851
0.3322413020964014
0.29814698193600386
0.22828402426926447
0.28903101786147534
0.37418533147080824
0.24655131348131415
0.2546063092330736
0.33872713606360094
0.3278551588410332
0.2556140517957397
0.4119795922566943
0.2850373115676824
0.3310802923530177
0.28155842146078636
0.22380728911784087
0.23938947271609673
0.35650111928412365
0.33664180861560855
0.294515599509009
0.28964210126418755
0.2541346490614306
0.3019279500068489
0.315136759915453
0.2603486428358887
0.291747143219964
0.3229345173429442
0.2410295044927017
0.24888486464490645
0.3035598458762125
0.26566278006225696
0.25720829107612453
0.2833988585491733
0.2465173555623023
0.2668829410011079
0.24062668436578108
0.18442924685549347
0.3086308145557804
0.24470999130299517
0.19558991960754885
0.2542103105445809
0.22793644232589633
0.2745084910878569
0.2054738537136655
0.2515945627061026
0.2126612389513359
0.20402207614613918
0.3113332377061334
0.230064323416868
0.2230913659291074
0.27993632387590756
0.28172249055343246
0.24979054867370892
0.2849773628061551
0.22031089253892677
0.2686269213963163
0.26605294595898465
0.2409718920280674
0.2654558859191408
0.265439555428531
0.25510035853143936
0.3724291882888115
0.2350045450411819
0.3031389596326766
0.24417614970442983
0.21322632047199366
0.23056407576567284
0.23276474363009175
0.244082887101465
0.1752608247488409
0.27816904995065805
0.23458392561461694
0.2825589766170696
0.23169692850440488
0.21337767742918506
0.2014689816459719
0.22660512030145868
0.23779198736387902
0.18439797093235585
0.1830047918709458
0.280896684726858
0.2376354483367069
0.2192544935296657
0.25766736323759193
0.24797195827242008
0.1838568697326742
0.22231748275734917
0.2280659450293411
0.16158748045054397
0.21074741920668666
0.18734304593796963
0.20986753718125364
0.2803172917437339
0.24893952295768865
0.17380612085768893
0.21624275301954587
0.1509528512936797
0.19814871797896544
0.30880632294992816
0.1922339155999174
0.20548320703176043
0.24719343656770104
0.20458013332765482
0.18484373649681066
0.18910673534705674
0.19308044722156625
0.19600607077487492
0.16345094665459514
0.24830193933795014
0.23272267926802953
0.19758278111833788
0.1639718918564359
0.19372448333680725
0.2169793622828482
0.18904425111963355
0.20554370447107617
0.17508489612720668
0.22419338214126303
0.15258161537264092
0.2520214212244187
0.19211408596382562
0.16804645310241278
0.17145800529665106
0.22239776996555055
0.18310538928660286
0.1892542006110975
0.19095780369417092
0.22061140189153045
0.22219581532708976
0.18015523388757487
0.21547025980981632
0.2374193968547289
0.20537938998219363
0.1569605152357408
0.19279813944948881
0.18220575384759063
0.1805983848170218
0.2107806702180471
0.20433390170636473
0.17497392930602906
0.15682779617459058
0.17714813629742482
0.14794371463950834
0.1600296567554193
0.21285278426840382
0.14951885988191976
0.19551525827304647
0.17098031827557786
0.191793149472774
0.19784159658355022
0.23422733387285985
0.17785904562796484
0.17351631116905578
0.17097780991558548
0.20991152559982162
0.21168629756366425
0.18935817746704123
0.20525030343240153
0.11426951119080345
0.17884410207636478
0.21658317929379498
0.221457407414418
0.1937159941409956
0.09294961019833331
0.20109818390428238
0.1559204778850202
0.1807273070260849
0.19218603130425932
0.13598757134361644
0.205020806387121
0.21353720287634123
0.18528384355359145
0.17721086794103894
0.1389771640410142
0.16911119194052657
0.2089618445130558
0.1380220430993235
0.17544167402253455
0.13796430851095667
0.2019106605753563
0.1490200029538926
0.15185570864999712
0.155902229691084
0.12537264896680395
0.17898656274286073
0.18058394297217187
0.1349320410134615
0.15682284918640624
0.12773348014255492
0.15043597986741125
0.11579381861144564
0.13521978448124286
0.1408744321895566
0.13609810472544662
0.13120364957310532
0.1842306088375909
0.1599929694157375
0.2005686582266494
0.22817190312390528
0.195991943396567
0.15199037409071084
0.18359054381861445
0.17107214900301163
0.1538115231534523
0.19074735578477536
0.14199090055735344
0.22810565093622034
0.18771408953894567
0.17761496962147827
0.17274293094576756
0.15527222711183658
0.1647157475582435
0.1702965103642824
0.16241225337505902
0.1441541216010314
0.17574727974833623
0.12258247565141098
0.19335475163200827
0.20721827665982046
0.15659561259850466
0.19049394708858108
0.22574251872789394
0.18841340786246769
0.1454157232027366
0.196117720697094
0.2058175537552403
0.13855070257018592
0.18421571880855
0.14234264501892918
0.16763501514387988
0.2129689229211389
0.16592617436168983
0.13547842208451194
0.17239646120919522
0.12857581434456833
0.14633387961878608
0.1427499213477716
0.15948918226133618
0.17361405337423214
0.1372404785791483
0.1555942489001497
0.1299792610921277
0.13451446968936492
0.15459740054857177
0.16426674917463124
0.11218487703382123
0.15579615836491906
0.20544924697292535
0.11231343472825835
0.1773640561346556
0.2560567487044559
0.15790466820937643
0.1260930606648748
0.1643851208951809
0.1380068275041802
0.1401500725084609
0.16164887496668123
0.11067998466024435
0.07607887336652208
0.14159064984557115
0.09887299572951615
0.1938401962808956
0.19179707053226494
0.12877160806464505
0.09582183362414488
0.13144595779443496
0.15492391486205445
0.16422585862179329
0.16558823857756166
0.1728614476669876
0.12252025850642148
0.12579446957082696
0.1422758279754956
0.1933697867271455
0.13289780061452944
0.16653661036441642
0.165225109068522
0.10697233556125371
0.11159916625934677
0.09714709447306079
0.14003973400497424
0.12168531969602651
0.12467310336459558
0.1527210460050078
0.15776819702187223
0.13344081577291053
0.11138515675688813
0.14470719704315999
0.1545533529119676
0.12135375570219842
0.1494562391992505
0.13654093267687611
0.08682580651617565
0.11652622976834778
0.1543821788458973
0.09895095973053623
0.13746890259627526
0.12427884063138764
0.11798978876404653
0.13838331967280532
0.17957192458594085
0.1130047107435646
0.0884587608664901
0.09655606792276984
0.11342446043068247
0.17004715091557543
0.09179092772106764
0.12217030317782332
0.1056663236418364
0.15256665826296315
0.13272765448419582
0.10366832952858962
0.12779939549339742
0.09198053070855135
