0.9757054187572912
0.7162543147298591
0.7980819933030429
0.7098938414271749
0.5194026309165467
0.5809457971394711
0.5606119797688983
0.487429508194812
0.4633292276903047
0.3831291241734783
0.3595133477209099
0.30714063589185087
0.3783947778126408
0.26485153113224613
0.43844270235449495
0.36671735266058963
0.24363220376925893
0.29609383292918123
0.27605991105052397
0.17544294441262295
0.2478669225625935
0.21234710957370004
0.19816749581661566
0.23000649090599357
0.15762042704878665
0.1821708801348404
0.18484741242305155
0.16326418330053552
0.11987821508879828
0.22515761165146123
0.19590067701562058
0.17428124101672154
0.13078004037941232
0.18564565055712184
0.16049395981793987
0.10751189417731966
0.19167194696779863
0.16035173175991296
0.1206139949872151
0.13049047723131757
0.10165866537520671
0.16202508327661852
0.10970517027056381
0.16437246954354684
0.11725705152342629
0.12003225708005665
0.13098278564815133
0.11019757810661261
0.1353585953363945
0.09291854795283086
0.10183710196922417
0.11401263068135573
0.1572129786363487
0.10987032914410641
0.10400926995521861
0.10329197878475165
0.08096591570448616
0.10396187110376628
0.11676236188414243
0.10855026181545924
0.08384446929522468
0.08104192870246028
0.13406214759328997
0.06808651350929873
0.0981695128897078
0.07635818575652292
0.11145584132622674
0.05105418507363731
0.135087335711011
0.13306054024056987
0.09533321329341392
0.06743683124275193
0.07038573874275056
0.09065010181495586
0.09530519958181552
0.06919230497339045
0.0799372189022481
0.0808537481497544
0.044223794122804264
0.07128388098013291
0.07186329913851855
0.07940028051896082
0.06281686717396083
0.08430602634643608
0.0794120266759108
0.06571401305415656
0.08756485598173719
0.03944016161660765
0.07514425355633533
0.08497657969813623
0.07024119769187734
0.06904584329539334
0.09165363930394219
0.07800137107268759
0.08702043538968676
0.06295668139537887
0.09393701733419203
0.08593920196835117
0.05771412033126787
0.05845893002799737
0.046345102892809686
0.07449783568636446
0.03354784101083532
0.05136022692651376
0.07266255812567124
0.05270617172006421
0.05565671144572828
0.060089342370293744
0.059403772082801266
0.05329900919068412
0.05285877392611142
0.06876866583449955
0.06730932793316072
0.08418553704386053
0.056603952431812175
0.058603188626010015
0.05664892940536599
0.04482290294979245
0.04690333588060433
0.056094139922627184
0.06292020761004538
0.04928042586199032
0.04797278788146399
0.06116512666126263
0.039541056046126635
0.05419181728577153
0.04232257204834955
0.03238493880829087
0.0501026182360176
0.07178568071420076
0.039245115304055486
0.04607866908668635
0.05553066879554609
0.07640481854281694
0.026638313741950387
0.06012824541589864
0.056197128241693775
0.06494032591122163
0.03281910024474732
0.03541700137931281
0.05080926858201288
0.05564167287176858
0.03685928088653104
0.05717283176920599
0.03604341470558902
0.05658880649656335
0.03244055302648786
0.05369997947523416
0.04771251091093946
0.032895329755565125
0.061655591878537266
0.042137108259528246
0.04073428269806479
0.04745113227358959
0.05165331781283629
0.044013969501129666
0.0538989179092207
0.06307655139071547
0.048039570859715844
0.040244205965348806
0.06238124316232015
0.045686824630593426
0.030435892461067288
0.051419055229852254
0.052921432638592905
0.047130048394321465
0.028333385974572793
0.03659938805649103
0.023351386281199614
0.051348842911580206
0.05480155024677265
0.040946996291413025
0.03666683994199931
0.05583386063710459
0.04057207249210415
0.04854597186049976
0.04552372642039764
0.04175644826829916
0.04404194802223948
0.04960386902893726
0.02768495622819328
0.036529391325041814
0.039188279585684896
0.04793316091017909
0.047868281715045494
0.04291682079101227
0.043759366068131064
0.04593606823744945
0.056401431541032866
0.05592547182850636
0.02958718649992732
0.0275121237412392
0.03473327318541728
0.03521425435140259
0.04794253669831983
0.04235151300370594
0.034377873086621887
0.02884269387504624
0.04415961294066859
0.05775086067411809
0.026958562665615943
0.027861176627355006
0.03476155577759851
0.04411811173737012
0.016975157767184897
0.01729596434094356
0.0339309978972714
0.03915273179499499
0.056677160926101824
0.034863555141545384
0.03463762621079941
0.0384003122562231
0.030730990385695284
0.0498932739677929
0.042172968334610116
0.04217310389197137
0.02891144599517792
0.04354946024903839
0.030924890304332688
0.031319240670206486
0.040423380530129414
0.036710008555306345
0.03761822585250214
0.03357148755153197
0.0437351024470942
0.037666923789529044
0.04505890287445512
0.041102732510613166
0.04229052470681874
0.0392485694573312
0.03628987355465667
0.036736012751790545
0.04852897651041638
0.05106044629090821
0.039811000056928975
0.04183139741847981
0.03419177705597388
0.023611748688028737
0.025713312414612322
0.03061862163809772
0.03799318426152344
0.05045707682161023
0.07224560969372291
0.028779192826319515
0.04079109788434161
0.034554775777053195
0.036663451525802734
0.034441139281593564
0.041367736780468733
0.03365011018978338
0.03863501159919601
0.026737340246360104
0.05719272368872326
0.030084879051857482
0.030789009800951967
0.03919727754745546
0.014590684417083097
0.03665587570535792
0.034507439620025074
0.03802116593917245
0.015721495370278428
0.05320614151585477
0.017136911918158367
0.016318976962396824
0.03715248809859108
0.03358571133364206
0.02787011618359058
0.03314445393819855
0.04913998407320518
0.03269800103534291
0.024469872163484594
0.019844233962406196
0.03150847067516837
0.023619092195624306
0.021112043894566307
0.04144683495797974
0.04208070885330866
0.018763950205031188
0.04198340424173354
0.04588347123252073
0.045261102036434034
0.03868062486616673
0.02610301338954348
0.031163274020628073
0.025988855123125827
0.03449508555804713
0.04018726403186247
0.03702961148794466
0.026056792521898714
0.03331000411748243
0.037364979251915856
0.021601615849641875
0.0328080653998578
0.027188580112403528
0.022675480669949018
0.01940358153441975
0.026483860619327244
0.0250121850644774
0.0163898677476324
0.023963426267450624
0.016663496892072367
0.022770123111652447
0.02550109012866632
0.027162811002196596
0.043702243250390384
0.05202473757039444
0.03249105766128223
0.026677404605592876
0.014764287129573403
0.04095603566093759
0.02565830718851317
0.029295584839521417
0.016004996990043496
0.032919940906637926
0.031925727288639225
0.02184563892337654
0.03678163076180334
0.021154581952909497
0.02782044257784046
0.02847924033441218
0.04730364935429755
0.02301580973228764
0.023855268931391116
0.033299517521632405
0.042025673466031005
0.026100462218142308
0.02647188720505549
0.03753059920975593
0.015828016498492435
0.036160751017641664
0.0320820336426408
0.02309666967099343
0.02717925688526755
0.021293483509375582
0.02371668315301246
0.035520979562035884
0.03625404775965167
0.04271362596150902
0.03773090339388897
0.028453344480645716
0.02406373240455673
0.035143031510214286
0.01951439066244849
0.031981127218878774
0.02365991017065045
0.03015600888237078
0.029408798539740343
0.02871844921161156
0.01933199121652937
0.03453725984133614
0.02126267956720917
0.02022091201642824
0.019711048983112454
0.019450151345479984
0.03443906648326249
0.025271515258001254
0.032549956876185074
0.027421428677097414
0.04687133955803552
0.017110130269849377
0.027980840680844492
0.02705093817878334
0.029985455942499878
0.016276456280517475
0.01916794968757487
0.02724728753967671
0.027170998128556077
0.014390347191299013
0.02309760482459215
0.028866110506065468
0.021752962636211258
0.03903895024254343
0.02317840714559205
0.021724704562037706
0.03620133908149763
0.026597673620844982
0.042269611245036934
0.032036871480140214
0.024686840236464606
0.03664099636786831
0.030714822329776792
0.03203230104203541
0.04749056545235997
0.022363245843347947
0.02825404047359479
0.01684332578477864
0.026069382626414055
0.020037474810890483
0.026968954403635358
0.022232840269710327
0.026215982030289946
0.019571531934964144
0.02698731179907411
0.029791815083072177
0.017626702233368322
0.02095770512083856
0.02718258233715871
0.03253441884516148
0.029419393204633982
0.029616164395459527
