1.006104408876678
0.9041370012688811
0.9078546341537159
0.9282666200240357
0.8214325639702892
0.6835038372810727
0.6107213019811164
0.569111632537726
0.6005947096014059
0.6588001806978102
0.6120453336613466
0.6107889300159912
0.784591608083169
0.6584751903155814
0.7415367372243193
0.5278310364368034
0.5120818745776996
0.5591909694739164
0.5498045619724653
0.6345410390119677
0.580048518814424
0.5286938943266974
0.5862044337293949
0.5560420594759399
0.553690229495381
0.4790100154858791
0.5148740457179215
0.505997727327278
0.46297990407244427
0.4215672910652283
0.4460158745416039
0.5285910402131793
0.3927409968413111
0.4955296361419821
0.4707064500401721
0.4271937948896284
0.47377062641718093
0.45487697143633665
0.511231492861436
0.4231973020357791
0.4813644890037699
0.3441377657211816
0.4542425770697669
0.43297623339982305
0.40697642470838824
0.5244040090980455
0.3544502051143511
0.43604092619253826
0.3670426140957793
0.44618213792349115
0.46157170304231493
0.4631630909941776
0.45397638614595603
0.46347177185695365
0.3317232366816204
0.3609836966345582
0.4056348247592503
0.3482920383199849
0.45998211444890635
0.4057644375894589
0.4460635250956188
0.40443892937559667
0.33985939814940963
0.3517739752074755
0.33296696425060934
0.41099943118026233
0.36646878386750925
0.2752338180616492
0.3111080905022562
0.4151859220369218
0.3263722696328914
0.3411123348165237
0.38970698909148827
0.3557979651921256
0.3242698009913429
0.3459161904094369
0.3845449400183583
0.3718250665201364
0.3486453039432914
0.25520447834680254
0.3363791748122772
0.32740071137280596
0.25744178867470213
0.26305458344816907
0.301845150205318
0.3130612111980877
0.37094571834215156
0.3166245473517836
0.2853934511184711
0.4005376032158602
0.324602484668311
0.3607369573458681
0.30341255995843863
0.3560912905352104
0.34719512788584633
0.3059740129188512
0.29944189161843954
0.29570555668557286
0.28080687618129824
0.2976983289350008
0.32073842241936096
0.3363810514412052
0.3225252141853997
0.3756106753354966
0.2524560133185876
0.27560093347936954
0.3582716994975176
0.30486486070420066
0.25144215909575096
0.3006614531187003
0.3258362900218511
0.28656790992734127
0.25114839449628684
0.31774724610880717
0.2816327228899759
0.33836590969330504
0.37938643467857236
0.282780924797762
0.27934320833348064
0.29211743140950075
0.3175320291969661
0.2885895633157985
0.2817754052208563
0.2988723121090763
0.3394125147755399
0.2786687738140194
0.2689649246852676
0.2762862475597551
0.29657073843972936
0.24576821670298404
0.3472125837299056
0.2566292004404757
0.31835939317417583
0.3116524836359965
0.21871629093035844
0.29653612143756325
0.2640946834375675
0.27495370139117326
0.26488237597578657
0.28036128447301206
0.2647184830697586
0.2402390609823235
0.28747746451875733
0.26934476225667414
0.2350691467429475
0.27428051778736484
0.2626410154878833
0.26753461355646485
0.23253050145618887
0.2089714199039303
0.24646819761663208
0.23324669464127307
0.2507217889980902
0.19198314985576398
0.2362804810675113
0.23281043159875772
0.2762504182151637
0.26575388776606224
0.29766812086727057
0.21135158585819167
0.24078072415259513
0.20192153200914853
0.21352729875085275
0.18388242485088108
0.2492339944281233
0.21367207991170956
0.20914880565216012
0.19660597003200495
0.23214026048664907
0.23930483367491379
0.2792951946540837
0.22321146978179301
0.26054604556985556
0.2457917831600202
0.27077916392006424
0.2608954524347135
0.18632773119422236
0.23329552114158444
0.29790063997169347
0.19782820223065598
0.23171976043029835
0.1996418642535392
0.227815387556426
0.2418673002546019
0.24304003876314823
0.2297311734114496
0.16676215951775236
0.2237530625002891
0.20641672018129026
0.24401647549806355
0.25117854075879237
0.3226407408985569
0.2540896304774861
0.16515315447850265
0.18941651519897973
0.21613385330371515
0.23768795562596662
0.16032361631599767
0.27190600006970433
0.17398310752908774
0.1817854437268696
0.2119504280973458
0.2530585981479124
0.21298346880325542
0.18430022295845938
0.222270325315659
0.23917194381837986
0.30768659160785344
0.2462781827923385
0.24135337763289097
0.18971684550302073
0.21598332249096025
0.19734515552091744
0.16184081540674716
0.2550827595471932
0.1804642918590384
0.22884853848336711
0.22992646135959177
0.24768419729017363
0.2379381448432905
0.1881067338641577
0.20134298760343466
0.18645865441539725
0.2630380072025211
0.24434016738469183
0.1724572549504188
0.19234724948603268
0.2414998669821185
0.20212024242626692
0.16470620476633208
0.21175989888705815
0.2087585003729636
0.26101627090078733
0.1887125700554541
0.2308409054181348
0.14906590039805426
0.21955501598100696
0.2503323131919426
0.22168329038111895
0.19574743259169902
0.2047042711353862
0.20520952463376713
0.2289920412784392
0.18292540993442558
0.18483014359642147
0.203613647873242
0.16039906357790004
0.23010152792242566
0.2252283258491637
0.21388817451136238
0.22369815847862765
0.2059345823065748
0.19489890268879234
0.19184221656562245
0.18773875302405957
0.21685264572789142
0.14911283971344183
0.1779725415648418
0.21954069782934083
0.1817842994444155
0.16275928012220156
0.16259057043131864
0.141550027385881
0.21838205472914884
0.11585175080827366
0.18484885767936918
0.172736113845178
0.21100758460845287
0.18909924860138355
0.16118034537003836
0.2340305732463781
0.2421884802723052
0.12926128580369228
0.14721060718714446
0.212912343520051
0.1870441121699173
0.1227719747666031
0.1982737704304483
0.14351145777427865
0.16700422191987874
0.24815189116091893
0.19383946219460882
0.1695099361017604
0.1979216831932366
0.20019756051363818
0.1545917918290584
0.17271787153525545
0.18721274970970933
0.14706965906015737
0.15573091277720513
0.14804213100459798
0.1673852879882736
0.1645087676861677
0.1740775555162341
0.1427493521425248
0.13618040381028224
0.14575176730502365
0.16535039172730165
0.13437473283123763
0.11638661867576779
0.17639308657193345
0.2254336466931847
0.1638190931135693
0.12076874991308459
0.2129281623668849
0.2117869607550956
0.2440918031029291
0.22416171478890798
0.22765279649407938
0.15803511608909107
0.19258084350505195
0.20619974894286924
0.19764946704809713
0.1881468401226297
0.20157588336574958
0.18366422043060504
0.14080462224969237
0.19511261804673516
0.17880175513158653
0.19105666675206473
0.1645450110282719
0.17801493792634276
0.14299160545431286
0.1989010760433895
0.19620839252337216
0.21631562721974557
0.12505137823638557
0.16697054141202564
0.14716494733230162
0.155762433218309
0.18132895143625244
0.17538451119526705
0.19823476520979805
0.17511315572394634
0.18332155621709462
0.1284682069636618
0.15422197880632202
0.24266988671054954
0.12673944363205
0.2036157239674034
0.13563706493938021
0.16345188157834625
0.16603812255895617
0.17613400391226314
0.1414970694347189
0.2518726007158254
0.1930042190484842
0.16932703837250346
0.15125974625209274
0.2106138114637472
0.15782341911732065
0.10657486419811728
0.18731612039797704
0.1514425495885024
0.16231326997592746
0.14397048780949576
0.20841441326779445
0.15159731903116708
0.20821348887373525
0.15153161145864047
0.19289242094371345
0.12153649060101637
0.13377315211385354
0.15564210414713106
0.1913593967193021
0.1426887020487276
0.18083396914527014
0.1627048296608062
0.14753709430716735
0.14366649278333576
0.19054026222830875
0.17415186810603764
0.13510055052035946
0.16297440921712525
0.2049148585402385
0.1796710728267016
0.15890638695916995
0.14961030001274533
0.15767950921953608
0.147069240184173
0.1476589053951488
0.1471565356678529
0.13819660909462192
0.17405117834875347
0.10426832485539064
0.1528502108893669
0.16041896422246077
0.12447089023336126
0.15308419540980878
0.1416466669087743
0.149732785537651
0.16666149371594968
0.14579250323715603
0.17195095905386448
0.15900178408445984
0.11019547933378744
0.15712869528410622
0.15409668562389928
0.17509298851392044
0.13588996170599027
