0.48031049145463484
0.3088228621791924
0.23185529934257282
0.2149435008470232
0.17300773942596492
0.2670870659903056
0.19676666320014194
0.12977022128901297
0.10493749289491687
0.11416618746221277
0.07658383209165587
0.1096585441575519
0.08803665861134619
0.10268589033815885
0.1018451052738436
0.0809030270997485
0.0977232730727178
0.15280957354775865
0.10828173669398522
0.06648784919156128
0.08499010842289809
0.08702793459831297
0.0924729329295002
0.09148184162462655
0.09672100586871978
0.03639083780647638
0.044226977363991865
0.10312448987021014
0.07670804157271846
0.05969397447972595
0.061348403426728745
0.04212746470816568
0.09623733636486805
0.02014628649682095
0.04272577168325655
0.058476663087271855
0.04791593502226078
0.04087962166405533
0.03622335750133004
0.05740429800683159
0.03853547098169685
0.06201148560557981
0.05266859100961824
0.06928813168159706
0.06190893390822679
0.056919997722862936
0.052132248014188184
0.054679125721249874
0.10070975889082263
0.042121880060080566
0.04145924472295291
0.028322663185321627
0.03564267189710606
0.05534034930465851
0.06216081884196796
0.05488393260059241
0.10137749682282501
0.034165463245520306
0.050182392178343214
0.051758308347695556
0.06383464507733208
0.07690410406720473
0.06406039362012109
0.02657797946300377
0.060359602948296356
0.06120087566943866
0.07263302021963113
0.03354354831500472
0.06786236227749327
0.0711817418296323
0.05111470766349384
0.03777698879119214
0.07580488173076802
0.02757246425933659
0.07688282031927003
0.04355764863733072
0.05974638284892407
0.012756401677692111
0.041110596936268846
0.06403419943347502
0.04549523174844608
0.050271675628492274
0.026330537248777257
0.06421228334424826
0.030518882792034675
0.03254082789816692
0.05392308548608923
0.07672786405216925
0.026751125587965136
0.029724631452774302
0.03396052019674415
0.034794177350574385
0.04455579806175365
0.03663656523457859
0.05348764684444348
0.036624463813988664
0.047858271817841004
0.029841716948387498
0.01732203848281188
0.02240373901338416
0.01612583842619365
0.022865668968870514
0.03535880129051378
0.04737762907374786
0.045160566032906496
0.04086295947984041
0.02548722667027505
0.028242511500952007
0.02527988200653596
0.05959012872384393
0.042213715881449544
0.015689003695662153
0.04695426608377289
0.05042089232811009
0.031716977270798176
0.03367013428201972
0.03159400180099027
0.0506259834697522
0.05344387528057041
0.04288776933884122
0.018440978148728394
0.02084264137287164
0.06662539686960726
0.037266780754273435
0.05162493680558228
0.01411627983551796
0.041661951325068
0.040431298646086154
0.03439165606921364
0.04503738497104252
0.007191112329314395
0.022082671981448813
0.03421403346573555
0.03225256320578709
0.05660277416892341
0.06812782878837823
0.022471788095068633
0.020807279193053883
0.04930914243973973
0.012667648006789706
0.02670414667955086
0.020305652927760605
0.01486926299001368
0.0631497576941365
0.026908111315443788
0.04316530166681588
0.04050919520200936
0.04170708431177815
0.01610692853574207
0.029916454543126747
0.02785989640474413
0.04062982011968188
0.017494851889522066
0.038885474465925406
0.03990641140846314
0.03974723689053618
0.0171611934825286
0.0348386293786757
0.04615004286892201
0.04123477629686633
0.021447173769314248
0.045026514339787695
0.0352923501064754
0.014409392516101743
0.01218545538744479
0.005192934199989452
0.01535470429001549
0.02468298703056064
0.030132629274124835
0.02175782236358003
0.01672865036397212
0.019030805325713374
0.01919171298425397
0.03024809443841775
0.026647928650050685
0.023144532319408877
0.03546270202437625
0.0430618905240425
0.03326585396384786
0.03590720511061974
0.0357180527731046
0.039280080465989034
0.03364803138486537
0.040163719211483054
0.01673056432003648
0.0436678293440272
0.04432284166426527
0.03687922286068869
0.024972079593530906
0.01741943053716
0.019647757854800572
0.018731042829563192
0.0492166952867342
0.01946664916102662
0.02656089151695624
0.012358840526235327
0.033931843333524794
0.04356977764549868
0.029715740427443505
0.04379167009962999
0.020150358916230005
0.007441703159558413
0.026197970824159422
0.022638433349679875
0.018105513526256518
0.029208909671693838
0.013283191419498625
0.016834652683697587
0.03929379018019632
0.059701491523080116
0.016563753261835217
0.01165426556204082
0.019983904577377982
0.02455007207331832
0.023098740891441878
0.05445465175983599
0.02086121202550657
0.04379838020047828
0.020393179083083343
0.017088498683390012
0.03038093474028017
0.03897775261020427
0.00846726061699542
0.04976296160304628
0.015350747769834503
0.02982691697914718
0.01942913623687687
0.012781909946426712
0.02979670064357521
0.030158485987668952
0.022891883979266652
0.03341606062991702
0.05337042547951996
0.030894164690203202
0.015182547806832643
0.02871729723558389
0.024064415054859296
0.025833611160691418
0.023901049719021898
0.02295635588488338
0.03969145375823444
0.045631286069021545
0.010669739017501314
0.035631249382786334
0.030168255400555278
0.017374872742451405
0.015340374564149781
0.038257416017296465
0.029122560005475286
0.03768912829264962
0.053364106376488606
0.029949792041163048
0.037579554757296026
0.026443205608825054
0.022348497417368378
0.03998556038232053
0.029101615478389957
0.02672385773435046
0.02153313946254002
0.029486897620819262
0.024755681958385338
0.02998936588733244
0.021869646662613176
0.01552165119367345
0.016993510902012475
0.030786825959176263
0.01734094161074367
0.02776967674192235
0.007153820507791978
0.015914504934253844
0.013344157201634172
0.042361268761893306
0.014369068166337654
0.030583321723852634
0.02407742300781066
0.02621892995129794
0.014183192477398025
0.009044428411827284
0.01666260924281914
0.018873698121286964
0.01577344551111707
0.007961660198702558
0.014124178732203915
0.023722834412190537
0.02474907718540386
0.013114737285108046
0.022305491887062486
0.011590554726924296
0.017463954118731806
0.02829803008190183
0.035798966099971206
0.02674130680222746
0.022694231242835202
0.019821534781620756
0.037797723058087915
0.013069511645915669
0.014548330578689244
0.015517667706419047
0.01494210354345427
0.003607630499790559
0.01243668349686331
0.04174452540778759
0.03312700050861565
0.023457987983434236
0.01893329718825882
0.02549290700338261
0.01658755847105368
0.03987237020606301
0.03410457681638121
0.009118823633694007
0.029309347979557577
0.017090824017367227
0.023681375104103775
0.020330993537343432
0.04108001446596858
0.006181602569274958
0.028069669270008712
0.027852643980449142
0.032009163734493876
0.014707583487402759
0.044425850951216574
0.046545466082006035
0.03455881404207886
0.021305713895930015
0.027029080636970664
0.032097473512724975
0.023518535159521438
0.03316294658713218
0.016680844410406265
0.03093819082987067
0.030997007570492487
0.02640285950504704
0.022748588007880953
0.02463087620971976
0.020276593350778003
0.017551427146643022
0.020237889363671043
0.026421417016263438
0.013533087270723743
0.02419631517109536
0.024081891577606603
0.021788385813192403
0.0037468638700399737
0.02435212462737482
0.019945053089594322
0.027672074484044278
0.021544108467230035
0.018218736228992043
0.021885722788492504
0.015743126236685466
0.019566573164955515
0.01357066637950538
0.014399561652936373
0.018147252301612866
0.005094296116631724
0.028727395306461855
0.012696766132319228
0.025515243860127445
0.019550210631566648
0.017374478367087245
0.0336220834603138
0.018538371919887314
0.017915000688983863
0.027314131198247077
0.01917669788942618
0.012008518098011792
0.012107224134755512
0.0453158093850277
0.028001677741172848
0.03307299822468977
0.020011345742296665
0.026068508367502546
0.008897349503549775
0.023608276518581307
0.00955317180252507
0.00829813866708605
0.036445209121027916
0.030651235508585666
0.018331524837450812
0.012665694289620787
0.01298009867768343
0.017910549640963894
0.04776009304444073
0.02194285457299145
0.02299130555999909
0.020942455483243735
0.01813544450893232
0.014728523696624618
0.03499472942565661
0.03124031837325788
0.017288423042098773
0.03561221757957157
0.02353547110142607
0.01380018294732025
0.012836258494311036
0.02585474427817771
0.032164870138713005
0.01786054697345637
0.02001199079900971
0.034967176792524125
