0.5670968536462933
0.6253455696189882
0.5924965623965344
0.5714208953329959
0.5411936353334247
0.47836521759252426
0.5499783138254725
0.4158209350127036
0.3892129586463976
0.42177290281316865
0.42172630059930255
0.4586919263904874
0.38860681091883664
0.37118051331959945
0.34208992013622297
0.41077862537928916
0.3631948878084019
0.3133344319808739
0.3157282205240808
0.3366104023171037
0.3272304781748385
0.4053664466304084
0.3945721906419959
0.38465091104134885
0.35592865439989846
0.31737158661872084
0.30968433571328735
0.23642070171114157
0.34183976151534756
0.3300052896915936
0.3503947556530459
0.3222424439386426
0.29221286639633276
0.35581259385178765
0.34660479667841126
0.24762799556233572
0.30126260711810404
0.23926244797415225
0.27792469241696793
0.3052515305686959
0.31448941164462874
0.3417956894419937
0.2809849222081601
0.3280432661648633
0.27098557842178345
0.29201257442899015
0.271234932013953
0.2754007028642475
0.31156769881141544
0.2797001811095504
0.2632236525299349
0.2473170927912111
0.305512707914286
0.2888828333269198
0.3040000567981905
0.3168286887842693
0.2690646767255386
0.32567158329749735
0.25878204105739977
0.3020727586472166
0.30441599200138725
0.2638233396287976
0.24820260400276953
0.2783031364773588
0.2551710115373326
0.2579530749179438
0.3081129280345825
0.22944315712012214
0.28209918982807514
0.23945299074651194
0.22830523757684298
0.28972534028851593
0.22628595925823863
0.27262686837895733
0.324665930412102
0.28968687374433166
0.2630292236040361
0.2381269283437666
0.29619943237778223
0.2560663109590208
0.25696398651253044
0.23420503506156076
0.276653676694396
0.22605150464808585
0.21573517169784587
0.23107791381822698
0.3100548366173947
0.2541628522544589
0.22715785986633916
0.2369566712182615
0.23102895979752686
0.19813240819808464
0.1841378175519176
0.2981190069976556
0.2445896335373484
0.22171772964495648
0.249004687301486
0.2370122132303789
0.20390627708557418
0.25982921307337364
0.25605603778938263
0.20510090555762966
0.20674777830071883
0.25908098777855704
0.20886251146060508
0.2523863945805998
0.21989717583162335
0.237096687850573
0.17117440826397595
0.20937712672731795
0.23604285818613988
0.18673470467587963
0.20604276262512164
0.24999494564820895
0.21557330510851766
0.21557979893473492
0.20323430393654607
0.19073876795774983
0.1887035194706115
0.20716103902138355
0.2119547807727115
0.15623361865713017
0.17741913545208374
0.2028682906581667
0.19901492478867328
0.22587979065834257
0.24453432886619816
0.23457983301708665
0.19135941891118616
0.2173678971324588
0.17218856823660178
0.2261622362914962
0.2374113053563128
0.19943328224553458
0.23497328041514046
0.186952085695311
0.1690724045370479
0.21557872482495494
0.1652909857702932
0.21421728729155798
0.22625451513063766
0.22738243995420432
0.17510970806842985
0.252681342861033
0.21651623344827625
0.22095371179649564
0.1719755353368079
0.22090598199611972
0.22999750214252276
0.1509532399573082
0.17050121932844436
0.2226839288615868
0.2065356324988122
0.2507185016650948
0.20031355278744165
0.1402753944720791
0.16587716153010618
0.22974022129157196
0.22101289360267234
0.19185462482328636
0.19949776885900034
0.17978213532986956
0.15876503075062415
0.22142931854171638
0.21957826123078425
0.2017857062332705
0.1778711769663105
0.18378010527146146
0.1934213361509654
0.20581145579436821
0.20279142693040506
0.21545970849644921
0.2282843829929428
0.26178894345023396
0.13561174730597686
0.20964108277753066
0.1912152891738406
0.1947147109826565
0.18225265156427095
0.17164909973445497
0.1706768982191177
0.18877213876988008
0.16343847360488897
0.17436845747158222
0.16106048263648012
0.13120514267912017
0.17448514314741864
0.16532732523694027
0.15800164631046826
0.1335895378280791
0.2199579164376741
0.25863431184914787
0.20422046641829303
0.17436102219849003
0.20812670822587517
0.1995999360729453
0.1586775227472976
0.16076223668678907
0.19288640108810204
0.19985171397140522
0.16092320557404424
0.1891066969161424
0.15306696035500056
0.10730208484275931
0.24405744360529985
0.1540473915735106
0.18806279983531698
0.12730607157848986
0.20968408174549108
0.1919914105694665
0.1625750904978472
0.20839965091739474
0.19947230482966988
0.2216456836272199
0.22813637337052367
0.10953558533468166
0.15822148186499466
0.17914489603370182
0.18010215410170327
0.22620891113431113
0.21213800421266385
0.18129305122384218
0.1838990283143516
0.17825878534341494
0.10986406535190933
0.15029179288019973
0.16559757154590948
0.18625615344953056
0.17863133256223523
0.14339795046451315
0.2000877299852733
0.16591039143496245
0.1852362115389789
0.1941274631048076
0.17549136995804965
0.21653266006480526
0.17191920847304606
0.1546522563100859
0.1734448552085019
0.1522021241290619
0.16573540265315329
0.18509699312201106
0.14819672787771937
0.19266027888598392
0.16166043523360712
0.19044015973743322
0.2174641125595574
0.18621617631703785
0.13991819254077736
0.17081915103344947
0.15641935235917998
0.18537428922315652
0.15224620349892642
0.13823908576122176
0.24628803612132524
0.16301769527907542
0.17842297032754156
0.2089360200060387
0.16602987772807226
0.10896147618806826
0.19910755960067167
0.15537915803610908
0.16467349372891274
0.15038312582466867
0.1442336570211839
0.1462700280051264
0.17236172521644655
0.16666992012354767
0.13874218307412473
0.2019561646146987
0.19439848903493434
0.14586834121661454
0.15170386455032042
0.13324667038844415
0.16613806278895177
0.16085954490023477
0.1654850868722611
0.1416338630345355
0.14416710933825622
0.1682169815516493
0.11247393684149656
0.15274612262160156
0.14236254411460997
0.16411014081957748
0.15448888786845033
0.15102048559505082
0.1632209408910977
0.17677911535172222
0.14293103738358565
0.15988297719671174
0.13755869234721896
0.11558236459190692
0.1952782867135223
0.19529384441723543
0.11995926009645633
0.20526379079391957
0.1667874368509574
0.17455506727218123
0.1559189444897458
0.15032625635312594
0.15660019285852383
0.13251922418421197
0.14747365225350054
0.13297996316744265
0.14133314460580787
0.16313552421316574
0.17704964408833096
0.23574985232572848
0.10764408675698078
0.13596515463741626
0.12487890155187482
0.14914648289013577
0.15918017392504463
0.1615264495430077
0.0998815939170072
0.12738670318537207
0.10203926593520751
0.14791710017969711
0.15316770310831662
0.13809379473759356
0.185758271525691
0.12956132166126114
0.14743600986615768
0.13498237009365294
0.15732988058130104
0.15553887509061598
0.12184123459357107
0.15772817150869267
0.10301457608359872
0.1438093872962849
0.11499806068578133
0.1344192229680342
0.16210272616443575
0.13338296886715093
0.12262945941522856
0.16093919308604437
0.13844523521007832
0.12303607247680363
0.11524303152830895
0.1058282883494859
0.11958705648698889
0.13115198865387287
0.1281728497938211
0.1594875738920571
0.16207180716507766
0.14416194689570555
0.14754880756376998
0.13159816872749427
0.1345516431178267
0.1580898579024957
0.1329858078639245
0.1413122698128643
0.11541968904619519
0.13665854611208353
0.1557511594363455
0.1646442573041961
0.17194822278880767
0.15545541997575246
0.13080321711746437
0.14289101589669306
0.1285792837988073
0.14972875823613893
0.12288962441452893
0.12763451388476083
0.14857058387822725
0.13223695629375098
0.14442610501021289
0.1293229055933935
0.14108515437468971
0.13018804723628244
0.16171695499467037
0.14641137423677486
0.1492259007009778
0.14778173693551133
0.10982437130319811
0.13573607489163703
0.14047378431847732
0.11094310936146165
0.1473620057528327
0.11146964949836813
0.13666593077240613
0.10701238920070517
0.16561906930489825
0.13102078442629708
0.1161267069461609
0.12802036757227933
0.1389738712668299
0.12130946680776644
0.10248831780746996
0.1297010896549256
0.15368008960310728
0.14437696885841717
0.11837767870761126
0.13198771677011287
0.10599474233344224
0.10338414184008463
0.1209265440995511
0.1331304537371438
0.15943661296623488
0.13495806368023835
