0.3240598036309657
0.2641880924448502
0.25945705261507856
0.2677859275069881
0.16715931173237658
0.2191263834439671
0.1651147946109171
0.08751862145722632
0.09492717679812782
0.256386881120943
0.10583558409689997
0.13357013894704522
0.18773124030799657
0.1123510361305243
0.0967530468267404
0.11911658852749896
0.10396485798626882
0.07808681611304677
0.09550350422294428
0.08629868501104682
0.058726534225688166
0.07031778288279952
0.04119610211371992
0.05438637673821574
0.04845048461298261
0.08426688791309458
0.047088281444186184
0.07077515099459673
0.052685547959176224
0.031327901549286705
0.0314856961378274
0.063693755943834
0.06384914511521005
0.04149593642487815
0.05030006235239652
0.050437527583625866
0.07108772348378409
0.03648492078768868
0.03088985618436027
0.056563750327850104
0.05780630403818521
0.03809220909078435
0.03493317093969381
0.04732021753737868
0.029707193307989998
0.03961253216583571
0.03393867876992544
0.048448300315819766
0.04222890204457372
0.0343470609715655
0.060027340776134475
0.036492624732921405
0.03774146256563527
0.03086019811874379
0.042896387843310325
0.025529973230540865
0.041354112043706336
0.023412550092883892
0.022574528422619124
0.031364963241840946
0.024552467187425927
0.024052677365274354
0.024960975154647826
0.03494137104527539
0.0396942190333844
0.03495668846812804
0.03312294197946446
0.037721676093479456
0.018830568269290783
0.025925720619431224
0.01930850726875321
0.031722879991969814
0.02106600572257541
0.019727255794028477
0.023714978582459308
0.024962165798435763
0.030769691239249542
0.024147153634676784
0.021777334886253212
0.02907171261813545
0.034777972040994254
0.025146490405001314
0.028394737054011337
0.033518720240849974
0.03664178405149869
0.033938787213211294
0.01721773460110967
0.0390969183426909
0.01585339494263536
0.021863856840600986
0.02182776585490672
0.025026046099581544
0.018453794904977484
0.022335445680999023
0.03537373848738468
0.029611950295488326
0.026488497449523148
0.032957056108065645
0.028361902482718977
0.028296474747118338
0.02277478605566635
0.015606564370229992
0.024097251200421395
0.032338403706432074
0.02120105581072352
0.02502530497303141
0.016002593126651733
0.02283993271833324
0.023296947618092218
0.012583782307739993
0.01313598345020033
0.025096346792149123
0.01850506181669118
0.0214444582294658
0.01737093132875316
0.020412254463209364
0.021795333309382416
0.02475493971255247
0.017442598096772885
0.017248968689808915
0.011631708938715235
0.035584379980257944
0.02066362431182199
0.02248041905852901
0.018800442736899466
0.025250574842114303
0.010764677242681486
0.018958081486617716
0.019620527608252582
0.013760221251196544
0.018194798779154607
0.025743859542524856
0.02356169390990317
0.013193116182160625
0.016383803036459026
0.015537305200268747
0.011779795927570832
0.022456024791420077
0.012846443276095553
0.017242002973750913
0.025531014349493973
0.007713444428186947
0.017174963142192183
0.014238651460679819
0.014159496803440277
0.026823072618689426
0.015782776236579824
0.009866250290635321
0.02469199844255201
0.018366962772709314
0.017606497060393737
0.0229563640686672
0.011419228583559402
0.019838356194309483
0.018018873036957643
0.013491111967143466
0.02416756376687658
0.01845679781068725
0.02126761358914436
0.01645868728493774
0.018117140438611158
0.014212497429658983
0.018920168178757708
0.024323034920021344
0.008584786400927556
0.017633957164000263
0.018349772632418715
0.01518793733644401
0.010978282646229898
0.01667262095347368
0.014452481344710574
0.018355177337200955
0.01831498112372287
0.01671512539112286
0.007364519603005136
0.010610826770127061
0.015609326603048002
0.024000007061823404
0.023045529567252598
0.012329767180158057
0.009584901929947308
0.01354820797068953
0.01449402193322186
0.01303509189102613
0.0161095820704508
0.011159157608105234
0.02515555148990529
0.012713792380307398
0.018989511747952582
0.02093483553372213
0.014200963533784972
0.011618419818751492
0.01267025377808181
0.01264558033771806
0.013296168060196864
0.010692161316948761
0.008183004383779106
0.02198500874126267
0.006366553536082779
0.012157155647041841
0.008724220815125817
0.004795266333252392
0.015672750848417398
0.008154435811966749
0.00885594657164603
0.009097493745169489
0.0163655367332882
0.011854007477245505
0.013376280571318089
0.008972762691200183
0.012436680168057138
0.010541863146643564
0.016147876273255157
0.011240752616553636
0.009101634336200846
0.018610851881706053
0.012859339963355013
0.013615219370346949
0.012515374217654196
0.014682307559440416
0.01756166499358457
0.010446454642209632
0.012233958149808474
0.007581438741561329
0.009794090324343472
0.011687863942706187
0.009915884034097999
0.009492544133904629
0.012248460175740269
0.012417010043050994
0.015004465354825242
0.020788158116128556
0.012991316241467104
0.015431596529261214
0.012860722389026195
0.012904756830039332
0.01601992272593037
0.014414225000229519
0.009304900797138346
0.0089356424469689
0.011732715376939495
0.007033864072300345
0.010858542907338647
0.018882768742331312
0.007850879952264906
0.007763916024558738
0.015484572367894318
0.011417479341577634
0.012189850421078745
0.009033498280690678
0.015251670625985128
0.01635048080016446
0.011908342284965272
0.011443616977765884
0.008028011504440541
0.010022685190411097
0.01332143815233934
0.013012831400081703
0.012641024749789554
0.009615639811750754
0.014852158626549112
0.011307848092034336
0.014238643351334592
0.007272326091893842
0.008316769470166446
0.01272205579054841
0.012235947326248607
0.013968457089373767
0.005635091779518576
0.006876236710634059
0.011226715156155151
0.013688560582893954
0.012983416432624042
0.010659787478567466
0.00937422939181033
0.0152777039592344
0.015002143866406784
0.010340470929732674
0.00995498752482945
0.012002792301426268
0.0130683799071106
0.008163213430531899
0.006156532509166226
0.011286843011694712
0.009010554206438997
0.007481150267094531
0.009628304961129572
0.00812200288416804
0.005989852974818888
0.014772535664308528
0.015065782898321913
0.008050740021570277
0.006636324254275648
0.014813525360264918
0.013675977232990421
0.009510216942472026
0.014799575589151603
0.011312752740327028
0.01671233493557637
0.009253005461904421
0.02247196377867198
0.012313167008757658
0.00682967211351226
0.009810930701030573
0.012088762520366458
0.008735941654706777
0.007086267887830502
0.015523655864142538
0.011050273773474117
0.010540104072291284
0.011611513053348971
0.01402301445546442
0.009848656513521872
0.011355635713652532
0.013292229855432042
0.005541231055919127
0.00811514689922376
0.015458903453799166
0.01043769453571201
0.0122339121720384
0.008051145090088098
0.00481364575672842
0.01257736348000577
0.011919417667624969
0.01230344832463345
0.009306599985036145
0.011039484816042205
0.012523176382349418
0.008548119128053883
0.009126246892922013
0.007129987336476802
0.010410545360037705
0.004984966833129434
0.010903741607075688
0.004893929569240641
0.006099545479250068
0.005589316323624301
0.007813314094526048
0.011248796898671714
0.006665338338367877
0.008049686903579456
0.012520146456484582
0.012701365292020483
0.009461077391145524
0.009871719544022427
0.009673267479341805
0.00582365816111988
0.006914532288787428
0.010211445267289036
0.006167236617217817
0.006417166238412904
0.011078015202961637
0.00954720711777611
0.007183771790668007
0.008611519494065334
0.010618169847371347
0.007099466947833265
0.004369688027739329
0.006498764395936262
0.007982984898457345
0.007695455012325496
0.01016812033465868
0.00730147397854438
0.0089875936606569
0.006851316368185393
0.009447530633339198
0.008206169073335727
0.006496255166667098
0.01288668208249163
0.010142503842862282
0.00573289324418326
0.008903537856155453
0.008832748773483275
0.005516829282435651
0.008653241345856913
0.012863777047896577
0.010324705840917547
0.008188918782165473
0.009265396910237946
0.007942766489528312
0.009828619524585634
0.01352605620369047
0.007511188896977857
0.008271513144207035
0.010101209951319846
0.009588877545317585
0.005943773596008554
0.009304132146925922
0.006011523655014201
0.007439535678227217
0.006860430573464882
0.0066349158646278284
0.012219527436426885
0.007920549172595414
0.005907962180689755
0.004948643072383163
0.014682285131692934
0.008195368116028447
0.009757127379470916
0.009814557815531085
