1.1951185845919823
1.1402830920886962
1.1207048763954042
1.034150422901586
0.8577271383600757
1.116205586604187
0.9237350034699185
0.8754100222079405
0.7604409283992902
0.7777982381007753
0.7170687477485009
0.6041076886512572
0.664824153837188
0.57449594484797
0.49150000502798863
0.38566200337580053
0.3655649498507112
0.4196171156356307
0.3432673243337817
0.3513893317992619
0.34208193085395366
0.3624813560089318
0.30611273978209685
0.25696566640341734
0.1924816226717044
0.19631069400900378
0.3100540503633804
0.24032455936452743
0.2491638569501328
0.18132905387728854
0.22293129759291128
0.15960576988848765
0.1647941312444599
0.18755907306501254
0.17952909763584252
0.15741540970300177
0.16535018187567044
0.16080849369000855
0.14742570281362738
0.14400496310708757
0.15214257760046287
0.14935793408957773
0.1152900689739843
0.13938018257869442
0.09290968685170005
0.12631769438263352
0.12235620861653809
0.12066123501579999
0.1259397047427773
0.11376103181640969
0.1278355934902245
0.09174190484487856
0.11527554598012521
0.09855896953080226
0.12568683255834454
0.10332561841514967
0.10516973839738601
0.10167939158221176
0.11852046903892155
0.09233074558672665
0.09002274581294259
0.09245617740444292
0.09620515528204171
0.10133236420917882
0.08282933139971076
0.07616087664080691
0.08379370846560605
0.07094385401267034
0.09121281251182581
0.07768902950287555
0.08294415853532341
0.07721872586917247
0.06764272235206467
0.08157909958947814
0.08640650967940824
0.06388213348178295
0.07278351740427873
0.061383629520528414
0.08373733202882448
0.07724201235382797
0.07697070864373823
0.07094722196180851
0.0661089050969573
0.0714043213377519
0.07454054754815259
0.06628210510982839
0.06078713422465448
0.056606876926944605
0.06968065026203926
0.060277159549704785
0.07245333586689034
0.05612554867876089
0.06835278370643691
0.06934532139311297
0.05242411551756322
0.06262114229829543
0.06535630362149158
0.06554959667284457
0.06235727376864776
0.06343713828658146
0.06186162339269149
0.06409812005033674
0.06802465490821602
0.05804381848776515
0.05827214408875021
0.07199897095330018
0.07172905249908652
0.07017671996156702
0.051780094710410694
0.0606056327057507
0.04569754417033308
0.05981019522198953
0.05077895780115112
0.06229507839249947
0.05255744348189203
0.05583642670245682
0.06300313469955977
0.05896976826885558
0.06333878177646557
0.05987833115221739
0.052041611868687734
0.05982131231481776
0.06374499110463236
0.060939032285878325
0.04162990852452053
0.05040371264036244
0.04969485233358064
0.051820542593999895
0.05562809608321466
0.05016811496109708
0.04728003012744618
0.048510610095196666
0.04397231918932706
0.048211889429604304
0.07229328632548156
0.049064718188126466
0.07945087911155752
0.04888838989414596
0.04637601775384257
0.04211984480511157
0.048980156133135506
0.04808771382880157
0.07087948050516224
0.04411116648028683
0.03658082592962417
0.05632802693653284
0.04385550613319299
0.05018338646421944
0.03817505142952953
0.047456598945575745
0.05197674874000505
0.0409812355439791
0.04740871149701536
0.040145285461058264
0.03596678068657532
0.04911974851082691
0.04289863322277819
0.04976020521989481
0.043970231575784925
0.04276761992827087
0.0522504868647025
0.0520204992015499
0.04352764620575344
0.0422388302768889
0.06564952291888884
0.04029158582682053
0.03961427593577345
0.041498353075088396
0.03679240522305084
0.04453846818126526
0.04133628287923101
0.045186840665956504
0.04116469362003843
0.03886882165429102
0.03869205436557445
0.0472886421656263
0.03928109368863146
0.04780570050654536
0.042510115608678276
0.03159161099284509
0.03431198451274679
0.032764537317112284
0.04542652935347684
0.04710642048252529
0.03503627372618602
0.048950497408509396
0.04254555112158136
0.0366634469503527
0.04286602522572212
0.05919014175120598
0.03970228392639426
0.048387742816707484
0.03878879894491161
0.03792726988941496
0.039305783687875316
0.033364560821629724
0.04059908599428936
0.04289650251258197
0.04744002630753137
0.029789372573145845
0.04141184976580001
0.0377289598317026
0.03771903868517173
0.035931680233152435
0.04075943089034695
0.031932572890332175
0.04745663520699716
0.030266010861950625
0.03474899657991202
0.037144802880298415
0.03691946967226033
0.042997810082605295
0.040188984043253925
0.031135395313694487
0.03644956219560887
0.031435647437554066
0.03894054535666667
0.04498868999906068
0.0360020688741505
0.0323060393172559
0.04140043060049534
0.038951967157442195
0.0359418451550382
0.03314965951192286
0.03387106462523349
0.037867650837023134
0.04174969636054776
0.03343243316757637
0.03194192587824415
0.03796341804038513
0.0365387522296877
0.03987423529889948
0.04399093583441927
0.025201688400927867
0.032373348620529624
0.03499595194357632
0.0325086859322603
0.028746298716171226
0.02224843020827628
0.02802482777670407
0.037792317171079885
0.03773237997538565
0.03393563381121265
0.039438841722136145
0.032864718707662735
0.03253074386422813
0.041666853376637294
0.03291515879138188
0.03358801195436485
0.029760521820873104
0.039012919926693874
0.04296262705502067
0.03540147042271043
0.03697811284203208
0.03036230424580339
0.03639474217343063
0.02962858866489495
0.027845368584110835
0.03728505024436284
0.03989565995419721
0.033487167634789164
0.03895925639021644
0.04071022559737009
0.0366912990936276
0.027640801253730352
0.047107615188709644
0.0400793662941275
0.03460252764524756
0.02343694235249663
0.02381000537427653
0.028956366326150607
0.03416861424071718
0.03592402532567512
0.030566149550221234
0.024301209389757238
0.04388608588634359
0.03518612754370781
0.040924163977478646
0.028373235225774972
0.03435500251402243
0.03435295473835141
0.033295552618243275
0.032071334150626275
0.03472935886213516
0.035580783589678935
0.04473966358318101
0.022904733651427693
0.03179699706452647
0.027903228366150428
0.02989758489741486
0.03561886283195277
0.03221986988712863
0.034391435746484005
0.022984548630138345
0.03499851568132966
0.02645099081344483
0.02899486942415207
0.030288885153326617
0.02869954594748811
0.03906192510360722
0.024873180376066874
0.041983120568869756
0.03160082618160121
0.029321703792989345
0.028963502054096858
0.027650054885913676
0.029118774919564445
0.041060683690205754
0.025373047476293254
0.036363776812114855
0.03052342149243959
0.030005300727057576
0.026195003878465427
0.03443022482349732
0.03545372206965841
0.03044376031938939
0.02959545865133544
0.022854958087128327
0.028101571078114573
0.03298628499901722
0.030929245694545443
0.03135554717926313
0.031641360738508435
0.022290262295984114
0.023694448494855032
0.03418280342299042
0.029818590241782728
0.03245876389387499
0.03484013114005846
0.031767287638462
0.03614993826223616
0.03230411216519478
0.029085859764693446
0.04023677714321926
0.035381255870743984
0.03003204972488646
0.02558801421711367
0.0357730795837351
0.028798229109333478
0.028376377562380307
0.02680469436303457
0.03092855533434683
0.030591411449483175
0.025289910827499668
0.03167615705840078
0.02295292571939788
0.019313268515426626
0.03247761678264153
0.031702689099767055
0.030857078677487514
0.028233582363241683
0.03235412676449062
0.035478583412853135
0.03547558426962658
0.03543139855990835
0.032722792352523684
0.02991110063605617
0.023326116693606947
0.01970805027065259
0.029186465353148637
0.029488744580050123
0.0284499816669739
0.028579260750261383
0.02747722824945331
0.033687703826995805
0.02444458706186367
0.03005850042828828
0.028910163464579575
0.027668490066560365
0.029382878770297605
0.026121332322720438
0.03037278525083103
0.0484706881074617
0.028702554837105626
0.02959545212735225
0.030769192645205317
0.03323159502271746
0.03349926546611721
0.023810392445109775
0.026331436973352683
0.02974704596755858
0.02361254700931463
0.029821730304238146
0.03688611932291933
0.02122194331538067
0.02564063043673706
0.02294885392792927
0.03326432906589863
0.03170441022852259
0.03311090196700968
0.02227917127639749
0.026435749392081022
0.027506644374793027
0.02586584843275714
0.032520183667898786
0.02713771371231416
0.026510716167972466
0.027332637403983884
0.028724019672441804
0.02777794262960597
