0.6488001416048254
0.6249350252705466
0.44634953154159607
0.5804052428574865
0.5361976571781871
0.5185627158384928
0.45223861706374147
0.3870963575496837
0.4109446837957222
0.40701878157770466
0.40272845967235005
0.36753671967755086
0.3916125343463177
0.4098755668933022
0.3741878398772209
0.41928414902152966
0.3623515356410059
0.29567865204169513
0.3387604882536364
0.34006763511596044
0.29845173922048324
0.3421961231537979
0.320230425246528
0.2881216983632938
0.3120219002536698
0.34554447696423496
0.29002380435491154
0.3162976777382815
0.3125788285084822
0.26253391144236315
0.25898130951288423
0.2644719122696775
0.293627416928022
0.3354386404238606
0.27995391013790405
0.24365002668603003
0.28925601523809347
0.31874350906020277
0.27446924099226183
0.23037238392104592
0.26306405677463723
0.30777423081626354
0.21594557707210488
0.21374776026567197
0.3090215569633926
0.2689782805773946
0.29525072584730677
0.24502977960233005
0.26877169414705826
0.2837952902544014
0.2369794493060859
0.19012228979393775
0.19932684678531293
0.22806311810103427
0.22406930983591028
0.2436963362444053
0.2826594939168195
0.20579565673299158
0.2444458963809087
0.24985121874647329
0.19143145403404355
0.28033481636981444
0.22487092877055076
0.24136060961742728
0.2649025900122015
0.24192662502397547
0.24657175503951043
0.19542240513007428
0.21274554966914433
0.2737643060188936
0.2549712771149989
0.28865490616895084
0.25230814115222355
0.1723543190531341
0.22091110126098137
0.22726873895802183
0.23129213625210907
0.23967146481215554
0.20555523866943887
0.21932171118298172
0.20388940758999166
0.2166374462652323
0.21172838944650652
0.19024099779134201
0.26342786793472006
0.24594243251042344
0.19581760996414793
0.2258791015860259
0.22374884008941595
0.15257552897920953
0.2223329063152458
0.22028529435537894
0.1934051876719094
0.22837946794069092
0.24536881891150433
0.1940955482758138
0.20044553458477235
0.19209772522367283
0.18800536637083193
0.24882786457236866
0.2152760970411572
0.21823367598007043
0.2132210062302183
0.20627236969224025
0.16412783001432724
0.1645970964154961
0.2108869829686392
0.16453653840199373
0.17435894917476807
0.22683507729054392
0.19441458769308276
0.19967933112097702
0.21245643064775233
0.2065896699869941
0.19317747277459524
0.2522006590557134
0.1638588651629268
0.19863927358266903
0.17036867407772407
0.19416560442355044
0.14609681568446792
0.16468402631399673
0.13311477438340952
0.1711324512001309
0.1516494744150212
0.1916081894302308
0.1885109057906599
0.16518360905441976
0.16783838475383245
0.15832366103201828
0.17360717947907467
0.2089607036474411
0.1982583337262667
0.1887155343031081
0.17871920526099092
0.17732433155700467
0.14474522221326452
0.15448349156502625
0.19616967770217217
0.18281875756089194
0.17113388753769143
0.19676252523208626
0.19401030405491881
0.15808241292303946
0.19112502988158328
0.18347118770050488
0.18340702947181955
0.2105880876280632
0.14121279861274133
0.21024356334626465
0.16680071514981182
0.15557310049024828
0.18445651944411043
0.1859932657099216
0.19898523771195292
0.22008109222854447
0.1538243009840148
0.21740861660956096
0.14848833449701085
0.18360453043079866
0.1313542998971343
0.15228596581947096
0.15018592332190125
0.18300861211271113
0.16014353234275616
0.17361809406796946
0.20519908681010648
0.1677409761898916
0.16733040273409278
0.2148092459967903
0.1555873714248215
0.15254602007597365
0.16159180747135912
0.13113128162291357
0.12382992231090288
0.18616911135985803
0.14427482656899798
0.15878579290200834
0.15465921138491603
0.1805692658005466
0.18539756793013326
0.14479036293570996
0.13892936662332148
0.17691062928969264
0.15160496239857174
0.14154112738587782
0.15029140544397684
0.1537186537045017
0.13072174325202404
0.19578520869269253
0.1746728555550463
0.12840977335496895
0.1646333785422138
0.12813716848186935
0.13376888193391595
0.13214450739533265
0.18752616119195886
0.12835400082687598
0.1296492453902182
0.13051437170869626
0.16627094308733315
0.17377186337118128
0.1249659837078542
0.14374116723525765
0.13845638889478598
0.12215613662889738
0.15308895963623587
0.16922021992232408
0.14990991951293525
0.17986303233677
0.11692587664446363
0.1330100485492352
0.18941050501329368
0.13867468248990994
0.11706970130940371
0.13532580113752207
0.155286776589764
0.1363656808987372
0.13898101843180938
0.14764718177554204
0.159490237738862
0.17117436051712792
0.18285303822386606
0.10537898218950743
0.13551358051530243
0.1464374288606825
0.12595487749421094
0.1805888597364194
0.12399665103738658
0.13955692181018128
0.1484853520938897
0.10525770496914821
0.13725392537875009
0.151328250901012
0.12214497130983223
0.17156241748797824
0.13993748118431526
0.17012180726730547
0.16200008678636138
0.15650140689210187
0.14207528644089945
0.091639142283952
0.14349657012879918
0.14569958249594522
0.17494700886393538
0.1394032984914739
0.09852427228145139
0.11904115803793551
0.14933259655130912
0.09594584701330758
0.14945220306604165
0.13449424111771505
0.10864952313090522
0.14381581605994093
0.12457461958315923
0.11922425899228443
0.1707981257569603
0.14880789790323062
0.15907138693651685
0.1366728679408024
0.12252558927996049
0.11726184651303777
0.12688244648163877
0.13821529345835493
0.1558524514013509
0.15138766122601108
0.14320577616886954
0.14856479304458198
0.1421045349132944
0.14209389137145662
0.14982819469327363
0.16843928542190376
0.1284043067817011
0.11515970214627132
0.1354464983967005
0.14271259981484305
0.12348380453352395
0.13385034819783512
0.11681956612821956
0.15240689336385532
0.13370296068381626
0.11739926229830384
0.13559378416015935
0.11821450534680034
0.13031482692004998
0.10621582174345043
0.11035099527349865
0.12513410667153613
0.13632574763433325
0.11765080279336153
0.1138427289699447
0.11819698408628132
0.14596042441474072
0.10843988209140736
0.11514791578819894
0.14001569221962434
0.11039385237445912
0.1323637763635833
0.11046718476027526
0.11102916912247003
0.12275100681425395
0.14442844488362225
0.11294473668395051
0.11744378668780249
0.11122942918816299
0.1144701129247305
0.12388315227461817
0.09591831966875322
0.10951741524019021
0.1325827997947174
0.10518812931837282
0.09335208721317982
0.11895786692110036
0.11211274613011486
0.11060320866134252
0.10174609246401448
0.12801736433503522
0.07945573696493038
0.12672768889536865
0.11149420185213359
0.12025894238523316
0.10643432303120455
0.1279737294410468
0.12391372916849001
0.13937551963876033
0.16172313349631925
0.1087887054240579
0.10022772511950366
0.12017309563323089
0.10860175959795293
0.10355978963625907
0.0995843355350754
0.10243414570723097
0.10398112655794611
0.12548386029753456
0.12360543396363469
0.10717641106187478
0.0991317726413917
0.09254825396808454
0.0781549191936882
0.12416594027202907
0.0899533075477533
0.15920182845702982
0.08327859999258666
0.14933636174070003
0.08203247516667134
0.11683561124672695
0.11273605020480341
0.14847484675329087
0.08864390121375684
0.12361375668886947
0.12001224177166185
0.12221489117372611
0.06898596363632725
0.10427123383650008
0.14010612924632654
0.11704148407173612
0.12282193788357128
0.10548987093249015
0.08303793009698168
0.11016034172896036
0.11682184625374954
0.10321006147604579
0.13444154834106786
0.09300247090622961
0.09295756656604788
0.12841230877696205
0.10395154409995008
0.0799126064761074
0.07201934127030483
0.12041852415252847
0.1123734834465264
0.11918625277366976
0.1212877971204243
0.09448192608167481
0.12150511856812025
0.09233658769502268
0.13401379308175088
0.08469944873722603
0.10472915889036745
0.11535761845316024
0.14197781012440155
0.10581855748589683
0.10622837702049989
0.11638676558077554
0.12212871935229982
0.10417976140306026
0.10305928603120326
0.11411538797819361
0.10383990812669915
0.08884175749838782
0.114604511094092
0.10224224694534086
0.12499965418080591
0.11419822864027167
0.0797840282402682
0.11746638675432182
0.1045025371882649
0.09402426544846652
0.08664344126127815
