1.053858963908183
0.9775755699417612
0.9191490797185576
0.9596174022558731
0.7846200872151712
1.0137525656453974
0.6302089042027654
0.821944517005201
0.7570412813900654
0.5630721441279671
0.681580315738626
0.6734139847095448
0.5578524389496262
0.5713092056632417
0.5986568369734881
0.531176544392505
0.5592546008308369
0.5585106913449437
0.5030193577096383
0.4972419657023446
0.5197894914724231
0.498594343264034
0.48347411384877714
0.4124004532938653
0.4148296665609811
0.4017456798266158
0.4453099089693837
0.4690050418601327
0.38573201526599715
0.3143801702788918
0.5191483007323814
0.44147288563758275
0.39496496661339203
0.3782741176176353
0.4350967570826782
0.40624754816176384
0.3961030237256562
0.4650471835899488
0.28682160476163754
0.37977112445159367
0.3857990701669605
0.37984637509243063
0.3498788145459424
0.40494750604202334
0.3101812268775556
0.31060527969041307
0.2947676934721222
0.34817520456924356
0.3165760714258117
0.3297837854066813
0.2513865722590308
0.3744422871943068
0.31143261308571
0.34138400988849393
0.329389868386913
0.38268308062981554
0.3164870299151038
0.3025434848576756
0.279603237456406
0.3132824804372577
0.3416964818997299
0.3594980439091516
0.3016789007079005
0.3252697033512814
0.2776970119695766
0.22600896057646042
0.33805172395941036
0.2751051538775965
0.24901209839893923
0.1910712049427506
0.20018726025768055
0.23903570547314948
0.21174805721545745
0.27517072732389186
0.26847309505706163
0.2936008884362721
0.24611642240687553
0.2804337902532684
0.24355335043816
0.20571504270544888
0.2679535024472745
0.2374894767421903
0.23111735841598618
0.26448044830907885
0.2895761635690305
0.23682126505186205
0.2687254226522338
0.23905256093351798
0.26631590029463176
0.28319327680028483
0.22119122983404935
0.24882411022896248
0.29310063315765966
0.1918795412819105
0.23458871266401987
0.2349226168574264
0.23103626571859587
0.2855752299012969
0.23248984378334675
0.20444891541184235
0.20077674179987404
0.30781928920432977
0.25368858413958667
0.2527456308168072
0.22645573985351772
0.2643425713727495
0.19922255231653982
0.2322594130050207
0.20142018668487965
0.19077760473205638
0.26217183014391027
0.2607259808569463
0.2248643906750683
0.27815021720066013
0.20118344487947648
0.2303580226448954
0.1583286998622941
0.1582023759661988
0.2160448730755348
0.2641786070981545
0.18310442701642918
0.31171442835337654
0.2414937529306207
0.15874883617667263
0.2059972381224632
0.20084327189362786
0.19052694331053752
0.19476851321883726
0.17011460404324158
0.17697505508788985
0.23925857569684314
0.19321018162679435
0.17513569602034976
0.1560608317709785
0.18566854724343576
0.17908285872135182
0.1885953499644913
0.15763796764083987
0.18404959940697746
0.20804655279335246
0.19478790608264357
0.14384549996480053
0.1581361520238408
0.1683719837162055
0.1613799521832649
0.14318152459990366
0.1609865834188011
0.18524665441040805
0.1195559034040268
0.1897261555981167
0.20445246858354857
0.1931836212752597
0.181380346279902
0.188163088494885
0.1491963918316241
0.20455538929060837
0.16335282235700854
0.157458612171219
0.17270519790265448
0.14678133455069683
0.19351292173761375
0.148534770759075
0.18432608039833265
0.19439493309998696
0.1916768275992571
0.2100410917609481
0.18067312765237376
0.21109018182444556
0.15304183898118667
0.17414322317957515
0.19060640495371484
0.17501463656649435
0.18171975587398512
0.1594731916235764
0.1834166033773046
0.18884754257084196
0.14540396883614476
0.18115766527243682
0.1527412136990453
0.16423856429712405
0.1486799847710014
0.13665733276423356
0.1682938902295456
0.1714696925797683
0.19372307520382995
0.16804200257988794
0.16150025348510427
0.161808623108616
0.19195160970566386
0.14168067455474814
0.15002472133465247
0.13145412370556112
0.18342702298228264
0.1040883247339113
0.14471453853350308
0.16155582542874192
0.17048469236974287
0.1650177074968223
0.17370339239037377
0.09816997806432802
0.17452657847337927
0.11277170815363775
0.13798273746950537
0.12934888585467683
0.1532269389716932
0.1630969169033532
0.11561147091541699
0.1388112476758516
0.15068862434878694
0.17143196653538623
0.13580468365080134
0.15341449067750168
0.16800824320494806
0.1416821953824176
0.160902538765032
0.1397206987205964
0.12418961597139078
0.15444787537614987
0.12732151785910975
0.11539335223222572
0.14397869073382963
0.13977092342103006
0.118092898842971
0.1427986280723975
0.0915972832071962
0.13382438597769306
0.13488164283933418
0.14258925143496815
0.13435430722956995
0.13267353120226438
0.15595080002892042
0.1586214059714658
0.17527508398888933
0.14121946620647596
0.15664224733338658
0.11563428872264617
0.10844531364027529
0.13484864769492616
0.12045145641450423
0.1592404217516924
0.15316268080929735
0.13450112166289613
0.17402362302340327
0.15864579992545963
0.11640691256195254
0.15651238238722137
0.10560595966869497
0.1077960779238124
0.10912975486371926
0.1027503174894582
0.1275094224771376
0.12567196710516274
0.09640028151163058
0.11345944111990065
0.09213054848030058
0.13476214269629866
0.11984027623562729
0.13800074441679483
0.11740739464362626
0.10294785732474354
0.1095507953446336
0.11934908237056133
0.1301874355836348
0.11977223075907513
0.09144829648453598
0.12034807018151908
0.09341529075619784
0.12953715447317335
0.11034814256722184
0.1389730910085403
0.12021392224495056
0.08949502674643967
0.14758579634335037
0.10216970890614652
0.13977378842862237
0.1022859545508468
0.1449408437054484
0.09917999832042249
0.11783652222783036
0.10989792815580446
0.12166294882806665
0.07637945934951865
0.13871796042059867
0.15532482203528108
0.10791626218068691
0.11578342721323605
0.11503492336447896
0.12224602063975631
0.14214302360454947
0.15214068986174603
0.09427943416043498
0.1341214221249623
0.09157294197050218
0.09307379269039354
0.1289649139889128
0.13112517251186467
0.10352523655719356
0.14603632430045155
0.15767116754375773
0.10954503456379547
0.14308853330496996
0.10006831954444814
0.14781133030337154
0.11441003606037592
0.11337925492667109
0.1234243716481466
0.10398578436794999
0.12639729280816048
0.13226383463250563
0.14699082245639503
0.11724077843663665
0.11233717527182514
0.13029690562699575
0.12333374042252113
0.12529132026518777
0.13659501618142786
0.1187049179292442
0.10198069872451568
0.12820071231470528
0.1293220540474315
0.14203615957793395
0.10674351094085852
0.11716198750519213
0.11527069658598883
0.09544120200803655
0.09293768253780815
0.1345037438488609
0.12721534345201505
0.11273082664130436
0.10518301172703351
0.13964252374965375
0.160006069928686
0.1100684531882155
0.1442306435895318
0.09498490582536612
0.12751071472306577
0.13985379537370748
0.11414166744121981
0.09540427849292664
0.11158531919103176
0.11028088811882322
0.09015716091983314
0.1274314367281277
0.12346982765027861
0.11098683683352135
0.11992234492198846
0.08632488362585065
0.12772609564010726
0.1354004036249882
0.1335374911898525
0.08278410018936437
0.09744477993573694
0.12239796227857827
0.10675418683397701
0.09988751310368801
0.12377442144363374
0.09142533751698619
0.09838256243861106
0.10403142259048062
0.0982304525125424
0.0762724719038639
0.12420692454062572
0.0771964710965508
0.09565107820555725
0.1209156734752918
0.10083890616614852
0.11145237667343186
0.07804989698750765
0.11718687971310641
0.09746931187129557
0.06807620694075153
0.12068973662982167
0.11503946180094078
0.09563577985402481
0.09915435917486533
0.07326415022231851
0.13292588791908685
0.1237592517616943
0.11803340019916753
0.10808051436766346
0.09535368267876113
0.09648048846597965
0.1319385298857947
0.08547724949960225
0.08781569693724395
0.11625860320148977
0.09549179434583305
0.1014086291008274
0.08920822290863109
0.12015914696819878
0.09423465655902867
0.11266387364504793
0.09848879057759216
0.0944293621624324
0.09315121034867542
0.08316826566471287
0.09220581836471146
0.10548510003887415
0.10776604430162964
0.1348245053580865
