1.7387746536822775
1.7914580681750998
1.7606046179102095
1.5354570624958757
1.7239970985967574
1.570109937653624
1.5549792027759444
1.515181430719579
1.3516627938887942
1.5129382709145704
1.2538616848267403
1.4570861125399956
1.1188943852361997
1.0062741705394815
0.8794105038842817
1.078868311056186
1.0695300871441367
0.6802338269522753
0.6928646674316115
0.9536954350600512
0.6202927841444013
0.7380503656216694
0.5805830506440467
0.4592177902513538
0.3849834291626084
0.4276162103517221
0.3548556971057867
0.4719343101091146
0.5447777962659756
0.3592663264217236
0.5142558366847414
0.2509030576325323
0.4460065661317629
0.4202956078492514
0.2690052812884381
0.1926172358173634
0.2787606887081269
0.2745605157124352
0.22758610607859944
0.25625681199036476
0.19540836989580643
0.2240246925678584
0.20049185823368104
0.13485903455608228
0.1546894512838522
0.1712859547273275
0.1613615188471394
0.1709319083552696
0.23332225020860303
0.1306655371681524
0.09597344129353966
0.13884762487687013
0.16129687274405594
0.1315145200771753
0.16650628203841827
0.1495192875321696
0.11314256483203422
0.1602714990752887
0.151277017757071
0.1906233022647194
0.17220767761875347
0.14226920419043526
0.17771112021001673
0.08073245722637298
0.09579685240061553
0.17890764006108106
0.20563896434976464
0.1369525725852477
0.10004783748653405
0.12356348528587875
0.07819397082467672
0.12915679197882562
0.10781709298985627
0.12325003906594108
0.10609650280446245
0.08532205523091974
0.10383337158229042
0.10760893871163475
0.11622668608901639
0.07267074843060511
0.12140355642672047
0.08517004345123227
0.12058777486032732
0.09337928462752257
0.10695599460045616
0.07896484384882219
0.09185375977297176
0.08341672509487066
0.10138924916367782
0.11175037233395832
0.08905870974585041
0.11481429164356498
0.0507159833493111
0.05753632275677688
0.08231480540846328
0.09717350924395328
0.08006869524857908
0.08634543933082019
0.03737190184890788
0.07234594588633542
0.09107501244011601
0.07839119145690857
0.06236470587657502
0.08399398865811987
0.0781761024478471
0.05599842232804193
0.09109802567580151
0.0731275812425579
0.06227173723317654
0.08945994068372917
0.07171516092562172
0.07676204721316296
0.07720507355753317
0.08033267191575219
0.05587037989976198
0.04889818920857237
0.06665247453411863
0.08059213799940401
0.06536225864696214
0.04849934673878111
0.05218633968441946
0.051076061714969145
0.08061027356128483
0.08150306264569804
0.059416333641580985
0.054846536041516424
0.057683358087767644
0.07666059990604478
0.03865024667223133
0.08226390632734543
0.04147378466051956
0.053608599336191845
0.06294466589974798
0.06753339012567292
0.06795357631150421
0.04707365037360761
0.0625423496797454
0.0511688926174084
0.05777989663379648
0.04875549411184743
0.05280986101522045
0.07464488378074564
0.04959597283635761
0.06420484726165274
0.039476566000728804
0.06204514930809313
0.05464092191281326
0.04644226814278929
0.04385107456805919
0.054687004390013325
0.05441667472989015
0.04761465702797125
0.04993706174153238
0.0652856266075708
0.041940583108857676
0.05267359397434405
0.04593017824447722
0.05458974968363665
0.04645344977634415
0.027554799816908154
0.04805449987352722
0.05832428597230799
0.06332134849213902
0.032414085956531634
0.0592227167445475
0.05680241066932713
0.050861841564405805
0.046090339873754015
0.054171750710672394
0.042333603846099216
0.06330534964054163
0.033970814830493586
0.035832602698615976
0.05095315514035661
0.05019328495040363
0.05395746592121438
0.0402030337424609
0.044652527583872066
0.03306919292520546
0.04655400220513352
0.04764334334433502
0.038692781510908845
0.036246545664291904
0.041186857908166244
0.05759661064978072
0.03827255449232428
0.03555199623623884
0.0562388292634341
0.04115923290475005
0.0436613169795532
0.03890278206237172
0.04985566361062164
0.0350416799755562
0.042648673474354665
0.038743876543505376
0.0446100728713379
0.052067819202383826
0.021446859196434142
0.050258587451494266
0.0482947695053821
0.031063416126046385
0.04260965458426557
0.05787786836080037
0.0417361326563505
0.03545751319784588
0.0360692457546785
0.03938238290232747
0.04692632503903213
0.05964665240630479
0.04957391610816579
0.023680233714089068
0.04702966997424989
0.045660631385696974
0.02300221918945044
0.050391731388548744
0.034545083724356815
0.04554659340948914
0.038964584769210074
0.03219082638521748
0.0488592371632372
0.04152155329544474
0.03454565077732504
0.0358586854321125
0.048907372514603815
0.03490666232526676
0.03849812108113184
0.04418782986665811
0.053563115189962776
0.05200977373554065
0.043434624023055535
0.05036930527850432
0.03720733798480412
0.04251092257662309
0.040553591452958594
0.04253698246641537
0.042167646465983234
0.04434168914686401
0.038666821066479076
0.03924625339598946
0.04156118284051743
0.049523770334207864
0.03334541449142919
0.023737255628826382
0.04459368519743277
0.039323353948271564
0.030479715358694898
0.0328476819923879
0.034500704167378195
0.05217138555430175
0.047334973391132705
0.031055971376268542
0.03801537086997151
0.04687965059873627
0.027099558413014098
0.02501449537610783
0.02947716533475963
0.039935979167529584
0.025039735674717893
0.03019612755509247
0.028527215942972035
0.04852093883781947
0.04991663596811298
0.042656605314111876
0.037428932015028483
0.03015595610119844
0.03783659889648458
0.057539507459744496
0.0278347711946302
0.03900052318379476
0.035662467589585294
0.038251983894535456
0.026074772031844655
0.03396357460267982
0.023219097420396233
0.0324151451614072
0.04365653244253129
0.038178951726580986
0.031267663334994554
0.02189080802401696
0.034430544506709036
0.038586945194846844
0.03822002275941867
0.03106249954430491
0.03469377783941059
0.028243061347832065
0.02764456793744303
0.04594958225341706
0.03573878449372977
0.04099624455784694
0.04593213386988063
0.03183998854421459
0.03262109650893642
0.03486194594872905
0.03413239451680408
0.03933017734539398
0.03470076893515731
0.030815506488568855
0.02989119443907151
0.03602428958355559
0.029732561676020446
0.033797777905469784
0.03619489568575319
0.036881051330643524
0.030998423750776695
0.029750858028792522
0.03953946703204725
0.03553722692386457
0.03664998442505414
0.03161437858668119
0.028134976877683366
0.03180017772355233
0.040200159135236696
0.028936924660109848
0.04385358182516236
0.040641054666476294
0.037150798199036515
0.029792810720908454
0.035328166619085034
0.04946913271441965
0.03405464604385616
0.039622395169399874
0.03847538277435543
0.024171633411909126
0.02483817544002508
0.03961331743910111
0.04903212825138045
0.02082480877667823
0.03269894942167392
0.030649486224368565
0.04292884861354461
0.03021650461429624
0.03757153162622377
0.03134151197826436
0.03449951495604024
0.02684059261093356
0.031068637666358295
0.03732762641504242
0.023244726895032142
0.032444428751290846
0.02442494814917105
0.027080783857887418
0.029779383259345316
0.03661261941274809
0.030984643524929134
0.02531954022671722
0.027670205499711387
0.029560732944279033
0.03168336350713043
0.0249592275653538
0.03290011947945245
0.04461571747554371
0.021642161038677107
0.032168982237958124
0.031205729201047146
0.036368823988198594
0.03223526627738988
0.03181754548140877
0.023095910157378777
0.0431359556495917
0.026510805021281524
0.0395596745478964
0.031274854100317315
0.026564148784127394
0.0347041564970513
0.03503439326216742
0.04042007618828279
0.02636906029181743
0.03190516775579785
0.02905904285691936
0.02530371321295844
0.024886108694944127
0.03265601318465455
0.03670913532524027
0.03547971914552807
0.02736797422388826
0.031010124199125196
0.033109327067267984
0.03751172175806153
0.030318869491747273
0.035822403510448145
0.030566333944778416
0.022773082848421354
0.03249844905361034
0.022154025081861064
0.02810239211456555
0.03220576958105748
0.043467484026564154
0.02935642960106779
0.03202323232853404
0.030492746204192223
0.03514679454750739
0.037662531185397224
0.040861825608638214
0.025703945732330574
0.03703750323859886
0.03680238056620279
0.03436962738738091
0.03112060739013649
0.038107637197873974
0.03516269951386692
