2.0108577426397938
1.9506824841086394
1.784906217722508
1.9049422960096731
1.8147115648595993
1.8415027026751276
1.7575768249444668
1.4947244743718104
1.4401470581454876
1.472838786242446
1.390440275031258
1.103921156721634
1.139453970640929
0.8151670675397582
0.9734345332417735
0.8331639149124414
0.8006197006766309
0.739505489356694
0.6581120510295044
0.47063277405598314
0.6220482887340512
0.3804510637660595
0.5000438329922039
0.43982886974518703
0.42033293247830683
0.3761332562531192
0.4649721221212807
0.27585138170601936
0.35760577523333775
0.3356547932021058
0.3139639207059014
0.28658259052049473
0.18149055285694787
0.2576707583262641
0.15990689525930227
0.23988458571414592
0.1949271855023401
0.18429230202525987
0.1739630412979451
0.18744304620368088
0.14321868919696623
0.1350052691365943
0.18254176978591055
0.24120413957126802
0.1345676228570676
0.14024028763785695
0.16251749417731604
0.10809157854767686
0.1348541447072318
0.18694076897196646
0.1350366692281597
0.10610196647356032
0.13371109493266217
0.14143689278844113
0.1857296808418582
0.12729107655273658
0.17198861611088384
0.08972462108736708
0.14090876810180103
0.11648959703132047
0.11210799354908411
0.10801893383248214
0.1252726064652803
0.09244350702901132
0.11599217473682846
0.10277698341299532
0.15192059779160125
0.08750367908304271
0.11684080404338841
0.122392964390724
0.09648467139891384
0.09556233250880052
0.09314358477270121
0.08192754341331902
0.09647484788869072
0.09192890278284098
0.10188481247514188
0.08625092467915771
0.12298190155377982
0.09934252771531157
0.0827884097246632
0.07828703307632175
0.05864123997934963
0.10082077130035882
0.05397295945913071
0.08989337219389748
0.09899722129986498
0.14051538398787564
0.106655785373751
0.06134156113710689
0.08507895508530247
0.05854207244593167
0.047020166731695276
0.09027051912889233
0.09069877399382685
0.08405437295708149
0.0815030910464528
0.052672827793675124
0.09732944158343172
0.08079915919950759
0.048833746873892636
0.06694392526405343
0.05738258283588986
0.08065905673534342
0.07721866935042176
0.06649635035795792
0.07225368537339848
0.07387118708933522
0.07321713487424023
0.08192704355289415
0.056892389749530384
0.08255541618608557
0.06282318727983335
0.08089251347362224
0.07352702622398474
0.0887069648720939
0.07974297461895744
0.0655235271497096
0.05018776670350478
0.06722680002718463
0.062045740257185
0.06242346166147329
0.05543424703219546
0.06999269062805205
0.07076639898804794
0.06302608445250472
0.06242628797055838
0.06661960364249474
0.0553118118603347
0.05232191497500628
0.04746299753906541
0.07104738666211932
0.058337833344836984
0.08523827689308416
0.07142330324037063
0.04548617069956272
0.06648132860814421
0.07464184209202043
0.04926694730424887
0.0586350170455668
0.05677330783788912
0.0539954960035439
0.05498819558404207
0.06986367191658502
0.04932767181079177
0.04933751931707512
0.06492921108378572
0.08336603675780559
0.06101789727966128
0.03388064160510594
0.06124415511419971
0.06440762333330782
0.04535664627461441
0.059664004859589524
0.05760291710701757
0.039731999232431314
0.04189355988277497
0.06863761009140215
0.05500367909933725
0.06840019181844992
0.04850312620865056
0.0526852244412242
0.0585470167450375
0.03292766860347225
0.05791017874889158
0.060941271983113186
0.04546489783141407
0.06277867324703319
0.048774879548058724
0.06178140846023197
0.05458621206640355
0.04593246112829032
0.05436389688946743
0.05234820693404575
0.05840671579146074
0.05332548499964773
0.045897233788762586
0.03782044686878856
0.07420314538453007
0.054690575571197074
0.05678518406061258
0.037593219642780354
0.059454443372977506
0.03876854770992273
0.0593749391427833
0.027852916875458857
0.0672324001279548
0.05192194290648385
0.038902289013819445
0.03713524138493625
0.06157301363477208
0.03838708830968158
0.046323326066625
0.04808011160955001
0.040616316588414816
0.040212578812080485
0.04498291825629926
0.05104077693581346
0.05042650018675613
0.044433857122452944
0.07098108590685542
0.046286959257691794
0.059900269646870064
0.05156748081879022
0.04227000008612437
0.033528852400812055
0.05163728507853602
0.039489116079855446
0.056643334249917396
0.049900559677247026
0.02936805698780905
0.06556541244849366
0.03893428962092625
0.03371725265166496
0.04666179355223814
0.03439658798696903
0.03725372638085819
0.05768047949611619
0.04702539289504533
0.034572784041614575
0.039610598256681485
0.026135764161801515
0.041201189963519604
0.03920085524642299
0.04365783252709104
0.03797132007269585
0.027475277916541037
0.052700676686943684
0.03141542679354893
0.039386580907255775
0.04963820842556075
0.040473317235370586
0.036856836365479886
0.0425848003709548
0.03587518805828744
0.05284866931212717
0.059226865133704086
0.039134304089743506
0.03382491604388409
0.05339757023285019
0.03129787569326036
0.058624155513067745
0.04467947582854775
0.04343796012548136
0.03703892486868671
0.03401482148479039
0.0352116880055297
0.037410205248077456
0.03422832203700884
0.038688734743705766
0.03719028820094664
0.03658279720481261
0.0381291067992424
0.02237123803119669
0.0419977742490411
0.03759341646666534
0.0406988046333084
0.04457191968451383
0.053856995709689034
0.04124572145538594
0.041841622502285965
0.03554684030922824
0.03550231930181196
0.02185220178499018
0.04320186561535314
0.03619923880334395
0.026513388230239982
0.042386965258935545
0.037958594269645304
0.04598312065463001
0.0314748345633568
0.05094314506071982
0.03455181245058631
0.03824925651806682
0.03717632827087942
0.043352851407770523
0.038534345262507916
0.04295265311619711
0.050044779470917386
0.031814975183170814
0.051621208348883216
0.04165043747754418
0.029106172079461395
0.03290626626455919
0.052721705802318865
0.04104476143927748
0.03988990982191494
0.03562444937824376
0.03136182623840391
0.03057765302531242
0.05561235251081752
0.051478671042528144
0.03044507548241318
0.021698403112279527
0.03174482588178933
0.03204042815811483
0.031006980661044153
0.04403700847160571
0.02941114236774655
0.03515991000133441
0.0402753631073658
0.04264193640726398
0.03985127839957825
0.03475240171043464
0.038491344869907705
0.020567337928616734
0.03132575008267563
0.03751820443291727
0.04025735639243006
0.04060284676744772
0.028020393067131638
0.04411281502829311
0.038427538253979474
0.04533419801289827
0.028439219492329783
0.038963120385318864
0.05478969677057923
0.02526264262510408
0.037826913713717006
0.04423742655617184
0.02078384456205678
0.03924682756784227
0.026871562318112524
0.04131891329694455
0.043445970112970064
0.04387560759557677
0.03838350229146164
0.03774495446990325
0.0379975730598283
0.022834513466534333
0.04288170210210222
0.02605848010774276
0.03373304907402168
0.03426348913036404
0.030612947823335446
0.036667607406722494
0.037092427376475175
0.035322061119893514
0.03392392597514005
0.039953419442346684
0.03946532094142484
0.035385051339135776
0.028128392118582195
0.0400034404800984
0.026443073062107175
0.028940460703038805
0.03017185995136249
0.037139325798067876
0.035540215526710286
0.03069618141386609
0.05092970559990625
0.033117217906191924
0.029620894627355936
0.03299302980573313
0.037488125593664684
0.029123616192499063
0.033179300173553264
0.027601857073957785
0.04319171120007047
0.037878619158091945
0.024819953462232414
0.02289926614599179
0.03274681641893964
0.033060444955441436
0.022963467102419748
0.02100461886799267
0.039482582263981505
0.03865165853741699
0.028234585372180633
0.0357168207978393
0.03614622493485271
0.02784180234130153
0.026618280600478085
0.04158124169983689
0.048026654394308706
0.03944978297336594
0.04745490206927973
0.02392562240991295
0.04205971102963929
0.0423358070235976
0.03697742257106891
0.035151232671986644
0.03149566850626674
0.040375103349937914
0.03138893936543716
0.028486650278823432
0.03717402328260071
0.033071107877182176
0.02766331653426169
0.030586213487719355
0.03387961596824881
0.029120473001725766
0.027091973293211176
0.028472479989619763
0.038952641318773594
0.032129591215095316
0.03338884656750585
0.05278618203802782
0.024169196799235536
0.03196360279292217
