1.572901479351344
1.5345821514263023
1.5016109890974294
1.5034279880145154
1.444849343194057
1.4147634166914285
1.1753399502118715
1.2112088282869065
1.2589881023281262
1.1646028409802907
1.289486025009168
1.339900774902722
1.2118876122702757
1.132106045415486
0.9832689246043541
1.0395041723495497
1.2120724208683973
1.0759897283403617
0.9767640213517247
1.0935092609547805
1.1258345141811994
1.0182946049812376
1.074838738006108
0.9342611849717407
1.0567015989836999
1.0057026036581436
0.8764229014374141
0.910972916135478
0.9570096834380426
1.0877379822977897
1.0203327091125831
1.0290989606726706
0.7617446256426754
0.7691501561276096
0.8410503019418254
0.8290978760416042
0.9586121082296684
0.9857957198730342
0.8289781911727345
0.8670806966561703
0.8375634554153881
0.9034107928484965
0.9107502643086478
0.8376013497484855
0.7921357687736668
0.8228318844972833
0.8034409823893535
0.734875613417402
0.7489702528787474
0.6524823524374416
0.702806347715436
0.6443238541947467
0.7671813315493007
0.6190185538102448
0.6046987369649982
0.7033942784549307
0.682106417032483
0.7993187816865998
0.7320149174530498
0.6830853002599383
0.6406740559542826
0.7387091208300761
0.6336552476830598
0.6728080454580927
0.653918522048656
0.6040755507349467
0.630775381505042
0.7330216616819999
0.5295109128501291
0.6173501411651288
0.5820013672888434
0.588882626330211
0.5663642655753071
0.6332517443477677
0.5989538905088626
0.6484605593741163
0.5742612551653337
0.6795288113492481
0.6163382294067548
0.49099435549391784
0.5819839117631809
0.4843664657499467
0.5018994988036243
0.5509499628328303
0.5087515335246425
0.6256705513116916
0.4830573561084954
0.6166444249836033
0.4775783830283283
0.6363646285800321
0.5852687316652567
0.6219142652823947
0.4740986728950139
0.5204604818776669
0.5659509831359811
0.5055810512219079
0.5306291069548608
0.4867205006471066
0.5323855211145733
0.5021778354310008
0.49518218032333017
0.5400352727979081
0.5094197012167054
0.5039338348698791
0.44410768290254926
0.473984585801575
0.4981918369735566
0.5901692515546301
0.4213556178446874
0.47275096491900737
0.4691864400953857
0.432258269182831
0.4798244019076634
0.4174142032608894
0.412067740722115
0.435163718251813
0.5275405083881854
0.4756024055545659
0.4448714164831225
0.4151833771397122
0.4348753853930444
0.3935603554885915
0.4807592305073654
0.47165985074372524
0.4189722520458359
0.4405418041809429
0.45329887644001793
0.3967221603285516
0.4102912781905316
0.42563416851223435
0.43031701984809345
0.373265321353193
0.40420556926848283
0.43295198523075473
0.4415177899787469
0.3782379542396112
0.4477233453804413
0.4001512166694595
0.43304064952081617
0.37696826977344683
0.42340483489662323
0.33203220937511463
0.29728884581934684
0.35531744381193653
0.33223656444189087
0.43081800488817057
0.44169574036924253
0.3353699373875142
0.35717690515289685
0.39989673506046713
0.30384074813110984
0.4069406358512385
0.34332360808290663
0.3502333230774114
0.3818734061711522
0.3800188866151914
0.2940650690524963
0.36508650653349595
0.34169089973809275
0.41158918868614364
0.35138697054096724
0.32335907516903417
0.32657623082306353
0.3102553952366586
0.3379285727425777
0.33160645835876795
0.41971494349252303
0.29671472664649956
0.3908287866768062
0.35961343241730814
0.24097173513056686
0.30021791308307744
0.35934441920622096
0.3280346138639699
0.3251665508750325
0.3129516571459595
0.3766111295067617
0.338863859163285
0.31998696608419147
0.397393750029108
0.33021557622574116
0.3223235090326025
0.3066223884625952
0.33385217780728016
0.3684489348765305
0.33380146685457346
0.24470173865752004
0.2930460358836154
0.27241141747298403
0.32966421530210505
0.26881268604096464
0.27485110062922397
0.3128231909104307
0.3590151164506429
0.30560885845528174
0.30527340508679107
0.2810026525550917
0.22857758661986308
0.3045738177585112
0.32653670899712384
0.2680494288287846
0.29617315976168423
0.3032427663147288
0.3249347219702634
0.30763992151511915
0.28675155517529133
0.23237900429355562
0.29948274312770173
0.29178729050522273
0.2790122037767311
0.3133930703363334
0.3252908529518112
0.36739103277148905
0.29644894342207695
0.2748678560487247
0.2814388378936764
0.2462418063154493
0.29201822009382356
0.3111633603380214
0.2718858972062223
0.2619446600151082
0.2387185960898197
0.33458439845155413
0.30410420790458176
0.2559603246971691
0.2828284077672391
0.26941998875563605
0.322515503567565
0.3087717934918647
0.2861336678162828
0.2767355804454802
0.3024693451278568
0.3011987053037549
0.2164932825268569
0.31649614890036715
0.31139664815379037
0.26886394162800087
0.25249487308194685
0.28149933576578917
0.2549984163805955
0.2487748294206887
0.22592441762200854
0.3119499573888643
0.29321413828286624
0.27392479353542154
0.2546382969465748
0.2635544559339523
0.22423201592038663
0.24002963436662034
0.2758841125348465
0.28813176638235566
0.2855556135024636
0.3071325017877028
0.2973398836912761
0.2839513664851953
0.33602930907493417
0.2121807726979496
0.2070957332997712
0.2685650383413946
0.2733701279798456
0.2274595844979989
0.2781373509475375
0.2674239016842206
0.2681242551137512
0.34786985232309087
0.21926420259852483
0.22883585297608477
0.29213338349956103
0.28484568511997066
0.2742865724516793
0.26963842319129905
0.2534134304817147
0.2630370771856429
0.25987418236222914
0.23497311422717254
0.2735177635786608
0.2253721114288672
0.25822540261907534
0.28404513275509524
0.22891380682411136
0.23524210986087918
0.25078830687875875
0.20488391680132464
0.2900214697345984
0.23013231781305463
0.23987978509460742
0.2086452744449736
0.2100096337521941
0.2409846590819935
0.2704444037489104
0.2561111141333544
0.2231581424380693
0.23350354278596833
0.25141734990780545
0.20833703822437494
0.22135680574213787
0.30316446937976765
0.24339258812959014
0.2749212128108608
0.21240702308994025
0.25877291024520643
0.21085505074700092
0.2503376050675178
0.17895804973270885
0.23024968561067555
0.23248962414194815
0.23158267450556883
0.2530835679392229
0.2757876581658384
0.1971466547106429
0.22503002896571359
0.25590013328772104
0.21601619072348646
0.2160173487121754
0.22699290750468482
0.24785801217448128
0.22820172820107673
0.22265464577224395
0.20671236579850652
0.21531459811259213
0.22911251975615426
0.26228740086357205
0.22738775434093933
0.19952292107686426
0.1971261577885382
0.20993104777678004
0.2200709671948115
0.22320079573687002
0.2196202431068784
0.19104612505077165
0.21602197435139714
0.23503863375904963
0.20619033451955912
0.2056442250662373
0.2242516385310925
0.20658724725474675
0.20693728642614487
0.24110805794131202
0.2686505804449509
0.22157244246552138
0.20234189168645175
0.2023662402434811
0.2996165623608119
0.22482893377617857
0.16663685459436897
0.18760363417240958
0.21176351307227023
0.23414947473538797
0.1889816982107319
0.17434874620201785
0.18114116931292973
0.19930030008386268
0.21391319329514932
0.19343186495428158
0.18229185877493834
0.19798029960613098
0.20913256828529286
0.20425787911376386
0.2193812372547125
0.18998982657016056
0.2237567532076897
0.22816625639340038
0.2556956622175989
0.23078762768099223
0.20548487570069027
0.18378507890991536
0.1944783071567252
0.22383069565195748
0.1909116136692346
0.2015295577004143
0.19134749026766013
0.18935174473795255
0.21708112242944635
0.22336666026376858
0.18884612660325653
0.1837780683827299
0.24736138546167252
0.18175340687844307
0.1811907869232859
0.14924398357867588
0.17749277072472766
0.1688072099290643
0.22052500311434237
0.179000572180635
0.2173874104793966
0.17959227945256928
0.14895107350494347
0.19556983803709965
0.2712748615524597
0.1944285134992468
0.21434746790125186
0.24718223562776692
0.19723153304743818
0.20528364842144856
0.16628580345393623
0.18741392513712612
0.1936441423544983
0.1911038697562534
0.18840618205613338
0.18617034548531372
