1.832355913951711
1.7452598487805786
1.7555246338949444
1.6814474716889145
1.5715554463182948
1.6234968289693985
1.6216974132589752
1.5561173111194
1.4953183466768827
1.4768145943961801
1.4919545703692034
1.4158274130253174
1.4001905834407413
1.2312694507054975
1.2819904208030548
1.2611792644831659
1.2566381748711055
1.3189800803994853
1.3861041503110063
1.2827685579503856
1.2177700098533846
1.1239389980270595
1.1299977599885243
1.072268823634795
1.172681033160174
1.1141941439719887
1.0441233537529342
1.1057447641185667
1.1061465831186283
1.0067731703881146
0.8299653486211167
0.7508855188616456
1.0292016982541357
0.9185549842313337
0.941091632364652
0.8817513082307785
0.9009356744624428
0.9360877690753208
1.0678703830809249
0.8958497546539143
0.9236409795990431
0.8854830904147442
0.9297501357784516
0.8569352842226211
0.8703736788111367
0.704721878564359
0.908904098067455
0.8507636079717343
0.8258256934086299
0.7784895084615928
0.90055341895097
0.866483877973988
0.8130600065283767
0.8354676521121517
0.8421237946428389
0.7272338810947053
0.6074708199382285
0.6682417516244051
0.8334950924053686
0.6982938750186641
0.7630844334996763
0.8176517877287932
0.8687528655878485
0.7736794579139674
0.6670906664806956
0.7960893366075755
0.7381150291470124
0.7047500366741812
0.6636221429512799
0.6404550254753288
0.6474572078041938
0.6548508291340843
0.7256576571371105
0.5597737445680033
0.673880238705931
0.5476751729029419
0.6653457714384422
0.6391901570622535
0.668784934006412
0.6755130638574948
0.7227518849232007
0.6578906452134604
0.5760520497868277
0.7125854538738206
0.5446283490206161
0.5771468054855875
0.600671277223809
0.6100715210298061
0.709174390408327
0.4875813983785524
0.5719811052994939
0.5673705365458045
0.6373964916488963
0.5094787419466498
0.5735181238556943
0.6114977511039545
0.5092654462789173
0.6025498342085417
0.6003767960521094
0.5306202963557448
0.6043387620017443
0.5694672004646762
0.5816193840407211
0.5927916135522723
0.5406986278116335
0.5355368027797096
0.5831515923358632
0.5158579703912883
0.4915012803045289
0.46328797535646704
0.47967855021710226
0.5557922891278249
0.5404078933007832
0.5651248055182944
0.5330156940021272
0.48710797614772006
0.5023446227478192
0.48597716217055104
0.5826657468094572
0.48595610607778533
0.45210530257844683
0.507545488311093
0.47760330255450734
0.5212453125320845
0.4095590850468655
0.5876999012039075
0.5913778623900063
0.5268780912186712
0.5140483290480533
0.5371644290451857
0.49378320859766
0.5014503793640055
0.5041458851232508
0.3676138492795576
0.47321957993466873
0.4405010633925294
0.3690532703518553
0.48832808390131577
0.4989382405267843
0.4094169831031952
0.3930203476181249
0.4838775805876729
0.45443268898825345
0.4777415924491475
0.49049641256709303
0.3748073954418272
0.4829992906222909
0.3865166073704339
0.42732948769018897
0.4660388500787523
0.4885913440343262
0.3999848096748323
0.4974609263284086
0.4118601153583665
0.4223662518361631
0.38772969964275267
0.42576821963471395
0.4009338940542924
0.47690739073867594
0.37184600747855756
0.4356025757194691
0.4139133034640782
0.3745439908746917
0.4600742893958255
0.3675630853409023
0.41837951950106483
0.4688506935313386
0.44981838924978385
0.37487725470429867
0.4594266453893905
0.3824311748742602
0.4460342927739832
0.3880371956907143
0.38675978012685497
0.425863228592847
0.41604964195953675
0.35148572181483256
0.465041109010209
0.39292178506816006
0.4156663941447725
0.3834568306661158
0.4319198734843276
0.33276073627994207
0.3395839087648276
0.41814748950806824
0.41387229996847397
0.30721614196222136
0.29037661889036637
0.3511822236259649
0.33963721258672747
0.3691826784734629
0.4130935636208105
0.3067684835851815
0.4057975781814263
0.3587576938712227
0.31282107652842484
0.3638720598153307
0.3392039680561695
0.37488886315844633
0.32065339117926434
0.435256215838035
0.35041274013381263
0.33018844646129597
0.3412401468467312
0.272428230231342
0.36243737460480496
0.39234827314360726
0.42280422938781614
0.2527235889978807
0.36387600703962
0.40926769702119686
0.3654941519426228
0.33647571323143916
0.33601774961159936
0.3391465309005309
0.3492712952619212
0.34719507740569244
0.3195728625942802
0.32558390123882697
0.3526837716055971
0.3402954815908698
0.2878567267959825
0.3528347779448839
0.28209191638628484
0.37533338878042416
0.3588366482115761
0.31590530141334383
0.2928524711671502
0.31960489099918343
0.3060911455495518
0.3253359630128353
0.33074303289599044
0.2850568955759842
0.33353555412559566
0.3487058253975985
0.29161257303383786
0.33452403030458894
0.3634484043997964
0.3340161421541691
0.2892584078719598
0.28745914056168753
0.2832052490818756
0.31602276562816217
0.3064378573043071
0.34897555100452526
0.366862614032985
0.31594340587307795
0.3039724568437136
0.3090073193318469
0.336640302912748
0.32649139494368795
0.297660232468909
0.28654935558657524
0.31182485401601456
0.3341619244699906
0.2616040070355685
0.30150854597867405
0.3376526993804232
0.34556791194096165
0.30785295298973814
0.3112313340852227
0.2865925003504406
0.26125380463695247
0.31539060196543395
0.3093892107779888
0.3674922996386777
0.3318782257516619
0.24533165494476616
0.2942983769142537
0.30846474620706255
0.32955205433900636
0.273263202155985
0.22423886754593125
0.28143039137155357
0.34686801091358854
0.31183871117307066
0.27416128769273335
0.29006280851438715
0.3175652063935182
0.3103008859459214
0.27681879860498126
0.29267632046235653
0.28418344109180776
0.26219372805675467
0.2740776901125226
0.30412262605449003
0.29667786182056133
0.3028955110578343
0.3071562583119004
0.21851523016158098
0.27121749200458367
0.32456390999252305
0.2951046611836986
0.24717222781860854
0.25024403941665924
0.25934234014126833
0.2907428703588319
0.2417917025202338
0.20310279111311588
0.2872426888272023
0.2441387509368516
0.23542276367076886
0.2863365563891018
0.27020934513105
0.2886454233331054
0.2420459335808375
0.2614216736029978
0.32300499369045543
0.23733788929473826
0.2433238469977622
0.2587386058636366
0.23768858741391274
0.2468529230337821
0.25642208652200194
0.25509323576619203
0.2175566806130606
0.2676348860367111
0.2821290073179637
0.2238560372076877
0.2687082552730494
0.2571852230378579
0.2632264307179564
0.25312021944619945
0.2365547576165788
0.2512675258152527
0.2713976224086888
0.27290538081847115
0.21385288374539088
0.2629606031947774
0.19811599524624351
0.23512594895547276
0.22852300821697447
0.21751472762464932
0.2716799105735301
0.2614517490253315
0.328307070315763
0.22986447156331505
0.22660455369672391
0.22812302188584538
0.29609798802070836
0.24218386628449026
0.23152143842848094
0.20172232794046874
0.2688242578333625
0.23408989262077445
0.269761079043777
0.24236780048916615
0.2583375265569233
0.18094557293278654
0.2299409286385722
0.2301964104611644
0.22185302818870006
0.24236641864505146
0.26823642734907793
0.248406356748401
0.19337978990963606
0.20375038033109139
0.2165837342390971
0.23190308823697398
0.26440546953820643
0.2706625535713071
0.23196930797713974
0.2120382344921829
0.21737455628325822
0.21728701982640394
0.19712911332517297
0.23120998712330887
0.25333715654442723
0.19531434681961354
0.24919884451741195
0.1950890844325726
0.16987094927546334
0.2795681962833229
0.2116164810632383
0.2692600443931348
0.24963137977716884
0.22656236464442894
0.2379385241616024
0.25726880439248484
0.24617643671286168
0.2364578892106087
0.2612759268686762
0.2349416959015987
0.18997495653146865
0.2346107546713944
0.21933064756251283
0.2397618992073914
0.1883251591843939
0.18741327950917203
0.21034255777002495
0.24788246039510597
0.19905739026693722
0.26740353528730854
0.2096569957317717
0.2762184457776993
0.20568184952539967
0.23502804541484798
0.2604742939506575
0.2070651928655208
0.17720196577423258
