0.5427527910131051
0.5142252910570686
0.41394671777538256
0.41405036358827074
0.32512162087075736
0.31379623459043826
0.2597619153543853
0.24925471414418507
0.17837343461390542
0.17769497493310943
0.182640567895016
0.11153695627859508
0.17646918911632256
0.1511677909628974
0.15989571969632005
0.1199094642015471
0.20778829001383636
0.13975783031347325
0.10033872875903782
0.15826803447169366
0.10980891263979957
0.09242967052029613
0.11925643353057884
0.08673208984025674
0.14998849885970406
0.09490589912964924
0.07592717311187604
0.10997413000469633
0.08631797709986538
0.07209295517413232
0.03911988217825367
0.08975742020146191
0.07606294460735155
0.11829273561517455
0.06818639419676543
0.1138373513526237
0.10554620469697167
0.049944350002540834
0.09046878745371628
0.08931814699119209
0.027211403009250085
0.07443807519364594
0.07638526539569032
0.058435307980280723
0.07303924551733902
0.03716288530401134
0.053127213558189966
0.05552856216110676
0.0727477189385633
0.03564271196045866
0.0476512995101096
0.051094450619429244
0.059892684265266075
0.04681830441593633
0.06073696418928256
0.059311064352234155
0.03469087180132756
0.06855594998967106
0.04239346827752531
0.048832487709265356
0.05374784087593306
0.033536255276737065
0.042587866888207385
0.040794949749686456
0.03442787852839839
0.04509267637112065
0.03284190163945446
0.042577191965198276
0.026596146283229937
0.04813624287581332
0.04324664663875014
0.048728149626582104
0.02851234120036224
0.0665569022073261
0.03861450375078958
0.018326353075230464
0.022420736096526856
0.06319567312870182
0.023520401019026208
0.046376407806453336
0.024150886819873547
0.03993875292076347
0.0260097343583721
0.022076788377018822
0.04335101926621636
0.04466803244288813
0.034141953004545304
0.04070816261953229
0.016233579296177
0.024139630712767847
0.030893844198886706
0.047534532662154405
0.040354034523316026
0.025707826584300618
0.03956810778135965
0.02174691015466171
0.0431325921397752
0.043589303516455
0.05190539102400996
0.029241713348480063
0.02219456273412294
0.026841043722336404
0.038967278085485044
0.0467543009863529
0.043637530658727774
0.03401668292740048
0.022377428877708112
0.019201456696837652
0.019970961241767386
0.02418950856466632
0.01831895171301912
0.027738198017537047
0.05424034912758755
0.04240002946096081
0.02972681214749236
0.040898349350826056
0.01761104432969785
0.021927839986070966
0.026029479804135697
0.03706412756962746
0.01670601729616637
0.030813762547099815
0.019431255922604397
0.031317778070391454
0.02296928906309437
0.022636403828860084
0.014766913314983945
0.03680137261136342
0.030765713686814182
0.01833842960546286
0.009557758286055106
0.017225228779809875
0.013064423580913332
0.011406844260969055
0.016591457225737728
0.01725686681090812
0.01611170809369751
0.028269754949762877
0.027528256876724555
0.012416972551583794
0.027132952218430234
0.019197658341770847
0.017433664235455927
0.027239256832653286
0.012437101634605955
0.032582276128073566
0.017742548447107927
0.016559972407012773
0.012067973849188689
0.03673225279371035
0.02262588310128661
0.013875054372701454
0.022122767130736538
0.02820381382449027
0.01425690397065621
0.020442211407217376
0.0317780281781293
0.02651709388413
0.017563210628406763
0.019617828195873384
0.022269810085208265
0.01680797776435721
0.015103368075984783
0.030928143462497986
0.006432248291961104
0.011355921510280026
0.01165479750939998
0.027239642721175145
0.028795758303152175
0.01636935022851664
0.023810215218510723
0.018623484715269804
0.01653350112150794
0.01903122835613305
0.008338245105164458
0.016955400632988903
0.012170786348939021
0.01481267641376254
0.017632946927432665
0.017963222948398798
0.02996956652407117
0.012579987271370548
0.01704090907304747
0.008405383470099694
0.015640832878092675
0.009562736612602074
0.03617133624201096
0.02029475953367147
0.015306117033376804
0.02230237290154448
0.016866166089735977
0.009592028581373913
0.027919947789981376
0.015612006549488185
0.020469231096425032
0.011220147447953101
0.01798552490045071
0.013107131878401118
0.007529166296061829
0.011537448684828176
0.014119990991928927
0.025713594255139
0.013747744527412781
0.008804889310925764
0.008732058248069037
0.0111897032270908
0.018053427678017233
0.011217553914997914
0.016573239733838268
0.017891720691257527
0.014096183471192217
0.028017802647980372
0.008836503534157717
0.013955459972592024
0.011753439811054863
0.008392435535232372
0.017039377058930896
0.031313552134505984
0.020599884874335287
0.023010676694464032
0.010157752555426548
0.017581436871334268
0.01647530162181726
0.016050471245088342
0.018864883543585544
0.01842779415769428
0.02016308566725825
0.023540555858568388
0.017622972684153113
0.010807674517676873
0.013024228053854257
0.017092009159891546
0.007678046203198487
0.013125988738284527
0.009637222157251893
0.01120864059665825
0.01307070133783578
0.020975658347605265
0.008649356292702703
0.020352131039498806
0.013846390923031165
0.013778301770187306
0.012240836449825722
0.006996528690381495
0.00924431934499831
0.010484045142546727
0.009125510356677828
0.01341430721063983
0.010180866199703847
0.01047997984579174
0.012024749654530592
0.013044321909642035
0.006586800307256241
0.017224994260173244
0.009076935644561515
0.009453089748073597
0.01872469438558208
0.01749578293887211
0.013246740420787684
0.009712607248889308
0.009150181283827868
0.008381792078492777
0.011207728379617293
0.01435485126619634
0.022403022615271474
0.008537832098538808
0.009683090354617042
0.014581448896771858
0.012373576893179573
0.00695089440951645
0.009981231053015707
0.01339264509038097
0.023189857280703035
0.02186825127221443
0.011001330641828653
0.01364109002610571
0.0035130446733637596
0.014334350763872974
0.011715674836407364
0.015705393547455235
0.013903078015337083
0.007436715988679191
0.018838408211442136
0.00980312748465801
0.02344594920259844
0.005714393676576822
0.013037789522649964
0.013680480503305753
0.020219399262669194
0.007780024731574792
0.008374057258736464
0.008987748226974152
0.010713137605478314
0.012486320046535025
0.008386119518905548
0.009652433040399143
0.007821274391519558
0.016167911136047795
0.019482115069489707
0.01202389224281809
0.016388293065251438
0.006479778355100602
0.009445629781108703
0.00861959211199605
0.023219915911929158
0.018334428121472294
0.024308278600843718
0.013553681381666117
0.005637083043136264
0.014754427055486968
0.008993617297438772
0.01601332886311905
0.015871093601857265
0.019767336660949993
0.006433892392234952
0.013239972286358054
0.011180742171453201
0.013989953800053367
0.00998567017265788
0.011219379955899774
0.010737332748353137
0.01134429639359496
0.009339413568939813
0.02235972344353717
0.019597474355867554
0.006346122547789994
0.01006113263508645
0.006027659246953308
0.0074819596229804995
0.010967438464390241
0.008628040988514211
0.008456707510140975
0.008806267401519737
0.01718973859707027
0.01298600215354962
0.015387093383500212
0.02297789331675717
0.012404496818754714
0.011317886375891803
0.010743445441014422
0.009898143736529285
0.02465006829559606
0.015326924495388134
0.008046374260222271
0.013018013362683128
0.004193001390743921
0.02399258498105241
0.009279851897887683
0.012328359737797164
0.004616438688303004
0.009642693924276196
0.00753040990978915
0.015437436575555902
0.014358850173253907
0.011364041500379432
0.01312049046345351
0.014322059266315098
0.009648652055398246
0.018457339914552805
0.010044904828943869
0.018418982298486267
0.010795181623220584
0.010509082312277939
0.0162949320906683
0.012848190235069607
0.00999859442078326
0.019357792314740864
0.011819961513323086
0.005332069545199497
0.003689736796347887
0.008735533068988844
0.010171059191404588
0.016583880605840574
0.013573074630429064
0.01078422652480968
0.018515327058247013
0.016510555968073527
0.009769743804997177
0.004115854487965509
0.014614938169147773
0.0074552981712395164
0.005324874854706165
0.00947237116232263
0.013550816686641987
0.00578931439366768
0.008305260700150965
0.007691165952298418
0.009561906234201256
0.013280290954746966
0.01155283336689912
0.013263143601285141
0.01706051604585586
0.005116978952570139
0.007529785775523613
0.010152154729148063
0.012562897445047566
0.0066467645672655794
0.01991728812813525
0.010566003233047103
0.013599317761351409
