1.227731629232548
1.0497833870665672
1.0238503849784233
0.9901922659869818
0.7203139716500988
0.851325314421925
0.7707987912118839
0.6649858410673536
0.7023028240006219
0.5753431968292386
0.4744634092355244
0.6915321552324951
0.45615300529975195
0.47866346422472283
0.47690519677224225
0.46944088182527965
0.4148078433050869
0.42428297332493525
0.37267234267067134
0.41920458854435133
0.3516105200214889
0.34554138899395204
0.307771530274927
0.37434907220080116
0.29452253586874144
0.3005206014471371
0.33469393287154825
0.3091138234353107
0.29201999436689347
0.26776190150848495
0.31005102075264596
0.27270923444481865
0.26604958915238375
0.2717242218814572
0.2916836584112016
0.19780224457887213
0.2571050417989301
0.20283551048874204
0.2143558694524271
0.2191407232389717
0.17818759447836924
0.23271723126917068
0.1940088224592414
0.1891522979672523
0.2141599565998548
0.16019277486198263
0.23555334383817414
0.2259596354560082
0.1757523303078748
0.17165564253657145
0.18556037680987542
0.21043274843523982
0.15220533744172796
0.16208526382540825
0.1959184216434092
0.14157917893188468
0.19208884822616423
0.15577653455620788
0.12299777844197453
0.17653487905050938
0.13095814638964157
0.12670741241665764
0.14576765745970777
0.12383585343458259
0.14008239483124105
0.12660843769521346
0.08564340460779692
0.1410053783926691
0.15941425851670846
0.11294571468209051
0.16030580641470113
0.14687482962775958
0.11742247037611939
0.10887351332508466
0.1472035047331786
0.11822551566784131
0.1643081621200066
0.1508290141294141
0.10389981034410001
0.11542821410082962
0.09547741201821756
0.1294608559042232
0.11222308650028949
0.09561091631797675
0.10208350297195848
0.10123684813469355
0.09314751629393904
0.09166881975222685
0.11039743333316154
0.11120322710393549
0.10505484071348162
0.10322036045549579
0.110856485989857
0.09280067712332804
0.10852743639802191
0.10191713700307285
0.09287757482609975
0.0824336490794051
0.09794796152811638
0.08777259768844894
0.08964344301950086
0.0924095862428401
0.06818469384301758
0.13576133651511052
0.10311807585198873
0.1044727986308686
0.06340527910223505
0.09286543979881026
0.09455812085051163
0.08040265268721589
0.07931190847111197
0.07967405545280884
0.06635940661938268
0.07264931633335295
0.08553108145889363
0.06999399274947989
0.08949595949347298
0.08546280899583333
0.08385292974936562
0.06858519408579455
0.09610239475394027
0.06769366296384774
0.0814339661926107
0.0934320315355085
0.07550687553871865
0.07741967536925518
0.09393136873248595
0.07057703387122241
0.06113326277903447
0.08587943138423593
0.07067236670169022
0.06832125056302867
0.0652258545843744
0.06609610486902555
0.06824784755263578
0.07078426493844596
0.06908441610177765
0.0921188861983572
0.05172139348790141
0.060168022209646996
0.06764922556787861
0.06681918499970055
0.08690626515771208
0.056880519263989425
0.06348836661528048
0.08050364603508406
0.0575337473373881
0.07222485134691349
0.08925171605698834
0.0639968259927863
0.037487570472634
0.06172383173975395
0.08368635280939049
0.06748856673991481
0.07295775953162574
0.03892481576639377
0.06977821109256707
0.05754712137246513
0.07239304738386007
0.048763993266268874
0.0703591540377432
0.05629995681879357
0.08476426074047579
0.07929455132649736
0.04061443715392549
0.0860308142784865
0.06179440039445446
0.056740095106877365
0.07215956314875038
0.0751333247754193
0.06126653350912975
0.05371703002182872
0.07326944911494326
0.05840170889377307
0.05591345926768264
0.08885457937767215
0.05501528850506445
0.055990684063189064
0.07772013856232739
0.039124650895192334
0.07630751922391307
0.04282502321634467
0.06809333788488649
0.05981073901457841
0.07700201984275593
0.07210765603322505
0.06373014572294788
0.06181644841793994
0.05998412758205154
0.048719355592025594
0.06616742045160726
0.0595695611398663
0.053818613432121756
0.05192288260045704
0.053050600496917885
0.05015457282651377
0.046388851981839146
0.05048988156483005
0.06322564720113576
0.061996799515102674
0.04871318498409432
0.05677253914754119
0.04514974154761067
0.0380531670530364
0.07858823612403318
0.027212020354074568
0.06736487674380622
0.03317720854647523
0.06720838117976706
0.06012244746852875
0.05401464327194296
0.0592235978849179
0.06160169275635091
0.044310906322283634
0.052538627143215964
0.05879447297558395
0.05399346289829612
0.03658010670548259
0.04609829939272923
0.05237244250026488
0.055789795714754044
0.06450329050565183
0.053969684693544615
0.048254503869142054
0.04702508120586352
0.05849315908024153
0.0468130643014923
0.049357532553078745
0.038506548977484706
0.058830985901539845
0.059479689743920164
0.06017233975799154
0.04987053173572246
0.041349878303859014
0.044665220558137
0.06267757809617508
0.05288843616547354
0.05017870472349835
0.04739261885994657
0.02500903302456643
0.04198175453907224
0.05883461080925587
0.036485138390270413
0.04225655836673447
0.049858550604091105
0.06497753673414483
0.055253551811228575
0.06169821677947699
0.07082157096031302
0.03947585833072931
0.04068510322456526
0.044842213120784125
0.0534382956976703
0.042488586755941
0.048626899156750523
0.05456195847820529
0.04489830903525631
0.05154814861013078
0.06230833315707485
0.05299082303647111
0.044788441341154596
0.04597562351411772
0.04176801264215915
0.054810959346425006
0.05614320471903618
0.04030735353460503
0.031885466303618513
0.06446148549794078
0.03221602424617322
0.03456995405221931
0.06268525061619457
0.043449158281266095
0.04074999939238438
0.04635618650965132
0.05184135859116219
0.0450930164291525
0.04055436979524024
0.052673493404666816
0.05456208704175212
0.03460974580402994
0.047913277397926994
0.038508928114855026
0.04585873657294023
0.05485010586803676
0.04095363633679096
0.04996164620072476
0.04441732530353116
0.03819535445690674
0.05167600829659833
0.04072735539606551
0.048438328992762056
0.05181891735601104
0.05140046995594512
0.040205504814870965
0.03972387589297402
0.03715185929980844
0.03407955396897725
0.04858268552507588
0.036867311109040575
0.048241969674957697
0.041171458910373215
0.037271883616794246
0.04291588144739226
0.04599116262543925
0.04610156550907772
0.04213809368688458
0.05349229791957405
0.06634570736965303
0.03701429420268652
0.04386091017577888
0.03932677513080369
0.053797397184716086
0.04717756312931557
0.042485192357216935
0.04887104972291535
0.031865420511668484
0.04170347960327921
0.04275276074679436
0.03499108983406636
0.037018457319820966
0.04369859684915313
0.04949714676068269
0.030334930229157425
0.05191397994481166
0.039818689827640294
0.050428106417553034
0.039347525464291454
0.04332934267508072
0.04455661013721722
0.0330304101920932
0.03501136574378784
0.032602697781231184
0.04385177193336568
0.05051127536953757
0.03442366917275412
0.04201819069255658
0.04887646120978444
0.04378398615735396
0.038520318757515014
0.0492408044346774
0.032290613553297605
0.04672779677964737
0.03649266232272076
0.041298401657668966
0.03210193573684929
0.04592155195295703
0.055902551431751525
0.04237865583237826
0.03672300981802961
0.04880609194523281
0.0483554070211295
0.03755722612174344
0.047941550977228145
0.03844382031062304
0.045588231287680574
0.04211217900545244
0.03686051753545934
0.03597356888076611
0.036704656588673355
0.031744353225239316
0.040718306303210994
0.03320439769121718
0.03486788767128906
0.027516600472975983
0.03894670988170389
0.03746733683101671
0.03114139664120044
0.03143032644750209
0.039688320055712045
0.038581532215884215
0.03432509595388363
0.03540865926837597
0.025620259441299982
0.048720656590177214
0.043932651600328436
0.02702408624688022
0.033784726697076786
0.04846581499410349
0.047281910800975754
0.04418492277926127
0.02998270952317767
0.05409564143245486
0.04321057434034785
0.05407313007599758
0.03698888405756273
0.03008847246501899
0.03694364080560773
0.0400277441728565
0.042207265864057195
0.04423935654127743
0.024514849942566693
0.037565904416181045
0.045523186351120196
0.036870062488184016
0.035784685862660495
0.028149517658351643
0.03355082624636286
0.042042531879619496
0.048669595461758225
0.0254569302676241
