1.0015731385022402
1.0045196875631812
0.8825228886514902
0.8527362867221238
0.8445941289484502
0.8355299832910298
0.8427441773205994
0.727638508976996
0.6926517699375749
0.7345973072811961
0.6749355083227158
0.7034381312102079
0.6170016874294728
0.6581524472853169
0.6512836129397155
0.6110075232469476
0.6647547526302748
0.5430766252838075
0.5076179222888314
0.6081649204671382
0.6089764099195599
0.5776897890508174
0.6238045764192939
0.5930611858688296
0.5739698198870291
0.5146433705166215
0.48907233787681903
0.5351273028064518
0.49208774405717837
0.509607991027832
0.44231854132062287
0.4845390348377637
0.47790072616136153
0.4749025205358863
0.5398183246983215
0.5229285826011562
0.4694066668836866
0.4776181025769562
0.4977364046944305
0.4775124607203762
0.4742690055826445
0.4610692052261903
0.4194834236264229
0.4532064760612557
0.4638582364325877
0.43248405053983446
0.4514819459028542
0.41888505628500133
0.38604211106365544
0.3951587696479983
0.41511085017584265
0.46307423779513923
0.41417054441365836
0.44187156050033816
0.45244017376601703
0.4225899098023772
0.40656274102377365
0.42221425791196526
0.3955144173237975
0.3639764057982946
0.37457778767785055
0.4367061346717179
0.4408682444122853
0.398561853069812
0.3967692675365135
0.39688811674325264
0.3783164214292279
0.36048620064845316
0.3701314689185849
0.3096552052176616
0.40903600024729964
0.3136516722050079
0.3553499230819056
0.35346541430626965
0.3132185811866671
0.43852942828014496
0.41528500666767354
0.3014435494171892
0.3927166103523225
0.2750941881530685
0.39959299720842395
0.350478006626293
0.30692546730827885
0.3719112002144102
0.3431961376343621
0.29010952661104966
0.38985053422028143
0.2700341015474056
0.3003939733597013
0.31351961331875067
0.35609763823407414
0.31013565207880045
0.31788335145717356
0.3047594689932499
0.354189040064998
0.2409093258707668
0.3313287291165441
0.3491006339216604
0.3056679942695394
0.24853356768207893
0.3345938661394641
0.3486569484273903
0.2973370374333579
0.26567180685290664
0.31721093474855155
0.2845429574285154
0.3250345533550597
0.3509374655751395
0.26477742458609865
0.29666658668536694
0.3161290917890146
0.3323327310843859
0.30115468566962955
0.3034963345168159
0.301732408569404
0.23648349862903123
0.29451629051261985
0.2548617692754852
0.34472370225459203
0.2617148615239683
0.279450460639759
0.3140849536467111
0.2931649712846207
0.3030338098217152
0.24391031508045274
0.2923959510054672
0.2252770249877547
0.2773751265543251
0.23058966796411112
0.28146673249671583
0.26359688097785694
0.25946864790657126
0.28950451263699
0.2481694174194758
0.2438698000000691
0.25837910998470615
0.2669301573534336
0.2673568043293548
0.3286568493836152
0.27659519722744597
0.24484086638563607
0.25374845637379184
0.2499236057573231
0.20598855313919268
0.31091812369853733
0.28862559389771486
0.25912099915950065
0.23840989899803655
0.288716301493143
0.2437774490982294
0.22877548957703048
0.29375323146663873
0.224543106128872
0.25986522138774254
0.24334168540533208
0.2687354113531083
0.25235015885386236
0.21641842450125842
0.24708566905828772
0.21429875764026657
0.2224995619185659
0.19484703959524285
0.2326264930826965
0.24992190871320705
0.257064064552082
0.2373314474746127
0.22309444539627005
0.23972069610962712
0.18352997005511862
0.24507131853184605
0.20856602280791847
0.20873546149208252
0.2767446005599573
0.24209715685583638
0.2644999430874766
0.26341451852442255
0.24590494983435204
0.2467546536759444
0.23715139880132635
0.22082332865325355
0.2253256718882352
0.22232375852030817
0.25586452536564325
0.22434412081004124
0.2524250651713141
0.238848902131171
0.2218087597573292
0.2386983534048952
0.27153932824832155
0.1978352597527118
0.20721852479136102
0.22792034467702654
0.20994277761516744
0.191278748137476
0.15793576979395532
0.2282117519786698
0.21062808125119772
0.24113406407156748
0.22996463401657524
0.2072135189815541
0.22842168619874864
0.20567161271516293
0.24402860105112195
0.19842006247887914
0.2037571334423806
0.22225751471456606
0.21346535277429535
0.2006486808001892
0.23828013132543852
0.20497793831586603
0.20943141174724653
0.1665095031300363
0.1843898120163991
0.1882878525369679
0.2404398833503115
0.19602901255770122
0.19817966041711962
0.24420061652692965
0.20453520829972405
0.22884008225853208
0.19134325638658323
0.24480844453666356
0.22340424812339332
0.22792173587813164
0.1907025721737533
0.16354630831075195
0.17985442204805224
0.24022569110979095
0.225539563791448
0.2334831054976792
0.2121962000884688
0.2229993782703794
0.22156411256609126
0.21268444503108555
0.1895807792424341
0.1598972913147365
0.1790131412100498
0.23047926982166828
0.19364713124305707
0.20912584806381015
0.2065064419439528
0.23379453108634332
0.15814411017811617
0.22203264008568366
0.19887506620341447
0.17100380516118457
0.19137710376448402
0.18602302771957907
0.21054778545022784
0.15753506535468384
0.18239298964088377
0.21528356019372613
0.16383678778196226
0.19894146200560986
0.18503273609630086
0.19349918743742614
0.18860570895475245
0.1822054179263963
0.14995475281392284
0.1672111951271897
0.21417964425259267
0.18873516657952705
0.17789205944020867
0.1983343585942646
0.19613948801573095
0.17453003481280466
0.21833603953925046
0.24682140342998463
0.14519568586437126
0.20560696555001026
0.21755925120177144
0.2057562265619496
0.1917337434526276
0.1842190517986164
0.18710740649579088
0.16388614795573378
0.16131493131406605
0.1876641283571211
0.21563785350922263
0.19997309002205732
0.20262655446858843
0.18416325366361633
0.2027812972228916
0.18070939196266697
0.1866318629214884
0.1693704891687186
0.16988375969420594
0.16264629983381457
0.19436904871850275
0.14644047733681004
0.18666342053910484
0.1791448920982759
0.206765705764899
0.18359676312638912
0.18569827124773292
0.17454841654218614
0.20218005218327165
0.18800520965140094
0.1538197672300643
0.17738867038470052
0.17572581242575253
0.16775773697199234
0.17624871645583629
0.18109807330153999
0.17611318781702137
0.15721205061376647
0.17158029510906486
0.1936242899908917
0.16518938992086046
0.18174310749889117
0.16232197811842916
0.1781453407396263
0.18864079630600755
0.1917180684215526
0.1474664553738461
0.12786216028790917
0.1871532577223843
0.14098530686238153
0.16193881452404119
0.1859657036341014
0.15921330931744015
0.17472339235631484
0.19589563770966778
0.17719068027204485
0.17141386058354033
0.15976567804220104
0.18066696545523114
0.17596895612482907
0.18861565297550992
0.18783888990789463
0.1736950564178871
0.1607917428053657
0.1722842259656383
0.162797424273027
0.17283080623774602
0.15762814500052916
0.1684028415673121
0.18903738497484007
0.1690317511934656
0.17850177892401756
0.1564869989049781
0.15992206137383966
0.16413011405388825
0.14925587995675813
0.18185232875536897
0.18699077021775667
0.16357307817101535
0.1596451637373626
0.16954544677516098
0.16271724732785178
0.16893355528222745
0.17430886900730255
0.1566591879514366
0.15607097646170856
0.1828880180132575
0.14897416304912386
0.14201073999185213
0.1661685780224376
0.1474373509253128
0.14634772434716287
0.18604161702380517
0.14270605965044397
0.16322088422513623
0.17150087259635405
0.15647463267990966
0.18059745434345584
0.16222571713686118
0.14966720603760195
0.1736893021999742
0.17568337712287613
0.14003426073644848
0.14963303427526553
0.1763443521324712
0.15869573305932422
0.1735749503887506
0.13443344798604084
0.16915752654694477
0.15052877622436206
0.11167516992483924
0.17619854230470663
0.15682052731791069
0.13599801071388082
0.13371760816763273
0.15903232383342275
0.15133913200929636
0.1288502389885136
0.14701071057193846
0.1724169179669334
0.12451178298673586
0.13556953631548552
0.15465407954626972
0.1387834292900341
0.15286245208143373
0.14824785223522918
0.1520291525786059
0.16557973375935692
0.1623238149414829
0.14224433032981035
0.1505442261585413
0.14283113418371868
