1.078647410480734
1.0920191569044007
0.8496436794656418
0.9658468582148046
0.6986261125168757
0.7555355890805546
0.7205929814452305
0.580577487941728
0.497737691238315
0.6010958829732418
0.5614049062500845
0.4796501604645897
0.3928234645054535
0.49491366938129105
0.45827293507047384
0.3575262253988133
0.3617691798776956
0.4339256009501751
0.3749017982298435
0.3392689020117771
0.34576842303358907
0.33769852764558095
0.35161242360907613
0.30238048347434343
0.2727392845090557
0.3000236584260015
0.3060085610773871
0.25918040458673464
0.24505953897333432
0.23038748046972096
0.2752345059887163
0.2960025372365715
0.22826821898851155
0.24024749162575104
0.22305378650331947
0.19624852959524958
0.21810508223072614
0.2282436626740605
0.2187829365643772
0.2049252819398016
0.2043478746527947
0.19539634238698583
0.210353179855678
0.1731990210949538
0.19692633944314955
0.19929311999660498
0.16112445282636736
0.1461865061158908
0.1512083494147788
0.17893195043375512
0.16585858772640585
0.1847324675006724
0.1753609642137706
0.12863297333636842
0.161323977544006
0.11313706202681328
0.15025117249291797
0.1303767000768637
0.15337253709477452
0.13740222028291665
0.12499236034453487
0.14386239491998534
0.14180723770897963
0.09117910013607669
0.11714439621015468
0.14045681512821512
0.11533610542994574
0.12285139726243192
0.1347488733111753
0.11929362266149228
0.10512909444066794
0.13175277586747577
0.10903914597913819
0.1128865358029626
0.10589125973874344
0.1372095576215203
0.10633584097374411
0.0924960804976873
0.11043485264067385
0.11874043172077817
0.11041874310496769
0.12179020176305237
0.10501526969315138
0.10938486471931559
0.10825647677022507
0.08688659636654929
0.09421952166055439
0.10181062915937944
0.0996490599516784
0.08343016872799913
0.11688765009574768
0.08101798939825998
0.0880927615930807
0.08987251471676291
0.08395860370793007
0.09780045744909312
0.07333989836976999
0.08782552053136587
0.0794350633019065
0.07527630085319165
0.10034161100753665
0.09975210271392121
0.09959638345360548
0.07527896081107269
0.09983694601122625
0.08824275379925389
0.06140827260767042
0.08307663398353747
0.08995988977707815
0.1011435322474296
0.06241182706481886
0.08391729750086405
0.0602780525371565
0.057772419114498465
0.09604453437007886
0.06908965240116775
0.05089909684600724
0.05126327176323416
0.0846793371383509
0.09846756552616034
0.06920825825799684
0.09329882456639646
0.048216714922724904
0.07360362928392593
0.07188630283217431
0.06127805214893759
0.08963214060911409
0.06995011262087113
0.08572241369467468
0.05556375464831788
0.07067508767622203
0.0653527261402215
0.06686085871228256
0.05076534460838825
0.059540228120538406
0.06753840580938204
0.05295525021523053
0.05353130101027807
0.06330874777959652
0.08343338871053166
0.041485732392537715
0.06829891324278643
0.07181615984854255
0.05684217366081048
0.07497071546737333
0.07122436018718235
0.06748739328174734
0.07231278286268014
0.06572532481892215
0.07478551113160027
0.05011519250764036
0.06210747726137519
0.050512661732373676
0.04791530468138651
0.053858473047588874
0.06591026732071226
0.0732298147120238
0.060897445370808434
0.04821765236325532
0.04869891088708142
0.052415498947408955
0.05793317187037772
0.05121609169389717
0.060938613712487724
0.059200590368032734
0.05939682795577185
0.04451219400039873
0.06304610459029691
0.04659839849141937
0.06208655364798412
0.07534323451758254
0.04368006689026957
0.05764083007340707
0.060900569452491574
0.057858092406586945
0.05023868311277557
0.059126505605896364
0.05065566785963006
0.06170394015416773
0.04822434080771578
0.055590151869175486
0.05023599680957928
0.054767216357365235
0.05087304042077166
0.07509670556885328
0.04907169561723488
0.0552967380886714
0.050423000550158956
0.0562793218979354
0.05504090473654445
0.045901646200090525
0.04476888946186303
0.04413744844463815
0.04920714341976922
0.06740241765652756
0.02905098982138294
0.056151747637352346
0.055580107292175385
0.05599426022881816
0.05018346589658571
0.04903295402986248
0.05877198559949791
0.036893018399958954
0.052702732336640225
0.041712409365992735
0.036896907344621116
0.045050108324777946
0.0466128214279753
0.03679246272336921
0.05764751865871354
0.05353215685972725
0.050255117922334315
0.0405876490826803
0.051676532190802184
0.03485923857684317
0.04944649812033859
0.042918075919060314
0.04179527159021099
0.053546174692112126
0.04847611163737246
0.045707152587162646
0.06639239675184573
0.02993112977147483
0.05082251613659956
0.04638306548073048
0.05682711932749753
0.04494178668385742
0.05148888528297859
0.04219646805580913
0.04679584478482596
0.02894646324333256
0.05320357125691953
0.041456514834259765
0.04819104098764253
0.04421755847836119
0.057496741458093005
0.0560524635469923
0.04002536909537982
0.04337320388731934
0.045036875727404564
0.031945743506908965
0.05000383943449342
0.0500098476522491
0.05306108794891603
0.043638918559587826
0.04659399223089027
0.0489511470220598
0.0283682455946374
0.03682444703554027
0.04006682472478644
0.03832031460571291
0.030027337721755552
0.025525318123514863
0.022177807484072696
0.04486765995530806
0.03832721553143232
0.03350155860053762
0.05181041740087219
0.03227971494100958
0.0364350298633947
0.04907375174004406
0.039114109060936327
0.028347364998715985
0.04441932651679881
0.05308166806037591
0.0376342046007225
0.031309135150730485
0.048875004372780376
0.043287407939570394
0.041977051821490266
0.0468846333756676
0.03551191692795465
0.05173254989508937
0.04777944860030401
0.036762838978365325
0.03772215561657614
0.048481042642487114
0.04009954076088404
0.03850995423232017
0.04362148091825911
0.04447957324325037
0.038826913517999787
0.03475348283026021
0.04378044523577897
0.03920140491976991
0.0300372620014555
0.038345865805776744
0.039977444661248196
0.04161329587815811
0.044127747332102465
0.04634143837385768
0.05138271643293281
0.04717432670092
0.032627665074832876
0.0425465498313833
0.02089857242191598
0.04147704533568767
0.035938416495500676
0.03950394755925507
0.03573000129818513
0.031447779526336754
0.04432474282226761
0.039312394006544245
0.030986637320458726
0.03274292074780312
0.048379773782576234
0.03547499355922777
0.02801796128307668
0.03737751374738142
0.03885044430487831
0.03591469050581864
0.03426827516325424
0.04397780935608446
0.049309832150353027
0.03864746137861875
0.034057893979302485
0.03274000703498115
0.023005765563534106
0.03579779155829868
0.03651085135270739
0.03131323318735461
0.028110749079831153
0.03174682148823459
0.047951170437026305
0.029964425347408914
0.045499645324325204
0.026506097258700723
0.03461661690858755
0.047370013065542435
0.028999619017155524
0.0452997979265568
0.042651977285073035
0.03317956261404915
0.021646875281868164
0.027995538846423768
0.040128595375955395
0.03473489021627525
0.036542699786321596
0.03459175592115114
0.03792697942402524
0.039523896282245556
0.0341049605200498
0.03834678595907362
0.040403569906331746
0.03258136985675608
0.02793834482102195
0.032443586902678546
0.017820245624852883
0.03750616573130706
0.03261292075981463
0.045735553770757574
0.03537439628820148
0.03366081432530991
0.03662602108481551
0.03019427867926606
0.030676794390177665
0.02986358245072377
0.03513918788229413
0.035249371913369854
0.044533163041561886
0.029420733372109688
0.02702040342444672
0.024882910213223565
0.0339035343027098
0.0384189680922546
0.026623965473826866
0.036176860787281946
0.03396813493704726
0.035755829594463516
0.03407724291883873
0.028941917708712843
0.028626531191211797
0.03718577813544296
0.03659280882536274
0.0352280080649728
0.02731841634601719
0.0309511889498445
0.032770506546042785
0.04120111145028253
0.04335797039051846
0.025010330349957144
0.036360863645141794
0.03725005754546136
0.029051041228963948
0.03162406960600996
0.024020770185089725
0.042175890784668976
0.030894264291554823
0.03233256703306724
0.03976492996875858
0.03788351007653225
0.021978741532985333
0.03767108345265062
0.04084361465752919
0.04395274745757105
0.05099700776187045
0.03441371809770542
0.027935521701604467
0.030519989221001565
0.03089789073127745
