1.120325219999726
1.066108436678968
1.0632396428359716
1.0383251003015759
1.0725949665831356
0.8805073497647913
1.0148725482276297
0.8828263809213913
0.9902559213392964
0.8515721265051959
0.859832045284852
0.7429274648725817
0.9065702974457555
0.7341283915750103
0.8649942724841108
0.6725244678785707
0.620453103052029
0.5606302705424495
0.6607139896572363
0.5079032938400753
0.5573823733743227
0.5122895267876718
0.48188715268034094
0.4159454451819361
0.3546693677518783
0.35154677283636393
0.33314170926778836
0.3116545754577336
0.2909385306827492
0.1822016549579682
0.3433120974590421
0.22261745721981532
0.26258326402737403
0.17423269753707116
0.16763664762108063
0.11312118834793514
0.1263832114184723
0.08855887631610225
0.12403707678654216
0.14325209867203026
0.1766988322772383
0.1348420449921247
0.13315117809342158
0.14203571865357972
0.13166831468321888
0.09856853282374534
0.10785695735140084
0.10682207565112276
0.12757318068650114
0.10148283014127071
0.11993615574854041
0.1168046015007566
0.06848666273808493
0.1191242402130741
0.12490452780047556
0.07470717859061402
0.08663767814919056
0.10314123954401377
0.06624060993123168
0.06026836253262665
0.06463048317480016
0.07978622509170047
0.10067279800798483
0.10985448581331618
0.06552040521373761
0.09617283549732694
0.08915723471107467
0.0873081867237686
0.07128265171793574
0.07164948739711335
0.07898616357880597
0.061419839740430936
0.050266757443405016
0.0528897569253247
0.0940069725225143
0.0765738875971593
0.07587280697192059
0.061096327197268
0.06456689995794236
0.06744110012092627
0.04568205092128132
0.07010711278643114
0.06320012077571627
0.04121547746106199
0.06738662944795847
0.07083535370707113
0.041451122406619356
0.042600187949830295
0.05932616911665779
0.07061695203473538
0.06802654561149236
0.04703207644616067
0.05559075183815826
0.046977850719019255
0.05654716278145165
0.04262695191978681
0.046169427751666485
0.04051763967309885
0.05661331575681461
0.03897970658480049
0.040584808856899315
0.0384742668190161
0.05378087762852681
0.04624026860229228
0.035161562730136486
0.03462988557166145
0.04873472741159156
0.043074930879533804
0.05004436024678861
0.0389972745767947
0.046025837256621
0.05968482498055264
0.03244577136486197
0.04044859872743297
0.05925627126397102
0.04873796078782427
0.043565932165346974
0.05187800942248856
0.039551073002152555
0.030140113222916605
0.03567211657681783
0.046584705908997937
0.03438576047570612
0.04333682548202521
0.03599708280348608
0.04998919594284483
0.04145289198965328
0.03350151890246002
0.054457678408403376
0.030048874765057926
0.044870478196844206
0.041863654521566644
0.04480070772115952
0.03114355349885157
0.05370741224799517
0.03506698958075543
0.04847123428817359
0.03644618451028501
0.024975761318721024
0.037703880763917744
0.036431243523553175
0.02916549413987752
0.025549447580540154
0.018246680207283424
0.03234993756902678
0.04179328639001575
0.0338293214654495
0.03983351294547814
0.044986212101302346
0.04061495113167522
0.016129879916279875
0.034564015357363045
0.04400897921504579
0.035442709386116135
0.03411337935766527
0.0349977044161642
0.03417326325947102
0.026301529602593632
0.023656940367932682
0.025641215612198086
0.03342637092089163
0.04172886129707434
0.02825111586875822
0.03571840818076243
0.02871161518145058
0.02854080857878722
0.018684128847237736
0.036760572993390084
0.02850529839678074
0.03139528413515551
0.0336921090760072
0.026559218184386113
0.03317482517399206
0.025473924736609005
0.02318135307118742
0.02206219560387053
0.02757091748861391
0.038402612357028104
0.03385931981835375
0.033087466246227375
0.027975420591417915
0.026457252186068935
0.026656409561824034
0.0319806674347512
0.024015495934571137
0.029227527473627925
0.021109921442807534
0.013936835516632103
0.02672925355516363
0.035226731532989455
0.033981445362353854
0.03697780524803347
0.0278328853195191
0.027683853175156488
0.03396663223182253
0.020778915732008567
0.042058192897328865
0.020996122186850423
0.023945671480019443
0.020818165148411675
0.019272772540068532
0.019215539658723253
0.016636491917456416
0.02662714677279379
0.02922917181107825
0.03173540231095855
0.03868129152122709
0.020884021164135257
0.01569554848261456
0.021526056824393396
0.02527312717211152
0.02503970161507313
0.0232810322002366
0.018829644301961806
0.025155553970922572
0.035597299811118685
0.021106000062178228
0.03066940623518431
0.01101163878247288
0.03179757823167255
0.027676158142638584
0.03024275179430531
0.03235274148495536
0.030684643065447288
0.01803331249894242
0.023928000411413644
0.02366579555987245
0.0222112947480414
0.028321615113821808
0.021046143442076816
0.02989959904486385
0.023110680609604386
0.030325905867784626
0.030695366331459594
0.025807679697130166
0.015290530065878447
0.017184180282093175
0.0158342244706943
0.021732531541934098
0.028142517148325767
0.022450204977068507
0.02030280571682585
0.03137607675448535
0.029750703505659736
0.0146371999506977
0.020297572122781757
0.020797230847375392
0.021641708932004223
0.02429258197499565
0.023367509552244148
0.01697628236200697
0.030428910744565767
0.024705355256837987
0.02258319946732768
0.030135667052841215
0.016793673576229743
0.022328743660175454
0.02115929336584947
0.024777748824020417
0.0196165970434784
0.01948610481159594
0.01637700408827154
0.034748755670388196
0.021627346797130634
0.027870860068137954
0.019225420345232662
0.02418977937481192
0.01883623600436994
0.021839778867121594
0.02476324474255554
0.02820136161357397
0.027988276259030602
0.013405843739850213
0.02405704830791902
0.017295398064570915
0.017349408438529838
0.02107876016088052
0.017935248569053687
0.021955168044497608
0.02659652405904575
0.02640162402522418
0.017650807173868417
0.02638234954595773
0.023481377285279947
0.018231440152817687
0.017269514355646137
0.015584583546984675
0.023299686217409445
0.021066317587298496
0.01632441914674314
0.018071913141951713
0.011024616514843714
0.02351299246398463
0.016361439630611402
0.028264107279023336
0.01706980773999923
0.023330520312036702
0.018361413336081815
0.022140367262907277
0.02359537511978508
0.021635250268629478
0.02709043368086144
0.017004217504965575
0.02436452452832281
0.021914557185202486
0.018352239577676305
0.030025001091430425
0.020582955516541743
0.019796727770606672
0.023408238391534667
0.02020507119676685
0.02636224860503769
0.018130902764551003
0.01753748555270609
0.019868524558773935
0.017344860226450647
0.02926718582240931
0.022200571701129865
0.021259343763798066
0.01917755777535804
0.02370932129817289
0.015706658488599933
0.02373912858873118
0.019591843055504033
0.01672811254678088
0.02672731574527603
0.025018691048906572
0.027923255578330548
0.022101082692408628
0.019440817238315426
0.016487760764014685
0.022765870408336338
0.014566947486828801
0.01698327073335105
0.026296109361599894
0.021183097985853043
0.01793311131168751
0.015402001090261458
0.018350167981322614
0.014414739730503843
0.01619320052728313
0.01969850187507094
0.01567639329596032
0.022860733301847323
0.01937677104405675
0.01820500162970952
0.030162855657397562
0.015197364356866425
0.01638299557913177
0.020372234766805462
0.03147678654253626
0.017755019795784945
0.02098990569077417
0.014625484078389341
0.018713245072126405
0.018037874274276673
0.020788322411454573
0.02259500272437565
0.01523378276171317
0.022304276133580853
0.02610344491330887
0.01813099672990654
0.014818051543562397
0.020109509477841868
0.02046884713410143
0.02214119609064463
0.01650958477674503
0.021021385799550256
0.02054636964479636
0.021558100080516684
0.021455573460923257
0.017472843119173652
0.020083010073772133
0.021136460911021306
0.017400787244554135
0.01681651973138387
0.02406911861500647
0.0111957801568083
0.01386066093608745
0.025815151908284557
0.015597801965146632
0.018087279264954802
0.012287404792121214
0.021242443660144293
0.02096775960704472
0.015987347842026524
0.0204657001561546
0.010381527769167691
0.022312677997937635
0.02856956649692814
0.020626828930225497
0.015679154854398008
0.01283655833644384
0.01861872287097891
0.017941956334686326
0.018707169983133473
0.014470836397416692
0.016294457805434155
0.01771864807832732
0.01702729062586056
