1.2223514154493207
1.008918378906904
1.1527604661802253
0.9158300683619132
0.9989507517470807
0.8337651981266785
0.7702978805336611
0.8650462272995968
0.8333488240075309
0.7835981919630691
0.9195426069920453
0.5735541584228263
0.8831754013587896
0.6419276452805526
0.6051349498662911
0.8052958419077229
0.6456075261077554
0.7358399713786263
0.6272050944140959
0.6741765291023214
0.665216868797765
0.79586071499001
0.6874649593715346
0.6109563541014656
0.4476427256899315
0.6804099656886156
0.5197634772086895
0.613539055214505
0.5458828876817277
0.4627121864372691
